"PlayTime","LoadValue","PositionValue"
"s","N","mm"
0.0000000000,10.0000000000,0.0017032620
0.0200000000,10.0000000000,0.0020275120
0.0400000000,9.6666670000,0.0023517610
0.0600000000,9.6666670000,0.0026760100
0.0800000000,10.3333300000,0.0030002590
0.1000000000,11.1666700000,0.0033245090
0.1200000000,12.5000000000,0.0036487580
0.1400000000,13.1666700000,0.0039730070
0.1600000000,13.6666700000,0.0042972560
0.1800000000,13.8333300000,0.0046215060
0.2000000000,13.8333300000,0.0049877170
0.2200000000,13.0000000000,0.0053119660
0.2400000000,12.8333300000,0.0056762700
0.2600000000,12.8333300000,0.0060005190
0.2800000000,12.8333300000,0.0063247680
0.3000000000,12.6666700000,0.0066909790
0.3200000000,12.3333300000,0.0070152280
0.3400000000,12.3333300000,0.0073795320
0.3600000000,13.0000000000,0.0077037810
0.3800000000,13.6666700000,0.0080299380
0.4000000000,13.6666700000,0.0083541870
0.4200000000,13.6666700000,0.0087184910
0.4400000000,14.3333300000,0.0090427400
0.4600000000,14.6666700000,0.0093669890
0.4800000000,14.6666700000,0.0096912380
0.5000000000,14.3333300000,0.0100154900
0.5200000000,14.3333300000,0.0103397400
0.5400000000,15.0000000000,0.0107059500
0.5600000000,15.3333300000,0.0110302000
0.5800000000,15.0000000000,0.0113544500
0.6000000000,13.8333300000,0.0117187500
0.6200000000,13.5000000000,0.0120430000
0.6400000000,13.3333300000,0.0123691600
0.6600000000,13.5000000000,0.0126934100
0.6800000000,13.8333300000,0.0130577100
0.7000000000,14.3333300000,0.0133819600
0.7200000000,15.1666700000,0.0137062100
0.7400000000,16.0000000000,0.0140304600
0.7600000000,16.3333300000,0.0143547100
0.7800000000,16.0000000000,0.0147209200
0.8000000000,15.3333300000,0.0150451700
0.8200000000,14.8333300000,0.0153694200
0.8400000000,14.5000000000,0.0156936600
0.8600000000,14.3333300000,0.0160179100
0.8800000000,14.6666700000,0.0163421600
0.9000000000,15.5000000000,0.0167083700
0.9200000000,18.0000000000,0.0170326200
0.9400000000,18.1666700000,0.0173568700
0.9600000000,16.8333300000,0.0176811200
0.9800000000,15.1666700000,0.0180454300
1.0000000000,14.5000000000,0.0183696700
1.0200000000,14.5000000000,0.0186958300
1.0400000000,14.8333300000,0.0190200800
1.0600000000,15.3333300000,0.0193443300
1.0800000000,16.0000000000,0.0196685800
1.1000000000,16.8333300000,0.0200328800
1.1200000000,18.0000000000,0.0203571300
1.1400000000,18.0000000000,0.0206813800
1.1600000000,17.1666700000,0.0210056300
1.1800000000,15.8333300000,0.0213317900
1.2000000000,14.5000000000,0.0216560400
1.2200000000,14.1666700000,0.0219802900
1.2400000000,14.1666700000,0.0223445900
1.2600000000,15.3333300000,0.0226688400
1.2800000000,17.1666700000,0.0229930900
1.3000000000,19.3333300000,0.0233593000
1.3200000000,20.5000000000,0.0236835500
1.3400000000,20.6666700000,0.0240078000
1.3600000000,20.6666700000,0.0243320500
1.3800000000,20.6666700000,0.0246963500
1.4000000000,21.1666700000,0.0250206000
1.4200000000,22.6666700000,0.0253467600
1.4400000000,22.8333300000,0.0256710100
1.4600000000,22.3333300000,0.0259952500
1.4800000000,21.5000000000,0.0263195000
1.5000000000,20.6666700000,0.0266437500
1.5200000000,20.3333300000,0.0270080600
1.5400000000,19.8333300000,0.0273323100
1.5600000000,19.6666700000,0.0276584600
1.5800000000,20.1666700000,0.0279827100
1.6000000000,21.1666700000,0.0283470200
1.6200000000,21.6666700000,0.0286712600
1.6400000000,21.6666700000,0.0289955100
1.6600000000,20.8333300000,0.0293197600
1.6800000000,20.0000000000,0.0296859700
1.7000000000,19.8333300000,0.0300102200
1.7200000000,19.8333300000,0.0303344700
1.7400000000,19.8333300000,0.0306587200
1.7600000000,20.8333300000,0.0309829700
1.7800000000,22.0000000000,0.0313472700
1.8000000000,23.1666700000,0.0316734300
1.8200000000,23.1666700000,0.0319976800
1.8400000000,23.1666700000,0.0323219300
1.8600000000,23.3333300000,0.0326461800
1.8800000000,23.6666700000,0.0330104800
1.9000000000,24.1666700000,0.0333347300
1.9200000000,24.1666700000,0.0336589800
1.9400000000,23.0000000000,0.0340251900
1.9600000000,22.5000000000,0.0343494400
1.9800000000,22.1666700000,0.0346736900
2.0000000000,22.1666700000,0.0350379900
2.0200000000,21.8333300000,0.0353622400
2.0400000000,21.8333300000,0.0356864900
2.0600000000,23.3333300000,0.0360126500
2.0800000000,24.3333300000,0.0363769500
2.1000000000,24.0000000000,0.0367012000
2.1200000000,23.3333300000,0.0370254500
2.1400000000,23.3333300000,0.0373497000
2.1600000000,24.0000000000,0.0376739500
2.1800000000,24.3333300000,0.0379982000
2.2000000000,24.5000000000,0.0383644100
2.2200000000,24.6666700000,0.0386886600
2.2400000000,24.6666700000,0.0390129100
2.2600000000,25.8333300000,0.0393772100
2.2800000000,26.5000000000,0.0397014600
2.3000000000,26.5000000000,0.0400276200
2.3200000000,26.3333300000,0.0403919200
2.3400000000,26.3333300000,0.0407161700
2.3600000000,27.3333300000,0.0410404200
2.3800000000,27.8333300000,0.0413646700
2.4000000000,27.6666700000,0.0417308800
2.4200000000,27.1666700000,0.0420551300
2.4400000000,24.8333300000,0.0423793800
2.4600000000,23.3333300000,0.0427036300
2.4800000000,22.8333300000,0.0430278800
2.5000000000,22.8333300000,0.0433521300
2.5200000000,22.6666700000,0.0437164300
2.5400000000,21.8333300000,0.0440425900
2.5600000000,21.8333300000,0.0443668400
2.5800000000,22.3333300000,0.0446910900
2.6000000000,24.0000000000,0.0450553900
2.6200000000,26.5000000000,0.0453796400
2.6400000000,29.6666700000,0.0457038900
2.6600000000,30.1666700000,0.0460281400
2.6800000000,30.0000000000,0.0463943500
2.7000000000,30.0000000000,0.0467186000
2.7200000000,30.0000000000,0.0470428500
2.7400000000,30.8333300000,0.0473671000
2.7600000000,31.6666700000,0.0476913500
2.7800000000,32.0000000000,0.0480575600
2.8000000000,32.1666700000,0.0483818100
2.8200000000,32.1666700000,0.0487060500
2.8400000000,31.5000000000,0.0490303000
2.8600000000,31.3333300000,0.0493545500
2.8800000000,31.0000000000,0.0496788000
2.9000000000,31.0000000000,0.0500431100
2.9200000000,31.0000000000,0.0503692600
2.9400000000,32.1666700000,0.0506935100
2.9600000000,32.5000000000,0.0510177600
2.9800000000,32.8333300000,0.0513820600
3.0000000000,33.0000000000,0.0517063100
3.0200000000,33.1666700000,0.0520305600
3.0400000000,34.1666700000,0.0523548100
3.0600000000,34.3333300000,0.0527210200
3.0800000000,34.5000000000,0.0530452700
3.1000000000,35.3333300000,0.0533695200
3.1200000000,36.5000000000,0.0536937700
3.1400000000,37.5000000000,0.0540180200
3.1600000000,37.5000000000,0.0543422700
3.1800000000,37.5000000000,0.0546665200
3.2000000000,38.0000000000,0.0550327300
3.2200000000,39.0000000000,0.0553569800
3.2400000000,39.3333300000,0.0556812300
3.2600000000,39.5000000000,0.0560054800
3.2800000000,39.8333300000,0.0563697800
3.3000000000,40.0000000000,0.0566940300
3.3200000000,39.6666700000,0.0570201900
3.3400000000,38.0000000000,0.0573844900
3.3600000000,38.0000000000,0.0577087400
3.3800000000,38.5000000000,0.0580329900
3.4000000000,39.6666700000,0.0583572400
3.4200000000,41.5000000000,0.0586814900
3.4400000000,42.3333300000,0.0590057400
3.4600000000,42.5000000000,0.0593318900
3.4800000000,42.5000000000,0.0596962000
3.5000000000,43.1666700000,0.0600204500
3.5200000000,44.5000000000,0.0603447000
3.5400000000,44.5000000000,0.0606689500
3.5600000000,44.8333300000,0.0609931900
3.5800000000,45.8333300000,0.0613174400
3.6000000000,47.8333300000,0.0616836500
3.6200000000,50.3333300000,0.0620079000
3.6400000000,50.3333300000,0.0623321500
3.6600000000,47.6666700000,0.0626564000
3.6800000000,47.0000000000,0.0630207100
3.7000000000,47.8333300000,0.0633449600
3.7200000000,49.3333300000,0.0636711100
3.7400000000,49.6666700000,0.0639953600
3.7600000000,50.0000000000,0.0643196100
3.7800000000,51.1666700000,0.0646438600
3.8000000000,51.8333300000,0.0650081600
3.8200000000,51.8333300000,0.0653324100
3.8400000000,51.8333300000,0.0656566600
3.8600000000,51.8333300000,0.0659828200
3.8800000000,52.0000000000,0.0663070700
3.9000000000,52.1666700000,0.0666713700
3.9200000000,52.5000000000,0.0669956200
3.9400000000,53.8333300000,0.0673198700
3.9600000000,55.6666700000,0.0676860800
3.9800000000,58.0000000000,0.0680103300
4.0000000000,59.3333300000,0.0683345800
4.0200000000,59.3333300000,0.0686588300
4.0400000000,59.1666700000,0.0690231300
4.0600000000,59.1666700000,0.0693473800
4.0800000000,60.0000000000,0.0696716300
4.1000000000,62.3333300000,0.0699977900
4.1200000000,64.8333400000,0.0703220400
4.1400000000,64.8333400000,0.0706462900
4.1600000000,64.0000000000,0.0710105900
4.1800000000,63.8333300000,0.0713348400
4.2000000000,63.8333300000,0.0716590900
4.2200000000,64.1666600000,0.0719833400
4.2400000000,64.6666600000,0.0723495500
4.2600000000,65.6666600000,0.0726738000
4.2800000000,67.8333400000,0.0729980500
4.3000000000,69.1666600000,0.0733623500
4.3200000000,69.1666600000,0.0736866000
4.3400000000,69.1666600000,0.0740127600
4.3600000000,69.1666600000,0.0743770600
4.3800000000,69.5000000000,0.0747013100
4.4000000000,69.8333400000,0.0750255600
4.4200000000,71.0000000000,0.0753498100
4.4400000000,73.6666600000,0.0756740600
4.4600000000,73.8333400000,0.0760402700
4.4800000000,74.0000000000,0.0763645200
4.5000000000,74.0000000000,0.0766887700
4.5200000000,74.0000000000,0.0770130200
4.5400000000,74.3333400000,0.0773372700
4.5600000000,76.1666600000,0.0777015700
4.5800000000,77.5000000000,0.0780277300
4.6000000000,78.0000000000,0.0783519700
4.6200000000,78.0000000000,0.0787162800
4.6400000000,78.0000000000,0.0790405300
4.6600000000,78.0000000000,0.0793647800
4.6800000000,79.1666600000,0.0797309900
4.7000000000,80.3333400000,0.0800552400
4.7200000000,81.3333400000,0.0803794900
4.7400000000,83.3333400000,0.0807037400
4.7600000000,85.1666600000,0.0810279800
4.7800000000,85.5000000000,0.0813522300
4.8000000000,85.3333400000,0.0817165400
4.8200000000,85.3333400000,0.0820407900
4.8400000000,85.5000000000,0.0823669400
4.8600000000,87.6666600000,0.0826911900
4.8800000000,90.5000000000,0.0830154400
4.9000000000,92.5000000000,0.0833797500
4.9200000000,93.3333400000,0.0837039900
4.9400000000,93.1666600000,0.0840282400
4.9600000000,91.6666600000,0.0843524900
4.9800000000,91.5000000000,0.0847187000
5.0000000000,92.3333400000,0.0850429500
5.0200000000,94.0000000000,0.0853672000
5.0400000000,95.8333400000,0.0856914500
5.0600000000,95.8333400000,0.0860557600
5.0800000000,96.3333400000,0.0863819100
5.1000000000,96.5000000000,0.0867061600
5.1200000000,96.3333400000,0.0870304100
5.1400000000,96.3333400000,0.0873546600
5.1600000000,96.3333400000,0.0876789100
5.1800000000,97.0000000000,0.0880432100
5.2000000000,98.0000000000,0.0883674600
5.2200000000,99.5000000000,0.0886936200
5.2400000000,101.6667000000,0.0890178700
5.2600000000,103.8333000000,0.0893821700
5.2800000000,105.5000000000,0.0897064200
5.3000000000,107.0000000000,0.0900306700
5.3200000000,108.6667000000,0.0903549200
5.3400000000,110.3333000000,0.0907211300
5.3600000000,110.3333000000,0.0910453800
5.3800000000,110.3333000000,0.0913696300
5.4000000000,111.0000000000,0.0916938800
5.4200000000,112.6667000000,0.0920181300
5.4400000000,115.0000000000,0.0923423800
5.4600000000,115.0000000000,0.0927085900
5.4800000000,115.0000000000,0.0930328400
5.5000000000,114.3333000000,0.0933570900
5.5200000000,113.8333000000,0.0936813400
5.5400000000,113.8333000000,0.0940055800
5.5600000000,113.8333000000,0.0943698900
5.5800000000,114.1667000000,0.0946941400
5.6000000000,116.8333000000,0.0950183900
5.6200000000,118.8333000000,0.0953846000
5.6400000000,119.0000000000,0.0957088500
5.6600000000,119.3333000000,0.0960331000
5.6800000000,120.5000000000,0.0963573500
5.7000000000,121.5000000000,0.0966815900
5.7200000000,122.8333000000,0.0970478100
5.7400000000,124.5000000000,0.0973720600
5.7600000000,125.0000000000,0.0976963000
5.7800000000,125.3333000000,0.0980205500
5.8000000000,127.1667000000,0.0983448000
5.8200000000,129.5000000000,0.0986690500
5.8400000000,131.3333000000,0.0989933000
5.8600000000,131.6667000000,0.0993595100
5.8800000000,131.8333000000,0.0996837600
5.9000000000,132.0000000000,0.1000080000
5.9200000000,132.0000000000,0.1003323000
5.9400000000,132.3333000000,0.1006966000
5.9600000000,133.5000000000,0.1010208000
5.9800000000,135.0000000000,0.1013451000
6.0000000000,136.5000000000,0.1016712000
6.0200000000,137.6667000000,0.1020355000
6.0400000000,138.3333000000,0.1023598000
6.0600000000,138.8333000000,0.1026840000
6.0800000000,141.5000000000,0.1030083000
6.1000000000,143.5000000000,0.1033325000
6.1200000000,144.5000000000,0.1036568000
6.1400000000,144.6667000000,0.1039810000
6.1600000000,145.1667000000,0.1043072000
6.1800000000,145.1667000000,0.1046715000
6.2000000000,145.5000000000,0.1049957000
6.2200000000,146.0000000000,0.1053200000
6.2400000000,146.8333000000,0.1056442000
6.2600000000,149.1667000000,0.1060104000
6.2800000000,153.0000000000,0.1063347000
6.3000000000,154.0000000000,0.1066589000
6.3200000000,153.3333000000,0.1070232000
6.3400000000,152.5000000000,0.1073475000
6.3600000000,152.6667000000,0.1076717000
6.3800000000,156.5000000000,0.1079960000
6.4000000000,157.3333000000,0.1083221000
6.4200000000,156.1667000000,0.1086464000
6.4400000000,154.3333000000,0.1090107000
6.4600000000,153.6667000000,0.1093349000
6.4800000000,153.6667000000,0.1096592000
6.5000000000,154.3333000000,0.1099834000
6.5200000000,155.8333000000,0.1103077000
6.5400000000,157.0000000000,0.1106739000
6.5600000000,157.3333000000,0.1109982000
6.5800000000,159.5000000000,0.1113224000
6.6000000000,162.1667000000,0.1116867000
6.6200000000,164.6667000000,0.1120110000
6.6400000000,166.5000000000,0.1123371000
6.6600000000,168.0000000000,0.1127014000
6.6800000000,168.5000000000,0.1130257000
6.7000000000,169.5000000000,0.1133499000
6.7200000000,171.0000000000,0.1136742000
6.7400000000,172.8333000000,0.1140404000
6.7600000000,174.3333000000,0.1143646000
6.7800000000,176.5000000000,0.1146889000
6.8000000000,176.8333000000,0.1150131000
6.8200000000,176.8333000000,0.1153374000
6.8400000000,177.5000000000,0.1156616000
6.8600000000,178.6667000000,0.1160259000
6.8800000000,178.8333000000,0.1163521000
6.9000000000,179.3333000000,0.1166763000
6.9200000000,181.5000000000,0.1170006000
6.9400000000,184.1667000000,0.1173649000
6.9600000000,185.6667000000,0.1176891000
6.9800000000,186.0000000000,0.1180134000
7.0000000000,186.5000000000,0.1183796000
7.0200000000,187.3333000000,0.1187038000
7.0400000000,188.6667000000,0.1190281000
7.0600000000,190.3333000000,0.1193523000
7.0800000000,191.3333000000,0.1196766000
7.1000000000,192.1667000000,0.1200409000
7.1200000000,194.5000000000,0.1203671000
7.1400000000,197.0000000000,0.1206913000
7.1600000000,198.6667000000,0.1210155000
7.1800000000,198.8333000000,0.1213398000
7.2000000000,199.5000000000,0.1217041000
7.2200000000,200.8333000000,0.1220284000
7.2400000000,202.3333000000,0.1223526000
7.2600000000,203.8333000000,0.1227188000
7.2800000000,206.1667000000,0.1230431000
7.3000000000,207.0000000000,0.1233673000
7.3200000000,207.6667000000,0.1237316000
7.3400000000,208.6667000000,0.1240559000
7.3600000000,210.3333000000,0.1243801000
7.3800000000,211.3333000000,0.1247063000
7.4000000000,213.5000000000,0.1250305000
7.4200000000,217.1667000000,0.1253948000
7.4400000000,219.8333000000,0.1257191000
7.4600000000,220.5000000000,0.1260433000
7.4800000000,221.0000000000,0.1263676000
7.5000000000,221.1667000000,0.1266918000
7.5200000000,223.3333000000,0.1270180000
7.5400000000,226.3333000000,0.1273823000
7.5600000000,228.6667000000,0.1277065000
7.5800000000,229.0000000000,0.1280308000
7.6000000000,229.8333000000,0.1283550000
7.6200000000,232.6667000000,0.1287212000
7.6400000000,235.1667000000,0.1290455000
7.6600000000,235.8333000000,0.1293697000
7.6800000000,236.3333000000,0.1296940000
7.7000000000,238.0000000000,0.1300583000
7.7200000000,240.5000000000,0.1303825000
7.7400000000,242.8333000000,0.1307068000
7.7600000000,244.6667000000,0.1310329000
7.7800000000,245.6667000000,0.1313572000
7.8000000000,246.3333000000,0.1316814000
7.8200000000,247.3333000000,0.1320057000
7.8400000000,248.5000000000,0.1323700000
7.8600000000,249.6667000000,0.1326942000
7.8800000000,250.8333000000,0.1330185000
7.9000000000,251.0000000000,0.1333427000
7.9200000000,253.1667000000,0.1337090000
7.9400000000,256.3333000000,0.1340332000
7.9600000000,259.5000000000,0.1343575000
7.9800000000,260.1667000000,0.1347218000
8.0000000000,262.3333000000,0.1350479000
8.0200000000,265.0000000000,0.1353722000
8.0400000000,267.3333000000,0.1356964000
8.0600000000,269.5000000000,0.1360207000
8.0800000000,272.3333000000,0.1363449000
8.1000000000,274.0000000000,0.1366692000
8.1200000000,275.0000000000,0.1370335000
8.1400000000,276.3333000000,0.1373577000
8.1600000000,278.0000000000,0.1376839000
8.1800000000,278.8333000000,0.1380081000
8.2000000000,279.5000000000,0.1383324000
8.2200000000,280.8333000000,0.1386566000
8.2400000000,282.6667000000,0.1390209000
8.2600000000,285.0000000000,0.1393452000
8.2800000000,287.6667000000,0.1396694000
8.3000000000,289.0000000000,0.1400356000
8.3200000000,289.8333000000,0.1403599000
8.3400000000,290.8333000000,0.1406841000
8.3600000000,292.6667000000,0.1410084000
8.3800000000,295.6667000000,0.1413326000
8.4000000000,299.1667000000,0.1416988000
8.4200000000,301.1667000000,0.1420231000
8.4400000000,303.0000000000,0.1423473000
8.4600000000,305.1667000000,0.1426716000
8.4800000000,307.6667000000,0.1429958000
8.5000000000,309.1667000000,0.1433201000
8.5200000000,310.1667000000,0.1436443000
8.5400000000,311.8333000000,0.1440105000
8.5600000000,314.3333000000,0.1443348000
8.5800000000,317.3333000000,0.1446590000
8.6000000000,318.6667000000,0.1449833000
8.6200000000,319.1667000000,0.1453476000
8.6400000000,319.8333000000,0.1456718000
8.6600000000,321.5000000000,0.1459961000
8.6800000000,324.0000000000,0.1463203000
8.7000000000,325.8333000000,0.1466866000
8.7200000000,327.8333000000,0.1470108000
8.7400000000,330.0000000000,0.1473351000
8.7600000000,332.8333000000,0.1476593000
8.7800000000,335.8333000000,0.1479836000
8.8000000000,337.3333000000,0.1483078000
8.8200000000,337.8333000000,0.1486740000
8.8400000000,339.6667000000,0.1489983000
8.8600000000,342.3333000000,0.1493225000
8.8800000000,344.8333000000,0.1496468000
8.9000000000,348.5000000000,0.1500111000
8.9200000000,350.3333000000,0.1503353000
8.9400000000,351.1667000000,0.1506615000
8.9600000000,352.0000000000,0.1510258000
8.9800000000,353.8333000000,0.1513500000
9.0000000000,355.0000000000,0.1516743000
9.0200000000,356.8333000000,0.1519985000
9.0400000000,361.6667000000,0.1523647000
9.0600000000,365.6667000000,0.1526890000
9.0800000000,366.1667000000,0.1530132000
9.1000000000,367.5000000000,0.1533375000
9.1200000000,367.6667000000,0.1536617000
9.1400000000,368.0000000000,0.1540260000
9.1600000000,369.0000000000,0.1543503000
9.1800000000,371.0000000000,0.1546764000
9.2000000000,374.3333000000,0.1550007000
9.2200000000,377.8333000000,0.1553650000
9.2400000000,381.3333000000,0.1556892000
9.2600000000,384.0000000000,0.1560135000
9.2800000000,385.1667000000,0.1563797000
9.3000000000,386.0000000000,0.1567039000
9.3200000000,389.0000000000,0.1570282000
9.3400000000,392.5000000000,0.1573524000
9.3600000000,395.3333000000,0.1577168000
9.3800000000,397.1667000000,0.1580410000
9.4000000000,399.0000000000,0.1583652000
9.4200000000,402.3333000000,0.1586914000
9.4400000000,404.6667000000,0.1590157000
9.4600000000,405.6667000000,0.1593399000
9.4800000000,406.1667000000,0.1597042000
9.5000000000,408.3333000000,0.1600285000
9.5200000000,410.5000000000,0.1603527000
9.5400000000,412.3333000000,0.1606770000
9.5600000000,414.3333000000,0.1610432000
9.5800000000,417.1667000000,0.1613674000
9.6000000000,420.1667000000,0.1616917000
9.6200000000,421.8333000000,0.1620560000
9.6400000000,423.8333000000,0.1623802000
9.6600000000,426.3333000000,0.1627064000
9.6800000000,428.6667000000,0.1630306000
9.7000000000,430.1667000000,0.1633949000
9.7200000000,432.1667000000,0.1637192000
9.7400000000,434.8333000000,0.1640434000
9.7600000000,437.3333000000,0.1643677000
9.7800000000,439.6667000000,0.1646919000
9.8000000000,443.1667000000,0.1650162000
9.8200000000,446.6667000000,0.1653423000
9.8400000000,448.3333000000,0.1657066000
9.8600000000,449.6667000000,0.1660309000
9.8800000000,451.5000000000,0.1663551000
9.9000000000,454.1667000000,0.1666794000
9.9200000000,456.5000000000,0.1670456000
9.9400000000,457.5000000000,0.1673698000
9.9600000000,458.5000000000,0.1676941000
9.9800000000,460.5000000000,0.1680584000
10.0000000000,463.5000000000,0.1683826000
10.0200000000,466.6667000000,0.1687069000
10.0400000000,470.1667000000,0.1690311000
10.0600000000,473.0000000000,0.1693573000
10.0800000000,475.8333000000,0.1696815000
10.1000000000,479.5000000000,0.1700459000
10.1200000000,482.3333000000,0.1703701000
10.1400000000,483.8333000000,0.1706944000
10.1600000000,485.6667000000,0.1710186000
10.1800000000,488.3333000000,0.1713428000
10.2000000000,491.1667000000,0.1716690000
10.2200000000,493.3333000000,0.1720333000
10.2400000000,497.1667000000,0.1723576000
10.2600000000,500.6667000000,0.1726818000
10.2800000000,502.6667000000,0.1730461000
10.3000000000,503.1667000000,0.1733723000
10.3200000000,506.1667000000,0.1736965000
10.3400000000,508.1667000000,0.1740208000
10.3600000000,511.3333000000,0.1743851000
10.3800000000,515.3333000000,0.1747093000
10.4000000000,518.0000000000,0.1750336000
10.4200000000,518.5000000000,0.1753578000
10.4400000000,519.0000000000,0.1756840000
10.4600000000,519.1667000000,0.1760082000
10.4800000000,519.5000000000,0.1763325000
10.5000000000,521.1667000000,0.1766968000
10.5200000000,525.8333000000,0.1770210000
10.5400000000,530.3333000000,0.1773453000
10.5600000000,534.1667000000,0.1776695000
10.5800000000,538.3333000000,0.1780357000
10.6000000000,543.3333000000,0.1783600000
10.6200000000,545.1667000000,0.1786842000
10.6400000000,546.0000000000,0.1790485000
10.6600000000,547.8333000000,0.1793728000
10.6800000000,550.6667000000,0.1796970000
10.7000000000,554.1667000000,0.1800232000
10.7200000000,556.8333000000,0.1803474000
10.7400000000,559.0000000000,0.1806717000
10.7600000000,562.3333000000,0.1810360000
10.7800000000,565.8333000000,0.1813602000
10.8000000000,568.3333000000,0.1816845000
10.8200000000,569.1667000000,0.1820087000
10.8400000000,571.1667000000,0.1823349000
10.8600000000,573.8333000000,0.1826591000
10.8800000000,576.5000000000,0.1830235000
10.9000000000,578.5000000000,0.1833477000
10.9200000000,580.6667000000,0.1836720000
10.9400000000,583.1667000000,0.1839962000
10.9600000000,586.3333000000,0.1843624000
10.9800000000,589.6667000000,0.1846867000
11.0000000000,592.3333000000,0.1850109000
11.0200000000,594.3333000000,0.1853352000
11.0400000000,596.8333000000,0.1856594000
11.0600000000,599.5000000000,0.1859837000
11.0800000000,602.1667000000,0.1863499000
11.1000000000,604.6667000000,0.1866741000
11.1200000000,608.0000000000,0.1869984000
11.1400000000,612.6667000000,0.1873226000
11.1600000000,616.6667000000,0.1876469000
11.1800000000,619.1667000000,0.1879711000
11.2000000000,619.8333000000,0.1883354000
11.2200000000,621.0000000000,0.1886597000
11.2400000000,625.3333000000,0.1889858000
11.2600000000,628.8333000000,0.1893501000
11.2800000000,630.8333000000,0.1896744000
11.3000000000,631.8333000000,0.1899986000
11.3200000000,633.5000000000,0.1903648000
11.3400000000,636.1667000000,0.1906891000
11.3600000000,639.1667000000,0.1910133000
11.3800000000,642.1667000000,0.1913376000
11.4000000000,645.3333000000,0.1916618000
11.4200000000,649.5000000000,0.1919861000
11.4400000000,653.0000000000,0.1923504000
11.4600000000,655.0000000000,0.1926746000
11.4800000000,656.6667000000,0.1930008000
11.5000000000,659.1667000000,0.1933250000
11.5200000000,662.3333000000,0.1936493000
11.5400000000,665.3333000000,0.1940136000
11.5600000000,668.3333000000,0.1943378000
11.5800000000,671.5000000000,0.1946621000
11.6000000000,675.0000000000,0.1950283000
11.6200000000,678.5000000000,0.1953526000
11.6400000000,681.1667000000,0.1956768000
11.6600000000,682.3333000000,0.1960411000
11.6800000000,683.6667000000,0.1963654000
11.7000000000,686.5000000000,0.1966896000
11.7200000000,691.5000000000,0.1970158000
11.7400000000,695.3333000000,0.1973400000
11.7600000000,696.8333000000,0.1977043000
11.7800000000,698.0000000000,0.1980286000
11.8000000000,700.0000000000,0.1983528000
11.8200000000,703.1667000000,0.1986771000
11.8400000000,705.6667000000,0.1990013000
11.8600000000,707.8333000000,0.1993675000
11.8800000000,710.3333000000,0.1996918000
11.9000000000,713.5000000000,0.2000160000
11.9200000000,717.6667000000,0.2003803000
11.9400000000,721.5000000000,0.2007046000
11.9600000000,724.0000000000,0.2010307000
11.9800000000,726.3333000000,0.2013550000
12.0000000000,729.5000000000,0.2017193000
12.0200000000,733.3333000000,0.2020435000
12.0400000000,736.8333000000,0.2023678000
12.0600000000,740.3333000000,0.2026920000
12.0800000000,743.1667000000,0.2030163000
12.1000000000,745.6667000000,0.2033424000
12.1200000000,749.5000000000,0.2037067000
12.1400000000,752.8333000000,0.2040310000
12.1600000000,753.8333000000,0.2043552000
12.1800000000,754.8333000000,0.2046795000
12.2000000000,756.8333000000,0.2050457000
12.2200000000,760.3333000000,0.2053699000
12.2400000000,763.5000000000,0.2056942000
12.2600000000,765.6667000000,0.2060184000
12.2800000000,768.1667000000,0.2063828000
12.3000000000,771.5000000000,0.2067070000
12.3200000000,775.0000000000,0.2070313000
12.3400000000,777.3333000000,0.2073975000
12.3600000000,780.0000000000,0.2077217000
12.3800000000,783.6667000000,0.2080460000
12.4000000000,788.0000000000,0.2083702000
12.4200000000,791.6667000000,0.2086945000
12.4400000000,793.8333000000,0.2090187000
12.4600000000,797.6667000000,0.2093849000
12.4800000000,801.5000000000,0.2097092000
12.5000000000,804.5000000000,0.2100334000
12.5200000000,806.0000000000,0.2103577000
12.5400000000,808.5000000000,0.2106819000
12.5600000000,810.5000000000,0.2110462000
12.5800000000,812.5000000000,0.2113705000
12.6000000000,814.8333000000,0.2116966000
12.6200000000,817.6667000000,0.2120609000
12.6400000000,820.8333000000,0.2123852000
12.6600000000,824.0000000000,0.2127094000
12.6800000000,827.8333000000,0.2130337000
12.7000000000,831.6667000000,0.2133579000
12.7200000000,834.5000000000,0.2137241000
12.7400000000,836.1667000000,0.2140484000
12.7600000000,838.3333000000,0.2143726000
12.7800000000,841.3333000000,0.2146969000
12.8000000000,844.8333000000,0.2150211000
12.8200000000,848.0000000000,0.2153454000
12.8400000000,850.6667000000,0.2156696000
12.8600000000,855.5000000000,0.2160358000
12.8800000000,859.5000000000,0.2163601000
12.9000000000,862.3333000000,0.2166843000
12.9200000000,864.0000000000,0.2170086000
12.9400000000,866.0000000000,0.2173729000
12.9600000000,868.1667000000,0.2176971000
12.9800000000,871.1667000000,0.2180233000
13.0000000000,874.6667000000,0.2183475000
13.0200000000,877.8333000000,0.2187119000
13.0400000000,880.6667000000,0.2190361000
13.0600000000,884.6667000000,0.2193604000
13.0800000000,888.8333000000,0.2196846000
13.1000000000,891.8333000000,0.2200089000
13.1200000000,892.8333000000,0.2203331000
13.1400000000,893.8333000000,0.2206593000
13.1600000000,895.8333000000,0.2209835000
13.1800000000,898.3333000000,0.2213478000
13.2000000000,901.5000000000,0.2216721000
13.2200000000,905.8333000000,0.2219963000
13.2400000000,911.0000000000,0.2223206000
13.2600000000,915.5000000000,0.2226868000
13.2800000000,918.3333000000,0.2230110000
13.3000000000,920.5000000000,0.2233353000
13.3200000000,923.0000000000,0.2236996000
13.3400000000,926.1667000000,0.2240238000
13.3600000000,928.8333000000,0.2243481000
13.3800000000,932.5000000000,0.2246742000
13.4000000000,936.5000000000,0.2249985000
13.4200000000,940.3333000000,0.2253227000
13.4400000000,942.5000000000,0.2256470000
13.4600000000,944.1667000000,0.2260113000
13.4800000000,946.3333000000,0.2263355000
13.5000000000,949.3333000000,0.2266598000
13.5200000000,953.1667000000,0.2269859000
13.5400000000,958.0000000000,0.2273102000
13.5600000000,960.6667000000,0.2276745000
13.5800000000,962.6667000000,0.2279987000
13.6000000000,964.5000000000,0.2283230000
13.6200000000,967.0000000000,0.2286892000
13.6400000000,970.3333000000,0.2290134000
13.6600000000,973.5000000000,0.2293377000
13.6800000000,975.8333000000,0.2296619000
13.7000000000,978.5000000000,0.2299862000
13.7200000000,982.1667000000,0.2303104000
13.7400000000,986.0000000000,0.2306747000
13.7600000000,988.6667000000,0.2310009000
13.7800000000,991.5000000000,0.2313251000
13.8000000000,995.0000000000,0.2316494000
13.8200000000,999.5000000000,0.2319736000
13.8400000000,1004.1670000000,0.2323380000
13.8600000000,1007.5000000000,0.2326622000
13.8800000000,1009.5000000000,0.2329865000
13.9000000000,1011.6670000000,0.2333527000
13.9200000000,1014.0000000000,0.2336769000
13.9400000000,1016.1670000000,0.2340012000
13.9600000000,1019.0000000000,0.2343655000
13.9800000000,1022.3330000000,0.2346897000
14.0000000000,1025.8330000000,0.2350140000
14.0200000000,1029.5000000000,0.2353401000
14.0400000000,1034.1670000000,0.2357044000
14.0600000000,1038.5000000000,0.2360287000
14.0800000000,1041.3330000000,0.2363529000
14.1000000000,1043.8330000000,0.2366772000
14.1200000000,1046.8330000000,0.2370014000
14.1400000000,1050.6670000000,0.2373257000
14.1600000000,1052.6670000000,0.2376919000
14.1800000000,1054.6670000000,0.2380161000
14.2000000000,1057.5000000000,0.2383404000
14.2200000000,1061.6670000000,0.2387047000
14.2400000000,1067.0000000000,0.2390289000
14.2600000000,1070.6670000000,0.2393551000
14.2800000000,1072.8330000000,0.2397194000
14.3000000000,1075.5000000000,0.2400436000
14.3200000000,1079.1670000000,0.2403679000
14.3400000000,1083.3330000000,0.2406921000
14.3600000000,1086.5000000000,0.2410583000
14.3800000000,1088.5000000000,0.2413826000
14.4000000000,1090.3330000000,0.2417068000
14.4200000000,1092.3330000000,0.2420311000
14.4400000000,1094.6670000000,0.2423553000
14.4600000000,1098.0000000000,0.2426796000
14.4800000000,1099.6670000000,0.2430439000
14.5000000000,1101.0000000000,0.2433701000
14.5200000000,1103.5000000000,0.2436943000
14.5400000000,1108.6670000000,0.2440186000
14.5600000000,1114.0000000000,0.2443829000
14.5800000000,1118.8330000000,0.2447071000
14.6000000000,1123.3330000000,0.2450314000
14.6200000000,1127.0000000000,0.2453976000
14.6400000000,1129.5000000000,0.2457218000
14.6600000000,1132.0000000000,0.2460461000
14.6800000000,1136.1670000000,0.2463703000
14.7000000000,1140.1670000000,0.2466946000
14.7200000000,1143.3330000000,0.2470589000
14.7400000000,1146.1670000000,0.2473850000
14.7600000000,1149.6670000000,0.2477093000
14.7800000000,1152.3330000000,0.2480335000
14.8000000000,1155.3330000000,0.2483578000
14.8200000000,1158.6670000000,0.2486820000
14.8400000000,1161.8330000000,0.2490063000
14.8600000000,1163.5000000000,0.2493706000
14.8800000000,1166.8330000000,0.2496948000
14.9000000000,1171.0000000000,0.2500210000
14.9200000000,1174.3330000000,0.2503853000
14.9400000000,1176.5000000000,0.2507095000
14.9600000000,1179.8330000000,0.2510338000
14.9800000000,1183.5000000000,0.2513580000
15.0000000000,1186.3330000000,0.2517242000
15.0200000000,1188.6670000000,0.2520485000
15.0400000000,1191.1670000000,0.2523727000
15.0600000000,1193.6670000000,0.2526970000
15.0800000000,1197.5000000000,0.2530212000
15.1000000000,1202.3330000000,0.2533455000
15.1200000000,1206.6670000000,0.2536697000
15.1400000000,1209.8330000000,0.2540359000
15.1600000000,1213.1670000000,0.2543602000
15.1800000000,1217.6670000000,0.2546844000
15.2000000000,1221.0000000000,0.2550087000
15.2200000000,1223.5000000000,0.2553730000
15.2400000000,1226.3330000000,0.2556973000
15.2600000000,1230.1670000000,0.2560215000
15.2800000000,1232.8330000000,0.2563477000
15.3000000000,1234.6670000000,0.2567120000
15.3200000000,1236.3330000000,0.2570362000
15.3400000000,1239.0000000000,0.2573605000
15.3600000000,1243.5000000000,0.2576847000
15.3800000000,1247.3330000000,0.2580090000
15.4000000000,1250.3330000000,0.2583332000
15.4200000000,1254.0000000000,0.2586994000
15.4400000000,1258.1670000000,0.2590237000
15.4600000000,1261.8330000000,0.2593479000
15.4800000000,1264.8330000000,0.2596722000
15.5000000000,1267.8330000000,0.2599964000
15.5200000000,1271.5000000000,0.2603207000
15.5400000000,1276.3330000000,0.2606869000
15.5600000000,1283.0000000000,0.2610111000
15.5800000000,1286.3330000000,0.2613354000
15.6000000000,1287.6670000000,0.2616997000
15.6200000000,1289.0000000000,0.2620239000
15.6400000000,1291.5000000000,0.2623482000
15.6600000000,1294.0000000000,0.2626724000
15.6800000000,1296.0000000000,0.2629986000
15.7000000000,1299.3330000000,0.2633629000
15.7200000000,1303.5000000000,0.2636871000
15.7400000000,1307.8330000000,0.2640114000
15.7600000000,1310.5000000000,0.2643356000
15.7800000000,1312.8330000000,0.2646599000
15.8000000000,1315.3330000000,0.2649841000
15.8200000000,1318.1670000000,0.2653103000
15.8400000000,1321.3330000000,0.2656746000
15.8600000000,1325.5000000000,0.2659988000
15.8800000000,1328.5000000000,0.2663231000
15.9000000000,1331.8330000000,0.2666473000
15.9200000000,1336.6670000000,0.2670135000
15.9400000000,1342.1670000000,0.2673378000
15.9600000000,1345.8330000000,0.2676620000
15.9800000000,1346.5000000000,0.2680264000
16.0000000000,1348.6670000000,0.2683506000
16.0200000000,1352.6670000000,0.2686749000
16.0400000000,1358.5000000000,0.2689991000
16.0600000000,1364.0000000000,0.2693253000
16.0800000000,1366.0000000000,0.2696495000
16.1000000000,1367.8330000000,0.2699738000
16.1200000000,1370.1670000000,0.2703381000
16.1400000000,1373.0000000000,0.2706623000
16.1600000000,1376.3330000000,0.2709866000
16.1800000000,1379.3330000000,0.2713108000
16.2000000000,1381.8330000000,0.2716770000
16.2200000000,1386.3330000000,0.2720013000
16.2400000000,1391.6670000000,0.2723255000
16.2600000000,1395.5000000000,0.2726898000
16.2800000000,1395.6670000000,0.2730141000
16.3000000000,1397.6670000000,0.2733402000
16.3200000000,1400.8330000000,0.2737045000
16.3400000000,1404.1670000000,0.2740288000
16.3600000000,1407.1670000000,0.2743530000
16.3800000000,1412.0000000000,0.2746773000
16.4000000000,1418.1670000000,0.2750015000
16.4200000000,1422.5000000000,0.2753677000
16.4400000000,1424.6670000000,0.2756920000
16.4600000000,1426.0000000000,0.2760162000
16.4800000000,1430.0000000000,0.2763405000
16.5000000000,1433.8330000000,0.2766647000
16.5200000000,1437.1670000000,0.2770290000
16.5400000000,1439.8330000000,0.2773533000
16.5600000000,1442.6670000000,0.2776794000
16.5800000000,1445.5000000000,0.2780437000
16.6000000000,1448.3330000000,0.2783680000
16.6200000000,1451.1670000000,0.2786922000
16.6400000000,1454.5000000000,0.2790585000
16.6600000000,1458.1670000000,0.2793827000
16.6800000000,1463.1670000000,0.2797070000
16.7000000000,1468.1670000000,0.2800312000
16.7200000000,1470.6670000000,0.2803555000
16.7400000000,1471.8330000000,0.2806797000
16.7600000000,1473.6670000000,0.2810440000
16.7800000000,1477.5000000000,0.2813683000
16.8000000000,1481.3330000000,0.2816944000
16.8200000000,1485.6670000000,0.2820187000
16.8400000000,1490.0000000000,0.2823429000
16.8600000000,1494.3330000000,0.2827072000
16.8800000000,1498.3330000000,0.2830315000
16.9000000000,1501.8330000000,0.2833557000
16.9200000000,1503.6670000000,0.2837219000
16.9400000000,1505.3330000000,0.2840462000
16.9600000000,1508.1670000000,0.2843704000
16.9800000000,1512.1670000000,0.2846947000
17.0000000000,1516.1670000000,0.2850590000
17.0200000000,1519.8330000000,0.2853832000
17.0400000000,1523.0000000000,0.2857094000
17.0600000000,1525.6670000000,0.2860336000
17.0800000000,1528.0000000000,0.2863579000
17.1000000000,1530.3330000000,0.2866821000
17.1200000000,1534.1670000000,0.2870064000
17.1400000000,1538.0000000000,0.2873707000
17.1600000000,1541.1670000000,0.2876949000
17.1800000000,1544.1670000000,0.2880211000
17.2000000000,1548.1670000000,0.2883453000
17.2200000000,1551.3330000000,0.2887096000
17.2400000000,1554.3330000000,0.2890339000
17.2600000000,1557.6670000000,0.2893581000
17.2800000000,1562.1670000000,0.2897243000
17.3000000000,1565.6670000000,0.2900486000
17.3200000000,1568.6670000000,0.2903728000
17.3400000000,1572.3330000000,0.2906971000
17.3600000000,1576.8330000000,0.2910614000
17.3800000000,1581.5000000000,0.2913857000
17.4000000000,1585.0000000000,0.2917099000
17.4200000000,1587.5000000000,0.2920361000
17.4400000000,1590.5000000000,0.2923603000
17.4600000000,1594.3330000000,0.2926846000
17.4800000000,1597.3330000000,0.2930088000
17.5000000000,1598.8330000000,0.2933731000
17.5200000000,1601.1670000000,0.2936974000
17.5400000000,1606.6670000000,0.2940216000
17.5600000000,1613.8330000000,0.2943459000
17.5800000000,1615.5000000000,0.2947121000
17.6000000000,1617.6670000000,0.2950363000
17.6200000000,1619.6670000000,0.2953606000
17.6400000000,1622.3330000000,0.2956848000
17.6600000000,1625.5000000000,0.2960491000
17.6800000000,1628.3330000000,0.2963753000
17.7000000000,1631.6670000000,0.2966995000
17.7200000000,1635.0000000000,0.2970238000
17.7400000000,1638.8330000000,0.2973480000
17.7600000000,1643.0000000000,0.2976723000
17.7800000000,1646.6670000000,0.2979965000
17.8000000000,1650.8330000000,0.2983608000
17.8200000000,1654.8330000000,0.2986870000
17.8400000000,1658.3330000000,0.2990112000
17.8600000000,1661.5000000000,0.2993355000
17.8800000000,1664.6670000000,0.2996597000
17.9000000000,1666.8330000000,0.3000240000
17.9200000000,1668.3330000000,0.3003483000
17.9400000000,1670.8330000000,0.3006725000
17.9600000000,1674.6670000000,0.3010387000
17.9800000000,1678.8330000000,0.3013630000
18.0000000000,1682.1670000000,0.3016872000
18.0200000000,1686.3330000000,0.3020115000
18.0400000000,1691.0000000000,0.3023357000
18.0600000000,1695.3330000000,0.3026600000
18.0800000000,1697.8330000000,0.3029842000
18.1000000000,1700.3330000000,0.3033085000
18.1200000000,1704.3330000000,0.3036747000
18.1400000000,1708.1670000000,0.3039989000
18.1600000000,1711.3330000000,0.3043232000
18.1800000000,1714.0000000000,0.3046474000
18.2000000000,1718.0000000000,0.3049717000
18.2200000000,1724.1670000000,0.3053379000
18.2400000000,1728.6670000000,0.3056622000
18.2600000000,1730.6670000000,0.3059864000
18.2800000000,1731.5000000000,0.3063507000
18.3000000000,1733.5000000000,0.3066750000
18.3200000000,1736.5000000000,0.3069992000
18.3400000000,1741.0000000000,0.3073235000
18.3600000000,1745.8330000000,0.3076496000
18.3800000000,1748.8330000000,0.3080139000
18.4000000000,1751.1670000000,0.3083382000
18.4200000000,1752.8330000000,0.3086624000
18.4400000000,1755.3330000000,0.3089867000
18.4600000000,1758.8330000000,0.3093109000
18.4800000000,1763.3330000000,0.3096352000
18.5000000000,1766.8330000000,0.3100014000
18.5200000000,1770.6670000000,0.3103256000
18.5400000000,1774.1670000000,0.3106499000
18.5600000000,1777.8330000000,0.3110142000
18.5800000000,1781.8330000000,0.3113384000
18.6000000000,1785.0000000000,0.3116646000
18.6200000000,1788.1670000000,0.3120289000
18.6400000000,1792.1670000000,0.3123531000
18.6600000000,1796.5000000000,0.3126774000
18.6800000000,1800.3330000000,0.3130016000
18.7000000000,1805.0000000000,0.3133259000
18.7200000000,1810.6670000000,0.3136921000
18.7400000000,1814.3330000000,0.3140163000
18.7600000000,1816.3330000000,0.3143406000
18.7800000000,1818.3330000000,0.3146648000
18.8000000000,1821.0000000000,0.3149891000
18.8200000000,1823.1670000000,0.3153534000
18.8400000000,1826.1670000000,0.3156796000
18.8600000000,1830.0000000000,0.3160038000
18.8800000000,1834.0000000000,0.3163280000
18.9000000000,1837.6670000000,0.3166924000
18.9200000000,1840.0000000000,0.3170166000
18.9400000000,1842.8330000000,0.3173828000
18.9600000000,1846.3330000000,0.3177071000
18.9800000000,1850.1670000000,0.3180313000
19.0000000000,1854.5000000000,0.3183556000
19.0200000000,1858.0000000000,0.3186798000
19.0400000000,1860.8330000000,0.3190441000
19.0600000000,1863.8330000000,0.3193684000
19.0800000000,1867.5000000000,0.3196926000
19.1000000000,1872.3330000000,0.3200188000
19.1200000000,1876.5000000000,0.3203430000
19.1400000000,1879.1670000000,0.3207073000
19.1600000000,1882.3330000000,0.3210316000
19.1800000000,1886.5000000000,0.3213558000
19.2000000000,1889.5000000000,0.3216801000
19.2200000000,1892.1670000000,0.3220463000
19.2400000000,1895.8330000000,0.3223705000
19.2600000000,1899.3330000000,0.3226948000
19.2800000000,1901.8330000000,0.3230591000
19.3000000000,1904.8330000000,0.3233833000
19.3200000000,1908.3330000000,0.3237076000
19.3400000000,1912.3330000000,0.3240337000
19.3600000000,1916.8330000000,0.3243580000
19.3800000000,1921.5000000000,0.3246822000
19.4000000000,1927.0000000000,0.3250465000
19.4200000000,1928.8330000000,0.3253708000
19.4400000000,1930.1670000000,0.3256950000
19.4600000000,1933.0000000000,0.3260193000
19.4800000000,1938.1670000000,0.3263454000
19.5000000000,1943.8330000000,0.3267097000
19.5200000000,1946.3330000000,0.3270340000
19.5400000000,1947.8330000000,0.3273582000
19.5600000000,1950.8330000000,0.3277225000
19.5800000000,1955.5000000000,0.3280487000
19.6000000000,1959.3330000000,0.3283730000
19.6200000000,1961.6670000000,0.3286972000
19.6400000000,1963.6670000000,0.3290615000
19.6600000000,1966.3330000000,0.3293858000
19.6800000000,1970.0000000000,0.3297100000
19.7000000000,1974.3330000000,0.3300343000
19.7200000000,1977.3330000000,0.3303604000
19.7400000000,1981.1670000000,0.3306847000
19.7600000000,1985.5000000000,0.3310089000
19.7800000000,1989.1670000000,0.3313732000
19.8000000000,1991.0000000000,0.3316975000
19.8200000000,1993.5000000000,0.3320217000
19.8400000000,1996.8330000000,0.3323460000
19.8600000000,2000.8330000000,0.3327122000
19.8800000000,2005.0000000000,0.3330364000
19.9000000000,2008.1670000000,0.3333607000
19.9200000000,2011.5000000000,0.3336849000
19.9400000000,2015.1670000000,0.3340492000
19.9600000000,2018.6670000000,0.3343754000
19.9800000000,2021.8330000000,0.3346996000
20.0000000000,2024.8330000000,0.3350239000
20.0200000000,2029.0000000000,0.3353481000
20.0400000000,2034.3330000000,0.3357124000
20.0600000000,2039.0000000000,0.3360367000
20.0800000000,2042.5000000000,0.3363609000
20.1000000000,2045.0000000000,0.3366852000
20.1200000000,2047.1670000000,0.3370113000
20.1400000000,2050.0000000000,0.3373356000
20.1600000000,2052.8330000000,0.3376999000
20.1800000000,2056.0000000000,0.3380241000
20.2000000000,2059.3330000000,0.3383484000
20.2200000000,2064.1670000000,0.3386726000
20.2400000000,2067.5000000000,0.3390388000
20.2600000000,2069.3330000000,0.3393631000
20.2800000000,2071.0000000000,0.3396873000
20.3000000000,2073.8330000000,0.3400116000
20.3200000000,2076.3330000000,0.3403759000
20.3400000000,2081.8330000000,0.3407001000
20.3600000000,2086.3330000000,0.3410263000
20.3800000000,2089.1670000000,0.3413506000
20.4000000000,2091.3330000000,0.3416748000
20.4200000000,2097.1670000000,0.3419991000
20.4400000000,2101.3330000000,0.3423233000
20.4600000000,2104.0000000000,0.3426876000
20.4800000000,2106.5000000000,0.3430119000
20.5000000000,2110.0000000000,0.3433380000
20.5200000000,2114.1670000000,0.3436623000
20.5400000000,2116.8330000000,0.3440266000
20.5600000000,2118.8330000000,0.3443508000
20.5800000000,2120.8330000000,0.3446751000
20.6000000000,2124.0000000000,0.3450413000
20.6200000000,2127.6670000000,0.3453655000
20.6400000000,2132.0000000000,0.3456898000
20.6600000000,2135.6670000000,0.3460140000
20.6800000000,2139.1670000000,0.3463383000
20.7000000000,2143.0000000000,0.3466625000
20.7200000000,2147.6670000000,0.3470268000
20.7400000000,2150.8330000000,0.3473511000
20.7600000000,2153.5000000000,0.3476772000
20.7800000000,2156.0000000000,0.3480015000
20.8000000000,2158.6670000000,0.3483257000
20.8200000000,2162.8330000000,0.3486500000
20.8400000000,2168.8330000000,0.3490143000
20.8600000000,2173.8330000000,0.3493385000
20.8800000000,2177.1670000000,0.3496628000
20.9000000000,2179.1670000000,0.3499889000
20.9200000000,2181.3330000000,0.3503532000
20.9400000000,2184.0000000000,0.3506775000
20.9600000000,2186.8330000000,0.3510017000
20.9800000000,2190.3330000000,0.3513260000
21.0000000000,2194.5000000000,0.3516922000
21.0200000000,2200.1670000000,0.3520164000
21.0400000000,2203.3330000000,0.3523407000
21.0600000000,2205.1670000000,0.3526649000
21.0800000000,2206.6670000000,0.3529892000
21.1000000000,2208.8330000000,0.3533134000
21.1200000000,2212.8330000000,0.3536777000
21.1400000000,2217.3330000000,0.3540039000
21.1600000000,2221.3330000000,0.3543282000
21.1800000000,2226.0000000000,0.3546524000
21.2000000000,2231.6670000000,0.3550167000
21.2200000000,2235.1670000000,0.3553410000
21.2400000000,2236.0000000000,0.3556652000
21.2600000000,2238.1670000000,0.3560314000
21.2800000000,2241.3330000000,0.3563557000
21.3000000000,2244.8330000000,0.3566799000
21.3200000000,2247.1670000000,0.3570442000
21.3400000000,2250.3330000000,0.3573685000
21.3600000000,2255.3330000000,0.3576927000
21.3800000000,2260.5000000000,0.3580189000
21.4000000000,2264.1670000000,0.3583431000
21.4200000000,2266.5000000000,0.3586674000
21.4400000000,2269.6670000000,0.3590317000
21.4600000000,2272.3330000000,0.3593559000
21.4800000000,2275.5000000000,0.3596802000
21.5000000000,2279.0000000000,0.3600044000
21.5200000000,2282.6670000000,0.3603706000
21.5400000000,2285.3330000000,0.3606949000
21.5600000000,2288.6670000000,0.3610191000
21.5800000000,2292.8330000000,0.3613834000
21.6000000000,2297.3330000000,0.3617077000
21.6200000000,2300.1670000000,0.3620338000
21.6400000000,2301.6670000000,0.3623581000
21.6600000000,2304.5000000000,0.3627224000
21.6800000000,2308.0000000000,0.3630466000
21.7000000000,2311.6670000000,0.3633709000
21.7200000000,2315.3330000000,0.3636951000
21.7400000000,2319.5000000000,0.3640194000
21.7600000000,2324.1670000000,0.3643436000
21.7800000000,2328.3330000000,0.3647099000
21.8000000000,2331.6670000000,0.3650341000
21.8200000000,2334.5000000000,0.3653584000
21.8400000000,2337.6670000000,0.3656826000
21.8600000000,2341.3330000000,0.3660469000
21.8800000000,2344.5000000000,0.3663731000
21.9000000000,2346.6670000000,0.3666973000
21.9200000000,2348.1670000000,0.3670216000
21.9400000000,2351.3330000000,0.3673859000
21.9600000000,2354.8330000000,0.3677101000
21.9800000000,2359.3330000000,0.3680344000
22.0000000000,2364.0000000000,0.3683586000
22.0200000000,2367.3330000000,0.3686848000
22.0400000000,2372.3330000000,0.3690491000
22.0600000000,2376.6670000000,0.3693733000
22.0800000000,2379.5000000000,0.3696976000
22.1000000000,2381.3330000000,0.3700218000
22.1200000000,2383.6670000000,0.3703461000
22.1400000000,2386.1670000000,0.3706703000
22.1600000000,2390.6670000000,0.3710365000
22.1800000000,2396.0000000000,0.3713608000
22.2000000000,2400.8330000000,0.3716850000
22.2200000000,2403.8330000000,0.3720493000
22.2400000000,2406.0000000000,0.3723736000
22.2600000000,2408.1670000000,0.3726997000
22.2800000000,2410.1670000000,0.3730640000
22.3000000000,2412.5000000000,0.3733883000
22.3200000000,2415.5000000000,0.3737125000
22.3400000000,2420.5000000000,0.3740368000
22.3600000000,2425.8330000000,0.3743610000
22.3800000000,2429.3330000000,0.3746853000
22.4000000000,2431.5000000000,0.3750095000
22.4200000000,2433.5000000000,0.3753757000
22.4400000000,2434.8330000000,0.3757000000
22.4600000000,2437.6670000000,0.3760242000
22.4800000000,2441.3330000000,0.3763485000
22.5000000000,2445.5000000000,0.3767147000
22.5200000000,2450.0000000000,0.3770390000
22.5400000000,2455.0000000000,0.3773632000
22.5600000000,2457.3330000000,0.3776875000
22.5800000000,2459.0000000000,0.3780518000
22.6000000000,2461.5000000000,0.3783760000
22.6200000000,2465.1670000000,0.3787003000
22.6400000000,2469.3330000000,0.3790245000
22.6600000000,2473.5000000000,0.3793507000
22.6800000000,2477.8330000000,0.3797150000
22.7000000000,2482.0000000000,0.3800392000
22.7200000000,2486.5000000000,0.3803635000
22.7400000000,2491.8330000000,0.3806877000
22.7600000000,2493.0000000000,0.3810120000
22.7800000000,2493.5000000000,0.3813362000
22.8000000000,2495.5000000000,0.3816624000
22.8200000000,2500.1670000000,0.3819866000
22.8400000000,2505.3330000000,0.3823509000
22.8600000000,2507.0000000000,0.3826752000
22.8800000000,2508.3330000000,0.3829994000
22.9000000000,2510.6670000000,0.3833656000
22.9200000000,2514.1670000000,0.3836899000
22.9400000000,2517.1670000000,0.3840141000
22.9600000000,2519.6670000000,0.3843384000
22.9800000000,2522.1670000000,0.3847027000
23.0000000000,2525.1670000000,0.3850269000
23.0200000000,2528.6670000000,0.3853512000
23.0400000000,2533.1670000000,0.3856773000
23.0600000000,2537.5000000000,0.3860016000
23.0800000000,2540.6670000000,0.3863258000
23.1000000000,2543.6670000000,0.3866501000
23.1200000000,2546.8330000000,0.3869743000
23.1400000000,2550.6670000000,0.3873386000
23.1600000000,2553.6670000000,0.3876629000
23.1800000000,2555.8330000000,0.3879871000
23.2000000000,2558.3330000000,0.3883133000
23.2200000000,2561.6670000000,0.3886776000
23.2400000000,2565.3330000000,0.3890018000
23.2600000000,2567.1670000000,0.3893261000
23.2800000000,2569.5000000000,0.3896923000
23.3000000000,2573.0000000000,0.3900166000
23.3200000000,2577.6670000000,0.3903408000
23.3400000000,2581.5000000000,0.3906651000
23.3600000000,2583.1670000000,0.3909893000
23.3800000000,2587.0000000000,0.3913136000
23.4000000000,2591.0000000000,0.3916779000
23.4200000000,2593.8330000000,0.3920021000
23.4400000000,2594.6670000000,0.3923283000
23.4600000000,2598.5000000000,0.3926525000
23.4800000000,2602.5000000000,0.3929768000
23.5000000000,2606.3330000000,0.3933411000
23.5200000000,2610.0000000000,0.3936653000
23.5400000000,2614.1670000000,0.3939896000
23.5600000000,2617.6670000000,0.3943558000
23.5800000000,2619.8330000000,0.3946800000
23.6000000000,2621.6670000000,0.3950043000
23.6200000000,2623.5000000000,0.3953285000
23.6400000000,2625.3330000000,0.3956928000
23.6600000000,2628.3330000000,0.3960171000
23.6800000000,2632.0000000000,0.3963432000
23.7000000000,2635.3330000000,0.3966675000
23.7200000000,2638.0000000000,0.3969917000
23.7400000000,2640.1670000000,0.3973560000
23.7600000000,2643.3330000000,0.3976803000
23.7800000000,2646.6670000000,0.3980045000
23.8000000000,2650.3330000000,0.3983288000
23.8200000000,2654.0000000000,0.3986950000
23.8400000000,2656.8330000000,0.3990192000
23.8600000000,2658.5000000000,0.3993435000
23.8800000000,2662.8330000000,0.3997078000
23.9000000000,2667.1670000000,0.4000320000
23.9200000000,2669.5000000000,0.4003582000
23.9400000000,2669.8330000000,0.4007225000
23.9600000000,2672.8330000000,0.4010468000
23.9800000000,2676.8330000000,0.4013710000
24.0000000000,2680.6670000000,0.4016953000
24.0200000000,2684.0000000000,0.4020195000
24.0400000000,2687.3330000000,0.4023857000
24.0600000000,2691.1670000000,0.4027100000
24.0800000000,2693.8330000000,0.4030342000
24.1000000000,2695.0000000000,0.4033585000
24.1200000000,2695.8330000000,0.4036827000
24.1400000000,2697.6670000000,0.4040470000
24.1600000000,2700.8330000000,0.4043732000
24.1800000000,2705.1670000000,0.4046974000
24.2000000000,2709.1670000000,0.4050217000
24.2200000000,2711.8330000000,0.4053860000
24.2400000000,2713.6670000000,0.4057102000
24.2600000000,2716.1670000000,0.4060345000
24.2800000000,2718.0000000000,0.4064007000
24.3000000000,2720.0000000000,0.4067249000
24.3200000000,2722.5000000000,0.4070492000
24.3400000000,2725.8330000000,0.4073734000
24.3600000000,2731.3330000000,0.4076977000
24.3800000000,2733.8330000000,0.4080219000
24.4000000000,2735.5000000000,0.4083862000
24.4200000000,2737.8330000000,0.4087124000
24.4400000000,2741.6670000000,0.4090366000
24.4600000000,2745.3330000000,0.4093609000
24.4800000000,2748.1670000000,0.4096851000
24.5000000000,2749.1670000000,0.4100494000
24.5200000000,2750.1670000000,0.4103737000
24.5400000000,2752.8330000000,0.4106979000
24.5600000000,2756.5000000000,0.4110241000
24.5800000000,2757.5000000000,0.4113884000
24.6000000000,2757.8330000000,0.4117126000
24.6200000000,2759.1670000000,0.4120369000
24.6400000000,2762.1670000000,0.4123611000
24.6600000000,2766.0000000000,0.4127274000
24.6800000000,2768.3330000000,0.4130516000
24.7000000000,2769.8330000000,0.4133759000
24.7200000000,2771.8330000000,0.4137001000
24.7400000000,2774.8330000000,0.4140244000
24.7600000000,2776.0000000000,0.4143486000
24.7800000000,2776.8330000000,0.4146729000
24.8000000000,2779.8330000000,0.4150391000
24.8200000000,2784.5000000000,0.4153633000
24.8400000000,2789.5000000000,0.4156876000
24.8600000000,2792.0000000000,0.4160118000
24.8800000000,2792.0000000000,0.4163761000
24.9000000000,2792.0000000000,0.4167004000
24.9200000000,2792.3330000000,0.4170246000
24.9400000000,2793.3330000000,0.4173489000
24.9600000000,2795.5000000000,0.4177151000
24.9800000000,2797.3330000000,0.4180393000
25.0000000000,2800.1670000000,0.4183636000
25.0200000000,2803.8330000000,0.4186878000
25.0400000000,2806.6670000000,0.4190121000
25.0600000000,2806.6670000000,0.4193363000
25.0800000000,2806.6670000000,0.4197025000
25.1000000000,2807.8330000000,0.4200268000
25.1200000000,2811.1670000000,0.4203510000
25.1400000000,2815.3330000000,0.4206753000
25.1600000000,2818.0000000000,0.4209995000
25.1800000000,2818.5000000000,0.4213238000
25.2000000000,2819.0000000000,0.4216900000
25.2200000000,2820.5000000000,0.4220142000
25.2400000000,2823.0000000000,0.4223385000
25.2600000000,2825.3330000000,0.4227028000
25.2800000000,2827.0000000000,0.4230270000
25.3000000000,2828.5000000000,0.4233513000
25.3200000000,2830.6670000000,0.4236755000
25.3400000000,2833.6670000000,0.4240017000
25.3600000000,2835.6670000000,0.4243259000
25.3800000000,2837.5000000000,0.4246902000
25.4000000000,2838.3330000000,0.4250145000
25.4200000000,2838.5000000000,0.4253387000
25.4400000000,2838.5000000000,0.4256630000
25.4600000000,2838.3330000000,0.4259872000
25.4800000000,2838.3330000000,0.4263134000
25.5000000000,2837.6670000000,0.4266777000
25.5200000000,2836.5000000000,0.4270020000
25.5400000000,2833.8330000000,0.4273262000
25.5600000000,2828.8330000000,0.4276905000
25.5800000000,2822.8330000000,0.4280968000
25.6000000000,2808.5000000000,0.4284611000
25.6200000000,2221.8330000000,0.4287453000
25.6400000000,1178.8330000000,0.4290695000
25.6600000000,139.5000000000,0.4293938000
25.6800000000,21.3333300000,0.4296780000
