"PlayTime","LoadValue","PositionValue"
"s","N","mm"
0.0000000000,12.5000000000,0.0015411380
0.0200000000,13.8333300000,0.0018234250
0.0400000000,14.0000000000,0.0021495820
0.0600000000,14.0000000000,0.0024738310
0.0800000000,13.5000000000,0.0027980800
0.1000000000,13.0000000000,0.0031223300
0.1200000000,12.8333300000,0.0034465790
0.1400000000,13.0000000000,0.0037708280
0.1600000000,14.1666700000,0.0041351320
0.1800000000,14.3333300000,0.0044593810
0.2000000000,13.1666700000,0.0047855380
0.2200000000,11.6666700000,0.0051097870
0.2400000000,10.6666700000,0.0054740910
0.2600000000,10.6666700000,0.0057983400
0.2800000000,12.1666700000,0.0061225890
0.3000000000,13.3333300000,0.0064888000
0.3200000000,14.1666700000,0.0068130490
0.3400000000,14.6666700000,0.0071773530
0.3600000000,14.6666700000,0.0075016020
0.3800000000,14.0000000000,0.0078258510
0.4000000000,13.8333300000,0.0081920620
0.4200000000,14.6666700000,0.0085163120
0.4400000000,16.3333300000,0.0088405610
0.4600000000,16.6666700000,0.0091648100
0.4800000000,16.6666700000,0.0094890590
0.5000000000,16.6666700000,0.0098133090
0.5200000000,16.5000000000,0.0101375600
0.5400000000,16.3333300000,0.0105037700
0.5600000000,16.1666700000,0.0108280200
0.5800000000,15.3333300000,0.0111522700
0.6000000000,15.0000000000,0.0114765200
0.6200000000,15.1666700000,0.0118007700
0.6400000000,15.1666700000,0.0121650700
0.6600000000,15.1666700000,0.0124893200
0.6800000000,15.1666700000,0.0128154800
0.7000000000,15.1666700000,0.0131797800
0.7200000000,15.1666700000,0.0135040300
0.7400000000,15.0000000000,0.0138282800
0.7600000000,14.1666700000,0.0141525300
0.7800000000,14.1666700000,0.0144767800
0.8000000000,14.8333300000,0.0148010300
0.8200000000,15.6666700000,0.0151271800
0.8400000000,16.3333300000,0.0154914900
0.8600000000,16.3333300000,0.0158157300
0.8800000000,17.0000000000,0.0161399800
0.9000000000,17.1666700000,0.0164642300
0.9200000000,17.1666700000,0.0167884800
0.9400000000,17.3333300000,0.0171127300
0.9600000000,17.3333300000,0.0174789400
0.9800000000,17.3333300000,0.0178031900
1.0000000000,16.8333300000,0.0181274400
1.0200000000,16.5000000000,0.0184917400
1.0400000000,16.5000000000,0.0188159900
1.0600000000,16.6666700000,0.0191402400
1.0800000000,17.1666700000,0.0194664000
1.1000000000,17.1666700000,0.0198307000
1.1200000000,17.0000000000,0.0201549500
1.1400000000,16.8333300000,0.0204792000
1.1600000000,17.0000000000,0.0208034500
1.1800000000,17.6666700000,0.0211277000
1.2000000000,18.3333300000,0.0214519500
1.2200000000,18.6666700000,0.0217781100
1.2400000000,18.3333300000,0.0221023600
1.2600000000,17.1666700000,0.0224666600
1.2800000000,17.1666700000,0.0227909100
1.3000000000,18.0000000000,0.0231151600
1.3200000000,19.5000000000,0.0234813700
1.3400000000,21.3333300000,0.0238056200
1.3600000000,22.5000000000,0.0241298700
1.3800000000,22.5000000000,0.0244541200
1.4000000000,20.8333300000,0.0248184200
1.4200000000,20.0000000000,0.0251426700
1.4400000000,20.0000000000,0.0254669200
1.4600000000,20.0000000000,0.0257930800
1.4800000000,19.1666700000,0.0261173200
1.5000000000,18.0000000000,0.0264816300
1.5200000000,17.5000000000,0.0268058800
1.5400000000,16.8333300000,0.0271301300
1.5600000000,14.8333300000,0.0274543800
1.5800000000,14.8333300000,0.0277786300
1.6000000000,16.3333300000,0.0281448400
1.6200000000,17.6666700000,0.0284690900
1.6400000000,18.6666700000,0.0287933300
1.6600000000,20.1666700000,0.0291576400
1.6800000000,21.3333300000,0.0294818900
1.7000000000,21.6666700000,0.0298080400
1.7200000000,21.8333300000,0.0301723500
1.7400000000,22.3333300000,0.0304966000
1.7600000000,23.8333300000,0.0308208500
1.7800000000,24.6666700000,0.0311451000
1.8000000000,24.8333300000,0.0315113100
1.8200000000,24.0000000000,0.0318355600
1.8400000000,22.8333300000,0.0321598100
1.8600000000,22.6666700000,0.0324840500
1.8800000000,22.6666700000,0.0328083000
1.9000000000,22.6666700000,0.0331325500
1.9200000000,23.3333300000,0.0334968600
1.9400000000,24.1666700000,0.0338230100
1.9600000000,24.0000000000,0.0341472600
1.9800000000,23.3333300000,0.0345115700
2.0000000000,23.1666700000,0.0348358200
2.0200000000,24.0000000000,0.0351600600
2.0400000000,24.6666700000,0.0355262800
2.0600000000,24.6666700000,0.0358505200
2.0800000000,24.3333300000,0.0361747700
2.1000000000,24.3333300000,0.0364990200
2.1200000000,24.3333300000,0.0368232700
2.1400000000,24.6666700000,0.0371875800
2.1600000000,25.3333300000,0.0375118300
2.1800000000,25.5000000000,0.0378360700
2.2000000000,26.3333300000,0.0381622300
2.2200000000,28.0000000000,0.0384864800
2.2400000000,29.1666700000,0.0388107300
2.2600000000,29.1666700000,0.0391750300
2.2800000000,29.1666700000,0.0394992800
2.3000000000,29.1666700000,0.0398235300
2.3200000000,30.0000000000,0.0401897400
2.3400000000,30.6666700000,0.0405139900
2.3600000000,30.3333300000,0.0408382400
2.3800000000,28.5000000000,0.0411624900
2.4000000000,28.5000000000,0.0415267900
2.4200000000,29.0000000000,0.0418510400
2.4400000000,29.6666700000,0.0421772000
2.4600000000,30.0000000000,0.0425014500
2.4800000000,31.3333300000,0.0428257000
2.5000000000,31.3333300000,0.0431499500
2.5200000000,31.1666700000,0.0434742000
2.5400000000,31.1666700000,0.0438385000
2.5600000000,31.1666700000,0.0441627500
2.5800000000,31.3333300000,0.0444889100
2.6000000000,33.1666700000,0.0448131600
2.6200000000,34.1666700000,0.0451774600
2.6400000000,34.8333300000,0.0455017100
2.6600000000,35.3333300000,0.0458259600
2.6800000000,36.0000000000,0.0461921700
2.7000000000,36.0000000000,0.0465164200
2.7200000000,36.0000000000,0.0468406700
2.7400000000,35.5000000000,0.0471649200
2.7600000000,34.8333300000,0.0474891700
2.7800000000,34.8333300000,0.0478534700
2.8000000000,35.8333300000,0.0481777200
2.8200000000,36.0000000000,0.0485038800
2.8400000000,35.3333300000,0.0488281300
2.8600000000,33.5000000000,0.0491523700
2.8800000000,29.8333300000,0.0494766200
2.9000000000,29.8333300000,0.0498008700
2.9200000000,29.8333300000,0.0501651800
2.9400000000,30.8333300000,0.0504894300
2.9600000000,32.3333300000,0.0508136700
2.9800000000,33.0000000000,0.0511798900
3.0000000000,33.6666700000,0.0515041400
3.0200000000,34.8333300000,0.0518283800
3.0400000000,35.5000000000,0.0521526300
3.0600000000,35.6666700000,0.0525169400
3.0800000000,36.6666700000,0.0528430900
3.1000000000,38.1666700000,0.0531673400
3.1200000000,38.6666700000,0.0534915900
3.1400000000,39.3333300000,0.0538158400
3.1600000000,39.8333300000,0.0541400900
3.1800000000,39.8333300000,0.0544643400
3.2000000000,38.8333300000,0.0547885900
3.2200000000,38.0000000000,0.0551128400
3.2400000000,37.5000000000,0.0554790500
3.2600000000,38.1666700000,0.0558033000
3.2800000000,39.5000000000,0.0561275500
3.3000000000,40.0000000000,0.0564518000
3.3200000000,40.6666700000,0.0568161000
3.3400000000,41.1666700000,0.0571403500
3.3600000000,41.5000000000,0.0574665100
3.3800000000,42.0000000000,0.0578308100
3.4000000000,42.0000000000,0.0581550600
3.4200000000,42.3333300000,0.0584793100
3.4400000000,42.8333300000,0.0588035600
3.4600000000,44.0000000000,0.0591278100
3.4800000000,45.8333300000,0.0594520600
3.5000000000,45.8333300000,0.0598182700
3.5200000000,45.8333300000,0.0601425200
3.5400000000,48.1666700000,0.0604667700
3.5600000000,50.6666700000,0.0607910200
3.5800000000,50.5000000000,0.0611152600
3.6000000000,49.0000000000,0.0614795700
3.6200000000,48.8333300000,0.0618057300
3.6400000000,49.0000000000,0.0621299700
3.6600000000,49.3333300000,0.0624542200
3.6800000000,49.3333300000,0.0628185300
3.7000000000,49.6666700000,0.0631427800
3.7200000000,49.8333300000,0.0634670300
3.7400000000,50.6666700000,0.0638332400
3.7600000000,51.5000000000,0.0641574900
3.7800000000,52.3333300000,0.0644817400
3.8000000000,53.5000000000,0.0648059800
3.8200000000,53.5000000000,0.0651302300
3.8400000000,53.3333300000,0.0654544800
3.8600000000,53.0000000000,0.0658206900
3.8800000000,53.1666700000,0.0661449400
3.9000000000,54.0000000000,0.0664691900
3.9200000000,55.0000000000,0.0667934400
3.9400000000,56.3333300000,0.0671176900
3.9600000000,57.1666700000,0.0674819900
3.9800000000,57.0000000000,0.0678062400
4.0000000000,55.6666700000,0.0681324000
4.0200000000,55.5000000000,0.0684967000
4.0400000000,55.5000000000,0.0688209500
4.0600000000,55.6666700000,0.0691452000
4.0800000000,55.8333300000,0.0694694500
4.1000000000,56.6666700000,0.0698356600
4.1200000000,57.8333300000,0.0701599100
4.1400000000,58.1666700000,0.0704841600
4.1600000000,57.6666700000,0.0708084100
4.1800000000,56.8333300000,0.0711326600
4.2000000000,56.0000000000,0.0714969600
4.2200000000,56.0000000000,0.0718212100
4.2400000000,57.0000000000,0.0721473700
4.2600000000,59.1666700000,0.0724716200
4.2800000000,62.0000000000,0.0728359200
4.3000000000,62.8333300000,0.0731601700
4.3200000000,63.3333300000,0.0734844200
4.3400000000,63.3333300000,0.0738506300
4.3600000000,63.5000000000,0.0741748800
4.3800000000,63.8333300000,0.0744991300
4.4000000000,63.8333300000,0.0748233800
4.4200000000,65.1666600000,0.0751876800
4.4400000000,66.8333400000,0.0755119300
4.4600000000,68.1666600000,0.0758361800
4.4800000000,69.5000000000,0.0761623400
4.5000000000,70.5000000000,0.0764865900
4.5200000000,70.5000000000,0.0768108400
4.5400000000,70.6666600000,0.0771751400
4.5600000000,70.6666600000,0.0774993900
4.5800000000,71.1666600000,0.0778236400
4.6000000000,73.1666600000,0.0781478900
4.6200000000,73.1666600000,0.0785141000
4.6400000000,72.8333400000,0.0788383500
4.6600000000,72.6666600000,0.0791626000
4.6800000000,73.0000000000,0.0795269000
4.7000000000,74.0000000000,0.0798511500
4.7200000000,75.3333400000,0.0801754000
4.7400000000,75.8333400000,0.0805015600
4.7600000000,76.6666600000,0.0808258100
4.7800000000,77.8333400000,0.0811901100
4.8000000000,78.6666600000,0.0815143600
4.8200000000,79.0000000000,0.0818386100
4.8400000000,80.1666600000,0.0821628600
4.8600000000,81.5000000000,0.0824871100
4.8800000000,82.6666600000,0.0828132600
4.9000000000,83.1666600000,0.0831775700
4.9200000000,83.1666600000,0.0835018200
4.9400000000,83.5000000000,0.0838260700
4.9600000000,84.1666600000,0.0841503100
4.9800000000,85.0000000000,0.0845165300
5.0000000000,85.0000000000,0.0848407700
5.0200000000,85.0000000000,0.0851650200
5.0400000000,85.6666600000,0.0854892700
5.0600000000,86.8333400000,0.0858535800
5.0800000000,87.6666600000,0.0861778300
5.1000000000,88.0000000000,0.0865020800
5.1200000000,88.0000000000,0.0868282300
5.1400000000,89.1666600000,0.0871524800
5.1600000000,90.8333400000,0.0874767300
5.1800000000,92.0000000000,0.0878009800
5.2000000000,92.0000000000,0.0881652800
5.2200000000,92.0000000000,0.0884895300
5.2400000000,93.5000000000,0.0888137800
5.2600000000,95.3333400000,0.0891380300
5.2800000000,97.0000000000,0.0895042400
5.3000000000,97.6666600000,0.0898284900
5.3200000000,98.6666600000,0.0901527400
5.3400000000,99.3333400000,0.0905170400
5.3600000000,99.8333400000,0.0908432000
5.3800000000,100.1667000000,0.0911674500
5.4000000000,100.1667000000,0.0914917000
5.4200000000,100.6667000000,0.0918159500
5.4400000000,101.8333000000,0.0921802500
5.4600000000,102.1667000000,0.0925045000
5.4800000000,101.8333000000,0.0928287500
5.5000000000,100.8333000000,0.0931530000
5.5200000000,100.5000000000,0.0934791600
5.5400000000,100.5000000000,0.0938034100
5.5600000000,100.5000000000,0.0941677100
5.5800000000,102.0000000000,0.0944919600
5.6000000000,104.8333000000,0.0948162100
5.6200000000,105.3333000000,0.0951404600
5.6400000000,107.1667000000,0.0955066700
5.6600000000,108.8333000000,0.0958309200
5.6800000000,110.0000000000,0.0961551700
5.7000000000,110.5000000000,0.0964794200
5.7200000000,110.5000000000,0.0968437200
5.7400000000,112.0000000000,0.0971679700
5.7600000000,113.0000000000,0.0974941300
5.7800000000,114.6667000000,0.0978183700
5.8000000000,117.1667000000,0.0981426200
5.8200000000,118.1667000000,0.0984668700
5.8400000000,118.1667000000,0.0987911200
5.8600000000,117.8333000000,0.0991153700
5.8800000000,117.5000000000,0.0994396200
5.9000000000,118.1667000000,0.0998058300
5.9200000000,121.5000000000,0.1001301000
5.9400000000,121.6667000000,0.1004543000
5.9600000000,121.5000000000,0.1007786000
5.9800000000,121.3333000000,0.1011429000
6.0000000000,121.5000000000,0.1014671000
6.0200000000,122.1667000000,0.1017914000
6.0400000000,122.1667000000,0.1021576000
6.0600000000,122.5000000000,0.1024818000
6.0800000000,122.8333000000,0.1028061000
6.1000000000,123.5000000000,0.1031303000
6.1200000000,125.1667000000,0.1034546000
6.1400000000,125.3333000000,0.1037788000
6.1600000000,125.6667000000,0.1041451000
6.1800000000,127.6667000000,0.1044693000
6.2000000000,130.6667000000,0.1047935000
6.2200000000,131.3333000000,0.1051178000
6.2400000000,131.3333000000,0.1054420000
6.2600000000,131.3333000000,0.1058064000
6.2800000000,132.5000000000,0.1061306000
6.3000000000,134.1667000000,0.1064568000
6.3200000000,134.1667000000,0.1068211000
6.3400000000,133.8333000000,0.1071453000
6.3600000000,133.8333000000,0.1074696000
6.3800000000,133.8333000000,0.1078339000
6.4000000000,134.1667000000,0.1081600000
6.4200000000,135.0000000000,0.1084843000
6.4400000000,135.1667000000,0.1088085000
6.4600000000,136.6667000000,0.1091328000
6.4800000000,138.6667000000,0.1094971000
6.5000000000,140.3333000000,0.1098213000
6.5200000000,141.0000000000,0.1101456000
6.5400000000,141.0000000000,0.1104717000
6.5600000000,141.1667000000,0.1107960000
6.5800000000,142.6667000000,0.1111202000
6.6000000000,144.8333000000,0.1114845000
6.6200000000,145.6667000000,0.1118088000
6.6400000000,145.6667000000,0.1121750000
6.6600000000,145.6667000000,0.1124992000
6.6800000000,145.5000000000,0.1128235000
6.7000000000,145.3333000000,0.1131477000
6.7200000000,145.6667000000,0.1135120000
6.7400000000,146.0000000000,0.1138363000
6.7600000000,147.0000000000,0.1141605000
6.7800000000,148.6667000000,0.1144867000
6.8000000000,150.0000000000,0.1148109000
6.8200000000,151.1667000000,0.1151752000
6.8400000000,152.3333000000,0.1154995000
6.8600000000,152.5000000000,0.1158237000
6.8800000000,152.0000000000,0.1161480000
6.9000000000,151.5000000000,0.1164722000
6.9200000000,151.5000000000,0.1168385000
6.9400000000,153.3333000000,0.1171627000
6.9600000000,154.8333000000,0.1174870000
6.9800000000,156.3333000000,0.1178513000
7.0000000000,157.3333000000,0.1181755000
7.0200000000,158.0000000000,0.1185017000
7.0400000000,158.5000000000,0.1188660000
7.0600000000,160.5000000000,0.1191902000
7.0800000000,161.5000000000,0.1195145000
7.1000000000,162.1667000000,0.1198387000
7.1200000000,163.0000000000,0.1201630000
7.1400000000,163.0000000000,0.1204872000
7.1600000000,164.6667000000,0.1208115000
7.1800000000,165.6667000000,0.1211777000
7.2000000000,165.6667000000,0.1215019000
7.2200000000,165.8333000000,0.1218262000
7.2400000000,167.3333000000,0.1221504000
7.2600000000,167.8333000000,0.1225147000
7.2800000000,168.3333000000,0.1228409000
7.3000000000,169.0000000000,0.1231651000
7.3200000000,169.8333000000,0.1234894000
7.3400000000,171.3333000000,0.1238537000
7.3600000000,172.1667000000,0.1241779000
7.3800000000,172.6667000000,0.1245022000
7.4000000000,173.3333000000,0.1248264000
7.4200000000,174.3333000000,0.1251926000
7.4400000000,177.1667000000,0.1255169000
7.4600000000,177.5000000000,0.1258411000
7.4800000000,178.0000000000,0.1261654000
7.5000000000,179.1667000000,0.1264896000
7.5200000000,181.1667000000,0.1268139000
7.5400000000,184.0000000000,0.1271381000
7.5600000000,184.3333000000,0.1275043000
7.5800000000,184.3333000000,0.1278286000
7.6000000000,184.3333000000,0.1281528000
7.6200000000,184.6667000000,0.1285172000
7.6400000000,185.0000000000,0.1288414000
7.6600000000,185.1667000000,0.1291676000
7.6800000000,185.6667000000,0.1294918000
7.7000000000,186.8333000000,0.1298561000
7.7200000000,188.3333000000,0.1301804000
7.7400000000,191.0000000000,0.1305046000
7.7600000000,191.3333000000,0.1308289000
7.7800000000,192.0000000000,0.1311531000
7.8000000000,192.6667000000,0.1314793000
7.8200000000,193.1667000000,0.1318436000
7.8400000000,194.0000000000,0.1321678000
7.8600000000,194.8333000000,0.1324921000
7.8800000000,196.1667000000,0.1328163000
7.9000000000,198.1667000000,0.1331406000
7.9200000000,200.5000000000,0.1334648000
7.9400000000,201.5000000000,0.1338310000
7.9600000000,201.5000000000,0.1341553000
7.9800000000,201.5000000000,0.1344795000
8.0000000000,202.0000000000,0.1348438000
8.0200000000,203.0000000000,0.1351681000
8.0400000000,204.6667000000,0.1354923000
8.0600000000,205.6667000000,0.1358185000
8.0800000000,208.0000000000,0.1361427000
8.1000000000,210.0000000000,0.1365070000
8.1200000000,210.8333000000,0.1368313000
8.1400000000,210.8333000000,0.1371555000
8.1600000000,210.0000000000,0.1374798000
8.1800000000,208.6667000000,0.1378040000
8.2000000000,208.0000000000,0.1381302000
8.2200000000,208.3333000000,0.1384544000
8.2400000000,209.8333000000,0.1388187000
8.2600000000,213.0000000000,0.1391430000
8.2800000000,216.1667000000,0.1394672000
8.3000000000,219.6667000000,0.1397915000
8.3200000000,222.6667000000,0.1401577000
8.3400000000,222.6667000000,0.1404819000
8.3600000000,222.6667000000,0.1408062000
8.3800000000,222.6667000000,0.1411304000
8.4000000000,223.6667000000,0.1414948000
8.4200000000,225.3333000000,0.1418190000
8.4400000000,227.1667000000,0.1421452000
8.4600000000,229.0000000000,0.1424694000
8.4800000000,229.8333000000,0.1427937000
8.5000000000,231.1667000000,0.1431179000
8.5200000000,232.6667000000,0.1434422000
8.5400000000,233.0000000000,0.1438065000
8.5600000000,233.5000000000,0.1441307000
8.5800000000,233.6667000000,0.1444550000
8.6000000000,234.6667000000,0.1447811000
8.6200000000,236.3333000000,0.1451454000
8.6400000000,238.0000000000,0.1454697000
8.6600000000,238.0000000000,0.1457939000
8.6800000000,238.5000000000,0.1461601000
8.7000000000,239.1667000000,0.1464844000
8.7200000000,239.8333000000,0.1468086000
8.7400000000,241.0000000000,0.1471329000
8.7600000000,242.8333000000,0.1474571000
8.7800000000,245.6667000000,0.1478214000
8.8000000000,248.0000000000,0.1481457000
8.8200000000,249.3333000000,0.1484699000
8.8400000000,250.0000000000,0.1487961000
8.8600000000,252.5000000000,0.1491203000
8.8800000000,253.5000000000,0.1494446000
8.9000000000,253.8333000000,0.1498089000
8.9200000000,254.0000000000,0.1501331000
8.9400000000,254.1667000000,0.1504574000
8.9600000000,255.0000000000,0.1508236000
8.9800000000,255.8333000000,0.1511478000
9.0000000000,256.6667000000,0.1514721000
9.0200000000,258.0000000000,0.1518364000
9.0400000000,260.0000000000,0.1521606000
9.0600000000,262.6667000000,0.1524849000
9.0800000000,265.0000000000,0.1528111000
9.1000000000,266.5000000000,0.1531754000
9.1200000000,268.1667000000,0.1534996000
9.1400000000,270.3333000000,0.1538239000
9.1600000000,272.8333000000,0.1541481000
9.1800000000,273.6667000000,0.1544724000
9.2000000000,273.8333000000,0.1547966000
9.2200000000,274.1667000000,0.1551628000
9.2400000000,275.3333000000,0.1554871000
9.2600000000,278.3333000000,0.1558113000
9.2800000000,280.5000000000,0.1561756000
9.3000000000,281.1667000000,0.1564999000
9.3200000000,282.0000000000,0.1568260000
9.3400000000,283.8333000000,0.1571903000
9.3600000000,286.0000000000,0.1575146000
9.3800000000,287.1667000000,0.1578388000
9.4000000000,288.1667000000,0.1581631000
9.4200000000,288.5000000000,0.1584873000
9.4400000000,288.6667000000,0.1588535000
9.4600000000,288.8333000000,0.1591778000
9.4800000000,289.5000000000,0.1595020000
9.5000000000,290.6667000000,0.1598263000
9.5200000000,291.8333000000,0.1601505000
9.5400000000,292.6667000000,0.1604748000
9.5600000000,294.3333000000,0.1608410000
9.5800000000,296.1667000000,0.1611652000
9.6000000000,298.3333000000,0.1614895000
9.6200000000,301.6667000000,0.1618538000
9.6400000000,305.6667000000,0.1621780000
9.6600000000,305.6667000000,0.1625023000
9.6800000000,306.8333000000,0.1628265000
9.7000000000,308.1667000000,0.1631927000
9.7200000000,310.1667000000,0.1635170000
9.7400000000,312.6667000000,0.1638412000
9.7600000000,313.0000000000,0.1641655000
9.7800000000,314.0000000000,0.1644897000
9.8000000000,316.6667000000,0.1648560000
9.8200000000,318.3333000000,0.1651802000
9.8400000000,318.3333000000,0.1655045000
9.8600000000,318.6667000000,0.1658287000
9.8800000000,320.0000000000,0.1661530000
9.9000000000,322.1667000000,0.1664772000
9.9200000000,324.0000000000,0.1668415000
9.9400000000,325.0000000000,0.1671658000
9.9600000000,325.0000000000,0.1674919000
9.9800000000,325.5000000000,0.1678162000
10.0000000000,327.6667000000,0.1681805000
10.0200000000,330.3333000000,0.1685047000
10.0400000000,332.0000000000,0.1688290000
10.0600000000,332.3333000000,0.1691532000
10.0800000000,333.8333000000,0.1694775000
10.1000000000,335.6667000000,0.1698437000
10.1200000000,337.3333000000,0.1701679000
10.1400000000,338.6667000000,0.1704922000
10.1600000000,340.5000000000,0.1708164000
10.1800000000,343.5000000000,0.1711407000
10.2000000000,346.3333000000,0.1714649000
10.2200000000,348.0000000000,0.1718311000
10.2400000000,348.5000000000,0.1721554000
10.2600000000,349.0000000000,0.1724796000
10.2800000000,350.0000000000,0.1728439000
10.3000000000,351.6667000000,0.1731682000
10.3200000000,353.3333000000,0.1734924000
10.3400000000,354.5000000000,0.1738186000
10.3600000000,354.8333000000,0.1741829000
10.3800000000,357.3333000000,0.1745071000
10.4000000000,359.8333000000,0.1748314000
10.4200000000,361.3333000000,0.1751556000
10.4400000000,362.3333000000,0.1754799000
10.4600000000,363.6667000000,0.1758041000
10.4800000000,368.8333000000,0.1761703000
10.5000000000,370.1667000000,0.1764946000
10.5200000000,371.1667000000,0.1768188000
10.5400000000,372.5000000000,0.1771431000
10.5600000000,374.0000000000,0.1774673000
10.5800000000,378.5000000000,0.1777916000
10.6000000000,380.6667000000,0.1781578000
10.6200000000,381.6667000000,0.1784821000
10.6400000000,382.8333000000,0.1788063000
10.6600000000,386.0000000000,0.1791306000
10.6800000000,387.5000000000,0.1794949000
10.7000000000,388.0000000000,0.1798191000
10.7200000000,388.3333000000,0.1801434000
10.7400000000,388.8333000000,0.1804695000
10.7600000000,390.1667000000,0.1807938000
10.7800000000,393.6667000000,0.1811180000
10.8000000000,396.0000000000,0.1814423000
10.8200000000,397.3333000000,0.1818066000
10.8400000000,398.1667000000,0.1821308000
10.8600000000,398.8333000000,0.1824551000
10.8800000000,400.1667000000,0.1827812000
10.9000000000,400.6667000000,0.1831055000
10.9200000000,401.5000000000,0.1834698000
10.9400000000,403.5000000000,0.1837940000
10.9600000000,406.6667000000,0.1841183000
10.9800000000,410.1667000000,0.1844845000
11.0000000000,412.0000000000,0.1848087000
11.0200000000,413.5000000000,0.1851330000
11.0400000000,415.1667000000,0.1854572000
11.0600000000,417.6667000000,0.1858215000
11.0800000000,419.8333000000,0.1861458000
11.1000000000,421.1667000000,0.1864700000
11.1200000000,424.0000000000,0.1867943000
11.1400000000,427.5000000000,0.1871204000
11.1600000000,430.5000000000,0.1874447000
11.1800000000,430.5000000000,0.1878090000
11.2000000000,430.5000000000,0.1881332000
11.2200000000,431.0000000000,0.1884575000
11.2400000000,433.1667000000,0.1887817000
11.2600000000,436.6667000000,0.1891479000
11.2800000000,437.6667000000,0.1894722000
11.3000000000,438.3333000000,0.1897964000
11.3200000000,439.5000000000,0.1901608000
11.3400000000,441.1667000000,0.1904850000
11.3600000000,443.0000000000,0.1908092000
11.3800000000,444.1667000000,0.1911755000
11.4000000000,445.3333000000,0.1914997000
11.4200000000,447.3333000000,0.1918240000
11.4400000000,449.8333000000,0.1921482000
11.4600000000,452.1667000000,0.1924725000
11.4800000000,453.8333000000,0.1928387000
11.5000000000,456.5000000000,0.1931629000
11.5200000000,460.0000000000,0.1934872000
11.5400000000,463.1667000000,0.1938114000
11.5600000000,464.6667000000,0.1941357000
11.5800000000,464.6667000000,0.1945000000
11.6000000000,465.6667000000,0.1948242000
11.6200000000,467.3333000000,0.1951504000
11.6400000000,468.8333000000,0.1955147000
11.6600000000,470.0000000000,0.1958389000
11.6800000000,471.0000000000,0.1961632000
11.7000000000,473.3333000000,0.1965275000
11.7200000000,477.1667000000,0.1968536000
11.7400000000,480.5000000000,0.1971779000
11.7600000000,482.3333000000,0.1975021000
11.7800000000,482.5000000000,0.1978264000
11.8000000000,486.8333000000,0.1981506000
11.8200000000,488.1667000000,0.1984749000
11.8400000000,489.0000000000,0.1988392000
11.8600000000,490.8333000000,0.1991653000
11.8800000000,493.1667000000,0.1994896000
11.9000000000,496.8333000000,0.1998138000
11.9200000000,498.5000000000,0.2001781000
11.9400000000,499.5000000000,0.2005024000
11.9600000000,500.8333000000,0.2008266000
11.9800000000,502.8333000000,0.2011929000
12.0000000000,504.0000000000,0.2015171000
12.0200000000,505.0000000000,0.2018414000
12.0400000000,507.0000000000,0.2021656000
12.0600000000,510.5000000000,0.2025299000
12.0800000000,515.5000000000,0.2028542000
12.1000000000,516.3333000000,0.2031803000
12.1200000000,516.8333000000,0.2035046000
12.1400000000,517.6667000000,0.2038288000
12.1600000000,518.6667000000,0.2041531000
12.1800000000,520.3333000000,0.2044773000
12.2000000000,522.1667000000,0.2048416000
12.2200000000,524.1667000000,0.2051659000
12.2400000000,526.8333000000,0.2054901000
12.2600000000,530.6667000000,0.2058163000
12.2800000000,534.6667000000,0.2061806000
12.3000000000,539.0000000000,0.2065048000
12.3200000000,540.5000000000,0.2068291000
12.3400000000,541.0000000000,0.2071953000
12.3600000000,541.6667000000,0.2075195000
12.3800000000,543.8333000000,0.2078438000
12.4000000000,547.0000000000,0.2081680000
12.4200000000,550.3333000000,0.2084923000
12.4400000000,553.3333000000,0.2088165000
12.4600000000,556.0000000000,0.2091808000
12.4800000000,558.3333000000,0.2095051000
12.5000000000,562.0000000000,0.2098312000
12.5200000000,562.6667000000,0.2101555000
12.5400000000,563.0000000000,0.2104797000
12.5600000000,564.3333000000,0.2108040000
12.5800000000,567.1667000000,0.2111683000
12.6000000000,569.8333000000,0.2114925000
12.6200000000,571.1667000000,0.2118168000
12.6400000000,573.0000000000,0.2121830000
12.6600000000,575.0000000000,0.2125072000
12.6800000000,576.6667000000,0.2128315000
12.7000000000,579.0000000000,0.2131557000
12.7200000000,581.6667000000,0.2134800000
12.7400000000,585.1667000000,0.2138462000
12.7600000000,588.8333000000,0.2141705000
12.7800000000,591.1667000000,0.2144947000
12.8000000000,592.6667000000,0.2148190000
12.8200000000,595.8333000000,0.2151432000
12.8400000000,599.0000000000,0.2154675000
12.8600000000,601.8333000000,0.2157917000
12.8800000000,603.8333000000,0.2161579000
12.9000000000,605.3333000000,0.2164822000
12.9200000000,607.6667000000,0.2168064000
12.9400000000,609.1667000000,0.2171307000
12.9600000000,610.3333000000,0.2174950000
12.9800000000,611.6667000000,0.2178192000
13.0000000000,614.1667000000,0.2181435000
13.0200000000,617.0000000000,0.2184677000
13.0400000000,620.0000000000,0.2188339000
13.0600000000,623.1667000000,0.2191582000
13.0800000000,626.8333000000,0.2194824000
13.1000000000,629.0000000000,0.2198067000
13.1200000000,630.5000000000,0.2201309000
13.1400000000,633.5000000000,0.2204552000
13.1600000000,637.0000000000,0.2207794000
13.1800000000,639.6667000000,0.2211056000
13.2000000000,641.1667000000,0.2214699000
13.2200000000,644.5000000000,0.2217941000
13.2400000000,648.3333000000,0.2221184000
13.2600000000,651.3333000000,0.2224426000
13.2800000000,653.0000000000,0.2228088000
13.3000000000,655.3333000000,0.2231331000
13.3200000000,658.5000000000,0.2234573000
13.3400000000,660.5000000000,0.2238216000
13.3600000000,661.1667000000,0.2241459000
13.3800000000,662.1667000000,0.2244701000
13.4000000000,667.1667000000,0.2247944000
13.4200000000,670.0000000000,0.2251205000
13.4400000000,671.1667000000,0.2254448000
13.4600000000,672.5000000000,0.2258091000
13.4800000000,674.6667000000,0.2261333000
13.5000000000,676.6667000000,0.2264576000
13.5200000000,677.0000000000,0.2267818000
13.5400000000,678.0000000000,0.2271061000
13.5600000000,681.0000000000,0.2274723000
13.5800000000,686.5000000000,0.2277966000
13.6000000000,692.5000000000,0.2281208000
13.6200000000,696.1667000000,0.2284851000
13.6400000000,698.8333000000,0.2288094000
13.6600000000,700.6667000000,0.2291355000
13.6800000000,702.6667000000,0.2294998000
13.7000000000,706.3333000000,0.2298241000
13.7200000000,711.3333000000,0.2301483000
13.7400000000,714.3333000000,0.2304726000
13.7600000000,716.5000000000,0.2308388000
13.7800000000,718.8333000000,0.2311630000
13.8000000000,721.6667000000,0.2314873000
13.8200000000,723.6667000000,0.2318115000
13.8400000000,724.8333000000,0.2321358000
13.8600000000,726.3333000000,0.2324600000
13.8800000000,728.8333000000,0.2328243000
13.9000000000,732.3333000000,0.2331486000
13.9200000000,735.3333000000,0.2334747000
13.9400000000,738.0000000000,0.2338390000
13.9600000000,740.1667000000,0.2341633000
13.9800000000,742.5000000000,0.2344875000
14.0000000000,746.1667000000,0.2348537000
14.0200000000,749.3333000000,0.2351780000
14.0400000000,751.0000000000,0.2355022000
14.0600000000,752.5000000000,0.2358265000
14.0800000000,754.8333000000,0.2361507000
14.1000000000,758.1667000000,0.2364750000
14.1200000000,762.6667000000,0.2368393000
14.1400000000,766.3333000000,0.2371635000
14.1600000000,769.6667000000,0.2374897000
14.1800000000,772.5000000000,0.2378139000
14.2000000000,774.1667000000,0.2381382000
14.2200000000,775.8333000000,0.2385025000
14.2400000000,779.1667000000,0.2388268000
14.2600000000,782.5000000000,0.2391510000
14.2800000000,785.3333000000,0.2395172000
14.3000000000,787.3333000000,0.2398415000
14.3200000000,788.1667000000,0.2401657000
14.3400000000,790.3333000000,0.2405300000
14.3600000000,793.0000000000,0.2408543000
14.3800000000,796.3333000000,0.2411785000
14.4000000000,800.1667000000,0.2415047000
14.4200000000,802.3333000000,0.2418289000
14.4400000000,804.6667000000,0.2421532000
14.4600000000,807.6667000000,0.2425175000
14.4800000000,810.8333000000,0.2428417000
14.5000000000,813.5000000000,0.2431660000
14.5200000000,816.1667000000,0.2434902000
14.5400000000,819.8333000000,0.2438164000
14.5600000000,823.3333000000,0.2441807000
14.5800000000,826.3333000000,0.2445049000
14.6000000000,829.1667000000,0.2448292000
14.6200000000,832.3333000000,0.2451534000
14.6400000000,834.8333000000,0.2455196000
14.6600000000,836.3333000000,0.2458439000
14.6800000000,837.3333000000,0.2461681000
14.7000000000,838.6667000000,0.2464924000
14.7200000000,842.8333000000,0.2468567000
14.7400000000,846.3333000000,0.2471809000
14.7600000000,849.8333000000,0.2475052000
14.7800000000,852.8333000000,0.2478294000
14.8000000000,854.8333000000,0.2481556000
14.8200000000,856.5000000000,0.2484798000
14.8400000000,858.3333000000,0.2488041000
14.8600000000,860.0000000000,0.2491684000
14.8800000000,862.5000000000,0.2494926000
14.9000000000,866.3333000000,0.2498169000
14.9200000000,868.8333000000,0.2501411000
14.9400000000,872.3333000000,0.2505074000
14.9600000000,876.6667000000,0.2508316000
14.9800000000,880.1667000000,0.2511559000
15.0000000000,881.6667000000,0.2514801000
15.0200000000,884.3333000000,0.2518444000
15.0400000000,889.0000000000,0.2521706000
15.0600000000,891.8333000000,0.2524948000
15.0800000000,893.8333000000,0.2528191000
15.1000000000,896.1667000000,0.2531433000
15.1200000000,899.6667000000,0.2534676000
15.1400000000,903.3333000000,0.2538319000
15.1600000000,906.5000000000,0.2541561000
15.1800000000,908.5000000000,0.2544823000
15.2000000000,909.6667000000,0.2548065000
15.2200000000,912.0000000000,0.2551308000
15.2400000000,915.0000000000,0.2554550000
15.2600000000,917.5000000000,0.2558193000
15.2800000000,919.8333000000,0.2561436000
15.3000000000,922.5000000000,0.2564678000
15.3200000000,925.0000000000,0.2568340000
15.3400000000,928.6667000000,0.2571583000
15.3600000000,931.0000000000,0.2574825000
15.3800000000,933.5000000000,0.2578068000
15.4000000000,937.1667000000,0.2581711000
15.4200000000,941.6667000000,0.2584972000
15.4400000000,944.3333000000,0.2588215000
15.4600000000,946.8333000000,0.2591457000
15.4800000000,948.8333000000,0.2594700000
15.5000000000,950.8333000000,0.2597942000
15.5200000000,955.0000000000,0.2601185000
15.5400000000,958.3333000000,0.2604828000
15.5600000000,960.5000000000,0.2608070000
15.5800000000,962.6667000000,0.2611332000
15.6000000000,965.1667000000,0.2614574000
15.6200000000,967.0000000000,0.2618217000
15.6400000000,969.0000000000,0.2621460000
15.6600000000,971.8333000000,0.2624702000
15.6800000000,975.1667000000,0.2627945000
15.7000000000,978.6667000000,0.2631607000
15.7200000000,981.8333000000,0.2634850000
15.7400000000,983.6667000000,0.2638092000
15.7600000000,986.3333000000,0.2641335000
15.7800000000,990.0000000000,0.2644577000
15.8000000000,993.5000000000,0.2647820000
15.8200000000,995.5000000000,0.2651062000
15.8400000000,997.1667000000,0.2654724000
15.8600000000,1000.6670000000,0.2657967000
15.8800000000,1005.1670000000,0.2661209000
15.9000000000,1009.6670000000,0.2664452000
15.9200000000,1012.8330000000,0.2668095000
15.9400000000,1014.0000000000,0.2671337000
15.9600000000,1017.1670000000,0.2674599000
15.9800000000,1020.5000000000,0.2678242000
16.0000000000,1023.1670000000,0.2681484000
16.0200000000,1024.3330000000,0.2684727000
16.0400000000,1027.0000000000,0.2687969000
16.0600000000,1029.1670000000,0.2691212000
16.0800000000,1032.8330000000,0.2694874000
16.1000000000,1037.1670000000,0.2698116000
16.1200000000,1040.1670000000,0.2701359000
16.1400000000,1041.1670000000,0.2704601000
16.1600000000,1042.6670000000,0.2707844000
16.1800000000,1044.8330000000,0.2711487000
16.2000000000,1048.0000000000,0.2714748000
16.2200000000,1052.8330000000,0.2717991000
16.2400000000,1056.0000000000,0.2721233000
16.2600000000,1060.3330000000,0.2724876000
16.2800000000,1064.3330000000,0.2728119000
16.3000000000,1067.0000000000,0.2731781000
16.3200000000,1068.1670000000,0.2735023000
16.3400000000,1070.1670000000,0.2738266000
16.3600000000,1073.8330000000,0.2741508000
16.3800000000,1078.1670000000,0.2745152000
16.4000000000,1082.1670000000,0.2748394000
16.4200000000,1084.8330000000,0.2751637000
16.4400000000,1087.6670000000,0.2754879000
16.4600000000,1090.3330000000,0.2758141000
16.4800000000,1092.6670000000,0.2761383000
16.5000000000,1094.8330000000,0.2765026000
16.5200000000,1097.0000000000,0.2768269000
16.5400000000,1099.8330000000,0.2771511000
16.5600000000,1103.6670000000,0.2774754000
16.5800000000,1106.8330000000,0.2778416000
16.6000000000,1109.0000000000,0.2781658000
16.6200000000,1111.3330000000,0.2784901000
16.6400000000,1114.1670000000,0.2788544000
16.6600000000,1118.3330000000,0.2791786000
16.6800000000,1121.8330000000,0.2795029000
16.7000000000,1124.3330000000,0.2798290000
16.7200000000,1126.1670000000,0.2801533000
16.7400000000,1129.8330000000,0.2804775000
16.7600000000,1134.6670000000,0.2808418000
16.7800000000,1138.5000000000,0.2811661000
16.8000000000,1141.1670000000,0.2814903000
16.8200000000,1143.0000000000,0.2818146000
16.8400000000,1146.0000000000,0.2821407000
16.8600000000,1149.0000000000,0.2825050000
16.8800000000,1152.3330000000,0.2828293000
16.9000000000,1155.5000000000,0.2831535000
16.9200000000,1157.6670000000,0.2835178000
16.9400000000,1159.3330000000,0.2838440000
16.9600000000,1162.3330000000,0.2841682000
16.9800000000,1165.1670000000,0.2844925000
17.0000000000,1168.0000000000,0.2848568000
17.0200000000,1171.3330000000,0.2851810000
17.0400000000,1176.5000000000,0.2855053000
17.0600000000,1180.1670000000,0.2858295000
17.0800000000,1182.8330000000,0.2861557000
17.1000000000,1185.8330000000,0.2865200000
17.1200000000,1189.5000000000,0.2868443000
17.1400000000,1192.8330000000,0.2871685000
17.1600000000,1194.0000000000,0.2874928000
17.1800000000,1195.8330000000,0.2878170000
17.2000000000,1199.0000000000,0.2881413000
17.2200000000,1203.5000000000,0.2885075000
17.2400000000,1207.5000000000,0.2888317000
17.2600000000,1211.6670000000,0.2891560000
17.2800000000,1215.0000000000,0.2895203000
17.3000000000,1217.3330000000,0.2898445000
17.3200000000,1219.0000000000,0.2901707000
17.3400000000,1222.3330000000,0.2904949000
17.3600000000,1226.3330000000,0.2908592000
17.3800000000,1228.8330000000,0.2911835000
17.4000000000,1231.0000000000,0.2915077000
17.4200000000,1233.8330000000,0.2918320000
17.4400000000,1238.1670000000,0.2921562000
17.4600000000,1239.8330000000,0.2924805000
17.4800000000,1241.0000000000,0.2928066000
17.5000000000,1242.5000000000,0.2931709000
17.5200000000,1245.0000000000,0.2934952000
17.5400000000,1247.1670000000,0.2938194000
17.5600000000,1252.3330000000,0.2941437000
17.5800000000,1256.8330000000,0.2945099000
17.6000000000,1261.5000000000,0.2948341000
17.6200000000,1266.6670000000,0.2951584000
17.6400000000,1271.3330000000,0.2954826000
17.6600000000,1272.5000000000,0.2958469000
17.6800000000,1274.5000000000,0.2961712000
17.7000000000,1278.5000000000,0.2964954000
17.7200000000,1283.5000000000,0.2968216000
17.7400000000,1286.1670000000,0.2971458000
17.7600000000,1288.0000000000,0.2974701000
17.7800000000,1293.3330000000,0.2978344000
17.8000000000,1297.8330000000,0.2981586000
17.8200000000,1299.5000000000,0.2984829000
17.8400000000,1299.6670000000,0.2988071000
17.8600000000,1302.8330000000,0.2991333000
17.8800000000,1306.3330000000,0.2994576000
17.9000000000,1309.8330000000,0.2998219000
17.9200000000,1313.3330000000,0.3001461000
17.9400000000,1316.0000000000,0.3004704000
17.9600000000,1318.6670000000,0.3007946000
17.9800000000,1321.5000000000,0.3011608000
18.0000000000,1323.8330000000,0.3014851000
18.0200000000,1326.1670000000,0.3018093000
18.0400000000,1329.0000000000,0.3021336000
18.0600000000,1332.8330000000,0.3024578000
18.0800000000,1337.0000000000,0.3028221000
18.1000000000,1340.6670000000,0.3031464000
18.1200000000,1343.8330000000,0.3034725000
18.1400000000,1347.5000000000,0.3037968000
18.1600000000,1351.3330000000,0.3041210000
18.1800000000,1355.0000000000,0.3044453000
18.2000000000,1358.5000000000,0.3048096000
18.2200000000,1361.6670000000,0.3051338000
18.2400000000,1363.6670000000,0.3054581000
18.2600000000,1366.1670000000,0.3057842000
18.2800000000,1369.1670000000,0.3061485000
18.3000000000,1372.0000000000,0.3064728000
18.3200000000,1374.3330000000,0.3067970000
18.3400000000,1376.1670000000,0.3071213000
18.3600000000,1380.3330000000,0.3074875000
18.3800000000,1385.3330000000,0.3078117000
18.4000000000,1389.0000000000,0.3081360000
18.4200000000,1391.6670000000,0.3084602000
18.4400000000,1394.8330000000,0.3087845000
18.4600000000,1397.8330000000,0.3091087000
18.4800000000,1401.5000000000,0.3094730000
18.5000000000,1405.0000000000,0.3097992000
18.5200000000,1408.0000000000,0.3101234000
18.5400000000,1409.8330000000,0.3104477000
18.5600000000,1413.6670000000,0.3108120000
18.5800000000,1418.6670000000,0.3111362000
18.6000000000,1422.5000000000,0.3114605000
18.6200000000,1425.1670000000,0.3118267000
18.6400000000,1427.0000000000,0.3121510000
18.6600000000,1430.3330000000,0.3124752000
18.6800000000,1434.0000000000,0.3128395000
18.7000000000,1437.3330000000,0.3131638000
18.7200000000,1440.1670000000,0.3134880000
18.7400000000,1443.0000000000,0.3138142000
18.7600000000,1447.5000000000,0.3141384000
18.7800000000,1451.1670000000,0.3144627000
18.8000000000,1454.1670000000,0.3148270000
18.8200000000,1456.5000000000,0.3151512000
18.8400000000,1458.6670000000,0.3154755000
18.8600000000,1461.5000000000,0.3157997000
18.8800000000,1465.3330000000,0.3161659000
18.9000000000,1468.8330000000,0.3164902000
18.9200000000,1472.6670000000,0.3168144000
18.9400000000,1477.3330000000,0.3171787000
18.9600000000,1481.5000000000,0.3175030000
18.9800000000,1484.5000000000,0.3178291000
19.0000000000,1487.0000000000,0.3181534000
19.0200000000,1489.8330000000,0.3185177000
19.0400000000,1493.6670000000,0.3188419000
19.0600000000,1498.8330000000,0.3191662000
19.0800000000,1502.1670000000,0.3194904000
19.1000000000,1505.6670000000,0.3198147000
19.1200000000,1510.3330000000,0.3201809000
19.1400000000,1515.3330000000,0.3205051000
19.1600000000,1516.6670000000,0.3208294000
19.1800000000,1517.3330000000,0.3211536000
19.2000000000,1519.3330000000,0.3214779000
19.2200000000,1522.3330000000,0.3218422000
19.2400000000,1525.5000000000,0.3221684000
19.2600000000,1529.5000000000,0.3224926000
19.2800000000,1532.8330000000,0.3228569000
19.3000000000,1535.1670000000,0.3231812000
19.3200000000,1537.8330000000,0.3235054000
19.3400000000,1541.1670000000,0.3238297000
19.3600000000,1544.1670000000,0.3241959000
19.3800000000,1547.5000000000,0.3245201000
19.4000000000,1552.1670000000,0.3248444000
19.4200000000,1557.1670000000,0.3251686000
19.4400000000,1561.5000000000,0.3254929000
19.4600000000,1564.0000000000,0.3258171000
19.4800000000,1565.8330000000,0.3261414000
19.5000000000,1568.3330000000,0.3265076000
19.5200000000,1571.8330000000,0.3268318000
19.5400000000,1576.1670000000,0.3271561000
19.5600000000,1579.6670000000,0.3274803000
19.5800000000,1582.3330000000,0.3278446000
19.6000000000,1585.1670000000,0.3281689000
19.6200000000,1588.0000000000,0.3284950000
19.6400000000,1590.8330000000,0.3288593000
19.6600000000,1594.0000000000,0.3291836000
19.6800000000,1597.1670000000,0.3295078000
19.7000000000,1602.1670000000,0.3298321000
19.7200000000,1606.6670000000,0.3301563000
19.7400000000,1609.8330000000,0.3305225000
19.7600000000,1610.8330000000,0.3308468000
19.7800000000,1613.1670000000,0.3311710000
19.8000000000,1616.5000000000,0.3314953000
19.8200000000,1620.6670000000,0.3318195000
19.8400000000,1625.5000000000,0.3321438000
19.8600000000,1630.1670000000,0.3324680000
19.8800000000,1636.0000000000,0.3328342000
19.9000000000,1640.1670000000,0.3331585000
19.9200000000,1642.1670000000,0.3334827000
19.9400000000,1642.6670000000,0.3338470000
19.9600000000,1644.1670000000,0.3341713000
19.9800000000,1647.1670000000,0.3344955000
20.0000000000,1651.8330000000,0.3348198000
20.0200000000,1655.6670000000,0.3351460000
20.0400000000,1658.1670000000,0.3355103000
20.0600000000,1660.8330000000,0.3358345000
20.0800000000,1667.0000000000,0.3361588000
20.1000000000,1671.5000000000,0.3364830000
20.1200000000,1674.1670000000,0.3368073000
20.1400000000,1675.3330000000,0.3371315000
20.1600000000,1677.1670000000,0.3374577000
20.1800000000,1682.0000000000,0.3378220000
20.2000000000,1686.5000000000,0.3381462000
20.2200000000,1689.1670000000,0.3384705000
20.2400000000,1691.1670000000,0.3387947000
20.2600000000,1695.0000000000,0.3391609000
20.2800000000,1700.3330000000,0.3394852000
20.3000000000,1703.6670000000,0.3398094000
20.3200000000,1706.0000000000,0.3401737000
20.3400000000,1708.1670000000,0.3404980000
20.3600000000,1711.8330000000,0.3408222000
20.3800000000,1718.1670000000,0.3411465000
20.4000000000,1722.1670000000,0.3414726000
20.4200000000,1725.0000000000,0.3417969000
20.4400000000,1728.3330000000,0.3421612000
20.4600000000,1732.8330000000,0.3424854000
20.4800000000,1734.8330000000,0.3428097000
20.5000000000,1736.3330000000,0.3431339000
20.5200000000,1738.8330000000,0.3434582000
20.5400000000,1742.1670000000,0.3437824000
20.5600000000,1745.8330000000,0.3441486000
20.5800000000,1750.6670000000,0.3444729000
20.6000000000,1753.6670000000,0.3447971000
20.6200000000,1755.6670000000,0.3451214000
20.6400000000,1758.3330000000,0.3454857000
20.6600000000,1762.6670000000,0.3458118000
20.6800000000,1765.5000000000,0.3461361000
20.7000000000,1768.8330000000,0.3464603000
20.7200000000,1773.0000000000,0.3467846000
20.7400000000,1777.5000000000,0.3471489000
20.7600000000,1781.3330000000,0.3474731000
20.7800000000,1784.3330000000,0.3477974000
20.8000000000,1786.6670000000,0.3481236000
20.8200000000,1790.1670000000,0.3484478000
20.8400000000,1794.1670000000,0.3487720000
20.8600000000,1797.5000000000,0.3491364000
20.8800000000,1799.3330000000,0.3494606000
20.9000000000,1802.6670000000,0.3497849000
20.9200000000,1806.6670000000,0.3501511000
20.9400000000,1810.0000000000,0.3504753000
20.9600000000,1812.3330000000,0.3507996000
20.9800000000,1815.5000000000,0.3511639000
21.0000000000,1819.5000000000,0.3514881000
21.0200000000,1823.3330000000,0.3518124000
21.0400000000,1827.5000000000,0.3521385000
21.0600000000,1832.1670000000,0.3524628000
21.0800000000,1835.6670000000,0.3528271000
21.1000000000,1837.6670000000,0.3531513000
21.1200000000,1841.5000000000,0.3534756000
21.1400000000,1846.0000000000,0.3537998000
21.1600000000,1850.1670000000,0.3541241000
21.1800000000,1852.5000000000,0.3544502000
21.2000000000,1856.0000000000,0.3548145000
21.2200000000,1861.1670000000,0.3551388000
21.2400000000,1866.0000000000,0.3554630000
21.2600000000,1869.0000000000,0.3558273000
21.2800000000,1870.8330000000,0.3561535000
21.3000000000,1873.8330000000,0.3565178000
21.3200000000,1877.1670000000,0.3568420000
21.3400000000,1880.5000000000,0.3571663000
21.3600000000,1883.6670000000,0.3574905000
21.3800000000,1887.0000000000,0.3578148000
21.4000000000,1892.3330000000,0.3581810000
21.4200000000,1895.3330000000,0.3585052000
21.4400000000,1896.8330000000,0.3588295000
21.4600000000,1898.5000000000,0.3591537000
21.4800000000,1901.5000000000,0.3594780000
21.5000000000,1902.8330000000,0.3598022000
21.5200000000,1906.3330000000,0.3601685000
21.5400000000,1911.0000000000,0.3604927000
21.5600000000,1916.1670000000,0.3608170000
21.5800000000,1921.0000000000,0.3611813000
21.6000000000,1926.6670000000,0.3615055000
21.6200000000,1930.6670000000,0.3618298000
21.6400000000,1933.3330000000,0.3621960000
21.6600000000,1935.6670000000,0.3625202000
21.6800000000,1939.1670000000,0.3628445000
21.7000000000,1943.8330000000,0.3631687000
21.7200000000,1948.6670000000,0.3634930000
21.7400000000,1952.6670000000,0.3638172000
21.7600000000,1956.0000000000,0.3641815000
21.7800000000,1959.5000000000,0.3645077000
21.8000000000,1961.5000000000,0.3648319000
21.8200000000,1962.6670000000,0.3651562000
21.8400000000,1965.1670000000,0.3654804000
21.8600000000,1969.1670000000,0.3658447000
21.8800000000,1973.6670000000,0.3661690000
21.9000000000,1979.5000000000,0.3664932000
21.9200000000,1983.0000000000,0.3668194000
21.9400000000,1984.8330000000,0.3671837000
21.9600000000,1986.8330000000,0.3675079000
21.9800000000,1990.5000000000,0.3678322000
22.0000000000,1994.0000000000,0.3681564000
22.0200000000,1997.0000000000,0.3685226000
22.0400000000,2000.0000000000,0.3688469000
22.0600000000,2004.0000000000,0.3691711000
22.0800000000,2010.0000000000,0.3694954000
22.1000000000,2015.0000000000,0.3698196000
22.1200000000,2017.8330000000,0.3701439000
22.1400000000,2020.6670000000,0.3705082000
22.1600000000,2024.1670000000,0.3708344000
22.1800000000,2028.5000000000,0.3711586000
22.2000000000,2032.1670000000,0.3714828000
22.2200000000,2035.0000000000,0.3718472000
22.2400000000,2037.8330000000,0.3721714000
22.2600000000,2041.0000000000,0.3724957000
22.2800000000,2043.8330000000,0.3728199000
22.3000000000,2045.6670000000,0.3731861000
22.3200000000,2048.0000000000,0.3735104000
22.3400000000,2051.6670000000,0.3738346000
22.3600000000,2056.5000000000,0.3741589000
22.3800000000,2061.5000000000,0.3744831000
22.4000000000,2064.5000000000,0.3748074000
22.4200000000,2066.8330000000,0.3751736000
22.4400000000,2070.8330000000,0.3754978000
22.4600000000,2075.8330000000,0.3758221000
22.4800000000,2080.1670000000,0.3761463000
22.5000000000,2082.5000000000,0.3764706000
22.5200000000,2085.0000000000,0.3767948000
22.5400000000,2088.5000000000,0.3771591000
22.5600000000,2092.6670000000,0.3774853000
22.5800000000,2097.1670000000,0.3778095000
22.6000000000,2099.5000000000,0.3781338000
22.6200000000,2102.3330000000,0.3784981000
22.6400000000,2105.8330000000,0.3788223000
22.6600000000,2109.5000000000,0.3791466000
22.6800000000,2112.5000000000,0.3794708000
22.7000000000,2115.1670000000,0.3798370000
22.7200000000,2117.6670000000,0.3801613000
22.7400000000,2122.3330000000,0.3804855000
22.7600000000,2128.0000000000,0.3808098000
22.7800000000,2132.6670000000,0.3811340000
22.8000000000,2134.3330000000,0.3814583000
22.8200000000,2136.6670000000,0.3817825000
22.8400000000,2139.5000000000,0.3821487000
22.8600000000,2142.3330000000,0.3824730000
22.8800000000,2145.0000000000,0.3827972000
22.9000000000,2148.1670000000,0.3831215000
22.9200000000,2153.6670000000,0.3834858000
22.9400000000,2158.8330000000,0.3838120000
22.9600000000,2162.6670000000,0.3841362000
22.9800000000,2164.8330000000,0.3844604000
23.0000000000,2167.0000000000,0.3848248000
23.0200000000,2171.6670000000,0.3851490000
23.0400000000,2176.5000000000,0.3854733000
23.0600000000,2180.1670000000,0.3857975000
23.0800000000,2182.8330000000,0.3861217000
23.1000000000,2186.5000000000,0.3864479000
23.1200000000,2191.6670000000,0.3867722000
23.1400000000,2195.1670000000,0.3871365000
23.1600000000,2196.8330000000,0.3874607000
23.1800000000,2198.0000000000,0.3877850000
23.2000000000,2201.3330000000,0.3881092000
23.2200000000,2206.3330000000,0.3884754000
23.2400000000,2211.3330000000,0.3887997000
23.2600000000,2214.5000000000,0.3891239000
23.2800000000,2216.1670000000,0.3894882000
23.3000000000,2218.3330000000,0.3898125000
23.3200000000,2222.3330000000,0.3901367000
23.3400000000,2226.0000000000,0.3904629000
23.3600000000,2229.5000000000,0.3908272000
23.3800000000,2233.3330000000,0.3911514000
23.4000000000,2237.3330000000,0.3914757000
23.4200000000,2241.6670000000,0.3917999000
23.4400000000,2245.5000000000,0.3921242000
23.4600000000,2249.1670000000,0.3924484000
23.4800000000,2252.6670000000,0.3928146000
23.5000000000,2256.1670000000,0.3931389000
23.5200000000,2259.1670000000,0.3934631000
23.5400000000,2262.3330000000,0.3938274000
23.5600000000,2265.0000000000,0.3941517000
23.5800000000,2267.5000000000,0.3944778000
23.6000000000,2270.0000000000,0.3948421000
23.6200000000,2274.5000000000,0.3951664000
23.6400000000,2278.1670000000,0.3954906000
23.6600000000,2281.6670000000,0.3958549000
23.6800000000,2285.3330000000,0.3961811000
23.7000000000,2289.3330000000,0.3965054000
23.7200000000,2294.6670000000,0.3968296000
23.7400000000,2298.6670000000,0.3971539000
23.7600000000,2301.1670000000,0.3974781000
23.7800000000,2303.3330000000,0.3978424000
23.8000000000,2306.0000000000,0.3981667000
23.8200000000,2308.3330000000,0.3984928000
23.8400000000,2312.3330000000,0.3988171000
23.8600000000,2317.6670000000,0.3991814000
23.8800000000,2323.0000000000,0.3995056000
23.9000000000,2326.6670000000,0.3998299000
23.9200000000,2329.3330000000,0.4001541000
23.9400000000,2331.5000000000,0.4005203000
23.9600000000,2334.1670000000,0.4008446000
23.9800000000,2337.6670000000,0.4011688000
24.0000000000,2341.6670000000,0.4015331000
24.0200000000,2345.3330000000,0.4018574000
24.0400000000,2349.3330000000,0.4021816000
24.0600000000,2353.0000000000,0.4025078000
24.0800000000,2356.3330000000,0.4028320000
24.1000000000,2359.5000000000,0.4031563000
24.1200000000,2361.8330000000,0.4034805000
24.1400000000,2364.8330000000,0.4038448000
24.1600000000,2368.1670000000,0.4041691000
24.1800000000,2372.3330000000,0.4044933000
24.2000000000,2377.8330000000,0.4048176000
24.2200000000,2382.0000000000,0.4051838000
24.2400000000,2383.8330000000,0.4055080000
24.2600000000,2386.3330000000,0.4058323000
24.2800000000,2390.0000000000,0.4061565000
24.3000000000,2394.3330000000,0.4065208000
24.3200000000,2397.6670000000,0.4068470000
24.3400000000,2401.0000000000,0.4071712000
24.3600000000,2404.6670000000,0.4074955000
24.3800000000,2408.6670000000,0.4078598000
24.4000000000,2412.6670000000,0.4081841000
24.4200000000,2417.0000000000,0.4085083000
24.4400000000,2419.6670000000,0.4088326000
24.4600000000,2424.0000000000,0.4091587000
24.4800000000,2429.0000000000,0.4094830000
24.5000000000,2432.1670000000,0.4098072000
24.5200000000,2432.8330000000,0.4101715000
24.5400000000,2435.8330000000,0.4104958000
24.5600000000,2441.0000000000,0.4108200000
24.5800000000,2445.8330000000,0.4111443000
24.6000000000,2448.0000000000,0.4115105000
24.6200000000,2448.6670000000,0.4118347000
24.6400000000,2452.6670000000,0.4121590000
24.6600000000,2455.8330000000,0.4124832000
24.6800000000,2458.6670000000,0.4128475000
24.7000000000,2462.1670000000,0.4131737000
24.7200000000,2466.3330000000,0.4134979000
24.7400000000,2470.8330000000,0.4138222000
24.7600000000,2475.0000000000,0.4141464000
24.7800000000,2478.6670000000,0.4144707000
24.8000000000,2481.8330000000,0.4147949000
24.8200000000,2485.3330000000,0.4151592000
24.8400000000,2488.8330000000,0.4154854000
24.8600000000,2492.8330000000,0.4158096000
24.8800000000,2496.6670000000,0.4161339000
24.9000000000,2499.6670000000,0.4164982000
24.9200000000,2501.1670000000,0.4168224000
24.9400000000,2504.3330000000,0.4171467000
24.9600000000,2508.0000000000,0.4174709000
24.9800000000,2511.8330000000,0.4178371000
25.0000000000,2515.5000000000,0.4181614000
25.0200000000,2518.6670000000,0.4184856000
25.0400000000,2522.6670000000,0.4188099000
25.0600000000,2527.8330000000,0.4191341000
25.0800000000,2532.1670000000,0.4194584000
25.1000000000,2534.8330000000,0.4197826000
25.1200000000,2537.8330000000,0.4201488000
25.1400000000,2542.5000000000,0.4204731000
25.1600000000,2545.8330000000,0.4207973000
25.1800000000,2549.1670000000,0.4211216000
25.2000000000,2553.5000000000,0.4214458000
25.2200000000,2558.6670000000,0.4218102000
25.2400000000,2563.6670000000,0.4221363000
25.2600000000,2566.3330000000,0.4224606000
25.2800000000,2567.1670000000,0.4228249000
25.3000000000,2568.0000000000,0.4231491000
25.3200000000,2571.3330000000,0.4234734000
25.3400000000,2574.3330000000,0.4237976000
25.3600000000,2578.1670000000,0.4241219000
25.3800000000,2582.8330000000,0.4244881000
25.4000000000,2587.8330000000,0.4248123000
25.4200000000,2591.0000000000,0.4251366000
25.4400000000,2594.0000000000,0.4254608000
25.4600000000,2597.1670000000,0.4257851000
25.4800000000,2599.6670000000,0.4261093000
25.5000000000,2601.8330000000,0.4264755000
25.5200000000,2605.3330000000,0.4267998000
25.5400000000,2612.1670000000,0.4271240000
25.5600000000,2617.1670000000,0.4274483000
25.5800000000,2619.5000000000,0.4278126000
25.6000000000,2620.1670000000,0.4281368000
25.6200000000,2623.0000000000,0.4284611000
25.6400000000,2627.8330000000,0.4288273000
25.6600000000,2632.0000000000,0.4291515000
25.6800000000,2636.6670000000,0.4294758000
25.7000000000,2641.3330000000,0.4298000000
25.7200000000,2644.5000000000,0.4301243000
25.7400000000,2649.0000000000,0.4304905000
25.7600000000,2653.0000000000,0.4308147000
25.7800000000,2655.8330000000,0.4311390000
25.8000000000,2658.1670000000,0.4314632000
25.8200000000,2662.0000000000,0.4317875000
25.8400000000,2665.3330000000,0.4321117000
25.8600000000,2668.8330000000,0.4324760000
25.8800000000,2672.5000000000,0.4328022000
25.9000000000,2676.1670000000,0.4331264000
25.9200000000,2679.6670000000,0.4334908000
25.9400000000,2682.5000000000,0.4338150000
25.9600000000,2685.1670000000,0.4341393000
25.9800000000,2687.8330000000,0.4345055000
26.0000000000,2690.8330000000,0.4348297000
26.0200000000,2694.1670000000,0.4351540000
26.0400000000,2697.1670000000,0.4354782000
26.0600000000,2700.3330000000,0.4358025000
26.0800000000,2704.3330000000,0.4361668000
26.1000000000,2708.8330000000,0.4364910000
26.1200000000,2713.6670000000,0.4368172000
26.1400000000,2717.3330000000,0.4371414000
26.1600000000,2720.3330000000,0.4374657000
26.1800000000,2723.6670000000,0.4378300000
26.2000000000,2727.3330000000,0.4381542000
26.2200000000,2731.1670000000,0.4384785000
26.2400000000,2733.6670000000,0.4388447000
26.2600000000,2736.6670000000,0.4391689000
26.2800000000,2740.0000000000,0.4394932000
26.3000000000,2743.3330000000,0.4398575000
26.3200000000,2746.0000000000,0.4401817000
26.3400000000,2748.8330000000,0.4405060000
26.3600000000,2754.3330000000,0.4408321000
26.3800000000,2759.3330000000,0.4411564000
26.4000000000,2762.8330000000,0.4415207000
26.4200000000,2765.0000000000,0.4418449000
26.4400000000,2768.0000000000,0.4421692000
26.4600000000,2772.1670000000,0.4424934000
26.4800000000,2776.3330000000,0.4428177000
26.5000000000,2780.0000000000,0.4431419000
26.5200000000,2782.3330000000,0.4435081000
26.5400000000,2785.1670000000,0.4438324000
26.5600000000,2789.8330000000,0.4441566000
26.5800000000,2794.8330000000,0.4445210000
26.6000000000,2798.3330000000,0.4448471000
26.6200000000,2799.6670000000,0.4451714000
26.6400000000,2801.1670000000,0.4454956000
26.6600000000,2804.5000000000,0.4458199000
26.6800000000,2808.3330000000,0.4461842000
26.7000000000,2811.8330000000,0.4465084000
26.7200000000,2815.1670000000,0.4468327000
26.7400000000,2818.6670000000,0.4471569000
26.7600000000,2823.5000000000,0.4474831000
26.7800000000,2827.1670000000,0.4478073000
26.8000000000,2830.0000000000,0.4481716000
26.8200000000,2832.5000000000,0.4484959000
26.8400000000,2835.3330000000,0.4488201000
26.8600000000,2838.8330000000,0.4491444000
26.8800000000,2843.0000000000,0.4495106000
26.9000000000,2846.6670000000,0.4498348000
26.9200000000,2849.6670000000,0.4501591000
26.9400000000,2852.6670000000,0.4505234000
26.9600000000,2856.6670000000,0.4508476000
26.9800000000,2860.1670000000,0.4511719000
27.0000000000,2863.1670000000,0.4514980000
27.0200000000,2866.6670000000,0.4518223000
27.0400000000,2873.5000000000,0.4521866000
27.0600000000,2879.0000000000,0.4525108000
27.0800000000,2881.3330000000,0.4528351000
27.1000000000,2883.0000000000,0.4531593000
27.1200000000,2885.6670000000,0.4534836000
27.1400000000,2888.0000000000,0.4538097000
27.1600000000,2890.6670000000,0.4541740000
27.1800000000,2893.8330000000,0.4544983000
27.2000000000,2896.8330000000,0.4548225000
27.2200000000,2899.6670000000,0.4551468000
27.2400000000,2905.0000000000,0.4555130000
27.2600000000,2909.1670000000,0.4558372000
27.2800000000,2911.0000000000,0.4561615000
27.3000000000,2913.3330000000,0.4564857000
27.3200000000,2917.5000000000,0.4568501000
27.3400000000,2921.5000000000,0.4571743000
27.3600000000,2923.8330000000,0.4574986000
27.3800000000,2926.5000000000,0.4578247000
27.4000000000,2930.8330000000,0.4581490000
27.4200000000,2936.8330000000,0.4584732000
27.4400000000,2942.3330000000,0.4587975000
27.4600000000,2943.1670000000,0.4591618000
27.4800000000,2945.1670000000,0.4594860000
27.5000000000,2948.3330000000,0.4598103000
27.5200000000,2952.5000000000,0.4601345000
27.5400000000,2956.0000000000,0.4604607000
27.5600000000,2958.0000000000,0.4608250000
27.5800000000,2959.6670000000,0.4611492000
27.6000000000,2962.6670000000,0.4614735000
27.6200000000,2967.0000000000,0.4618378000
27.6400000000,2970.8330000000,0.4621639000
27.6600000000,2973.0000000000,0.4624882000
27.6800000000,2976.6670000000,0.4628124000
27.7000000000,2981.8330000000,0.4631367000
27.7200000000,2987.1670000000,0.4634609000
27.7400000000,2990.1670000000,0.4638252000
27.7600000000,2991.1670000000,0.4641495000
27.7800000000,2993.1670000000,0.4644756000
27.8000000000,2996.0000000000,0.4647999000
27.8200000000,2999.1670000000,0.4651241000
27.8400000000,3002.3330000000,0.4654484000
27.8600000000,3006.8330000000,0.4658127000
27.8800000000,3011.8330000000,0.4661369000
27.9000000000,3015.5000000000,0.4664612000
27.9200000000,3017.5000000000,0.4667873000
27.9400000000,3018.8330000000,0.4671516000
27.9600000000,3021.8330000000,0.4674759000
27.9800000000,3025.3330000000,0.4678001000
28.0000000000,3029.3330000000,0.4681244000
28.0200000000,3033.1670000000,0.4684486000
28.0400000000,3035.5000000000,0.4688148000
28.0600000000,3038.1670000000,0.4691391000
28.0800000000,3043.0000000000,0.4694633000
28.1000000000,3046.8330000000,0.4697876000
28.1200000000,3048.8330000000,0.4701118000
28.1400000000,3050.3330000000,0.4704361000
28.1600000000,3054.6670000000,0.4708004000
28.1800000000,3059.6670000000,0.4711266000
28.2000000000,3063.6670000000,0.4714508000
28.2200000000,3065.8330000000,0.4718151000
28.2400000000,3066.1670000000,0.4721394000
28.2600000000,3068.3330000000,0.4724636000
28.2800000000,3072.3330000000,0.4728298000
28.3000000000,3076.6670000000,0.4731541000
28.3200000000,3080.3330000000,0.4734783000
28.3400000000,3083.1670000000,0.4738026000
28.3600000000,3087.0000000000,0.4741268000
28.3800000000,3091.8330000000,0.4744911000
28.4000000000,3096.0000000000,0.4748154000
28.4200000000,3098.8330000000,0.4751415000
28.4400000000,3100.1670000000,0.4754658000
28.4600000000,3102.0000000000,0.4757900000
28.4800000000,3105.5000000000,0.4761543000
28.5000000000,3109.0000000000,0.4764786000
28.5200000000,3112.0000000000,0.4768028000
28.5400000000,3114.6670000000,0.4771690000
28.5600000000,3117.6670000000,0.4774933000
28.5800000000,3121.0000000000,0.4778175000
28.6000000000,3124.1670000000,0.4781818000
28.6200000000,3126.8330000000,0.4785061000
28.6400000000,3128.5000000000,0.4788303000
28.6600000000,3130.8330000000,0.4791565000
28.6800000000,3134.1670000000,0.4795208000
28.7000000000,3137.5000000000,0.4798450000
28.7200000000,3141.1670000000,0.4801693000
28.7400000000,3145.0000000000,0.4804935000
28.7600000000,3149.0000000000,0.4808178000
28.7800000000,3152.3330000000,0.4811420000
28.8000000000,3155.3330000000,0.4815083000
28.8200000000,3158.3330000000,0.4818325000
28.8400000000,3162.1670000000,0.4821568000
28.8600000000,3167.0000000000,0.4824810000
28.8800000000,3169.1670000000,0.4828453000
28.9000000000,3170.1670000000,0.4831715000
28.9200000000,3171.8330000000,0.4834957000
28.9400000000,3174.8330000000,0.4838600000
28.9600000000,3178.3330000000,0.4841843000
28.9800000000,3182.0000000000,0.4845085000
29.0000000000,3185.3330000000,0.4848328000
29.0200000000,3188.1670000000,0.4851570000
29.0400000000,3191.8330000000,0.4854832000
29.0600000000,3199.3330000000,0.4858475000
29.0800000000,3202.8330000000,0.4861717000
29.1000000000,3204.1670000000,0.4864960000
29.1200000000,3205.3330000000,0.4868202000
29.1400000000,3207.6670000000,0.4871445000
29.1600000000,3210.3330000000,0.4874687000
29.1800000000,3214.5000000000,0.4878349000
29.2000000000,3218.0000000000,0.4881592000
29.2200000000,3222.0000000000,0.4884834000
29.2400000000,3226.3330000000,0.4888477000
29.2600000000,3228.1670000000,0.4891720000
29.2800000000,3228.3330000000,0.4894962000
29.3000000000,3230.1670000000,0.4898624000
29.3200000000,3232.6670000000,0.4901867000
29.3400000000,3235.3330000000,0.4905109000
29.3600000000,3238.5000000000,0.4908352000
29.3800000000,3241.6670000000,0.4911594000
29.4000000000,3245.1670000000,0.4914837000
29.4200000000,3248.0000000000,0.4918079000
29.4400000000,3249.8330000000,0.4921741000
29.4600000000,3250.1670000000,0.4924984000
29.4800000000,3253.1670000000,0.4928226000
29.5000000000,3258.5000000000,0.4931469000
29.5200000000,3263.6670000000,0.4935112000
29.5400000000,3267.0000000000,0.4938374000
29.5600000000,3267.8330000000,0.4941616000
29.5800000000,3269.3330000000,0.4944859000
29.6000000000,3272.0000000000,0.4948502000
29.6200000000,3274.5000000000,0.4951744000
29.6400000000,3276.3330000000,0.4954987000
29.6600000000,3277.3330000000,0.4958229000
29.6800000000,3279.8330000000,0.4961891000
29.7000000000,3284.5000000000,0.4965134000
29.7200000000,3288.1670000000,0.4968376000
29.7400000000,3289.8330000000,0.4971619000
29.7600000000,3290.5000000000,0.4974861000
29.7800000000,3290.8330000000,0.4978104000
29.8000000000,3292.8330000000,0.4981346000
29.8200000000,3296.0000000000,0.4984589000
29.8400000000,3299.3330000000,0.4988251000
29.8600000000,3302.1670000000,0.4991493000
29.8800000000,3304.3330000000,0.4994736000
29.9000000000,3307.6670000000,0.4997978000
29.9200000000,3310.3330000000,0.5001640000
29.9400000000,3311.8330000000,0.5004883000
29.9600000000,3312.0000000000,0.5008125000
29.9800000000,3315.1670000000,0.5011768000
30.0000000000,3319.6670000000,0.5015011000
30.0200000000,3323.1670000000,0.5018253000
30.0400000000,3325.6670000000,0.5021496000
30.0600000000,3328.5000000000,0.5024738000
30.0800000000,3332.0000000000,0.5028000000
30.1000000000,3334.5000000000,0.5031242000
30.1200000000,3336.3330000000,0.5034485000
30.1400000000,3338.1670000000,0.5038128000
30.1600000000,3340.6670000000,0.5041370000
30.1800000000,3343.3330000000,0.5044613000
30.2000000000,3344.6670000000,0.5047855000
30.2200000000,3346.3330000000,0.5051517000
30.2400000000,3348.6670000000,0.5054760000
30.2600000000,3350.5000000000,0.5058002000
30.2800000000,3351.8330000000,0.5061245000
30.3000000000,3354.5000000000,0.5064888000
30.3200000000,3357.5000000000,0.5068150000
30.3400000000,3360.6670000000,0.5071392000
30.3600000000,3363.3330000000,0.5074635000
30.3800000000,3365.1670000000,0.5077877000
30.4000000000,3368.1670000000,0.5081120000
30.4200000000,3371.1670000000,0.5084763000
30.4400000000,3374.0000000000,0.5088005000
30.4600000000,3376.6670000000,0.5091267000
30.4800000000,3378.3330000000,0.5094509000
30.5000000000,3378.5000000000,0.5097752000
30.5200000000,3380.5000000000,0.5101395000
30.5400000000,3383.6670000000,0.5104637000
30.5600000000,3386.6670000000,0.5107880000
30.5800000000,3388.1670000000,0.5111542000
30.6000000000,3388.3330000000,0.5114784000
30.6200000000,3388.5000000000,0.5118027000
30.6400000000,3388.8330000000,0.5121269000
30.6600000000,3389.3330000000,0.5124912000
30.6800000000,3390.6670000000,0.5128155000
30.7000000000,3391.5000000000,0.5131416000
30.7200000000,3392.8330000000,0.5134659000
30.7400000000,3395.5000000000,0.5137901000
30.7600000000,3399.5000000000,0.5141144000
30.7800000000,3399.5000000000,0.5144787000
30.8000000000,3397.3330000000,0.5148029000
30.8200000000,3394.8330000000,0.5151272000
30.8400000000,3390.1670000000,0.5154514000
30.8600000000,3380.3330000000,0.5158176000
30.8800000000,3356.5000000000,0.5163040000
30.9000000000,3304.3330000000,0.5166283000
30.9200000000,2384.6670000000,0.5169125000
30.9400000000,1066.1670000000,0.5172367000
