"PlayTime","LoadValue","PositionValue"
"s","N","mm"
0.0000000000,5.1666670000,0.0014991760
0.0200000000,5.3333330000,0.0018253330
0.0400000000,5.5000000000,0.0021076200
0.0600000000,7.1666670000,0.0024318700
0.0800000000,11.0000000000,0.0027580260
0.1000000000,13.8333300000,0.0030822750
0.1200000000,13.8333300000,0.0034465790
0.1400000000,13.5000000000,0.0037708280
0.1600000000,13.0000000000,0.0040950780
0.1800000000,12.6666700000,0.0044612880
0.2000000000,12.6666700000,0.0047855380
0.2200000000,12.6666700000,0.0051097870
0.2400000000,12.8333300000,0.0054740910
0.2600000000,12.8333300000,0.0057983400
0.2800000000,12.8333300000,0.0061225890
0.3000000000,12.8333300000,0.0064888000
0.3200000000,12.1666700000,0.0068130490
0.3400000000,12.0000000000,0.0071372990
0.3600000000,12.3333300000,0.0074615480
0.3800000000,13.0000000000,0.0077857970
0.4000000000,14.0000000000,0.0081501010
0.4200000000,14.0000000000,0.0084762570
0.4400000000,14.0000000000,0.0088005070
0.4600000000,14.1666700000,0.0091648100
0.4800000000,14.1666700000,0.0094890590
0.5000000000,14.1666700000,0.0098133090
0.5200000000,13.3333300000,0.0101795200
0.5400000000,12.8333300000,0.0105037700
0.5600000000,12.6666700000,0.0108280200
0.5800000000,13.0000000000,0.0111522700
0.6000000000,14.1666700000,0.0114765200
0.6200000000,14.8333300000,0.0118408200
0.6400000000,14.8333300000,0.0121650700
0.6600000000,14.8333300000,0.0124912300
0.6800000000,15.1666700000,0.0128154800
0.7000000000,15.8333300000,0.0131397200
0.7200000000,15.8333300000,0.0135040300
0.7400000000,15.1666700000,0.0138282800
0.7600000000,14.6666700000,0.0141525300
0.7800000000,14.0000000000,0.0144767800
0.8000000000,12.6666700000,0.0148429900
0.8200000000,12.6666700000,0.0151672400
0.8400000000,12.6666700000,0.0154914900
0.8600000000,13.6666700000,0.0158557900
0.8800000000,14.8333300000,0.0161800400
0.9000000000,14.6666700000,0.0165062000
0.9200000000,13.5000000000,0.0168304400
0.9400000000,13.3333300000,0.0171546900
0.9600000000,14.1666700000,0.0174789400
0.9800000000,14.8333300000,0.0178031900
1.0000000000,14.8333300000,0.0181675000
1.0200000000,14.8333300000,0.0184917400
1.0400000000,15.0000000000,0.0188179000
1.0600000000,15.6666700000,0.0191421500
1.0800000000,16.5000000000,0.0194664000
1.1000000000,16.3333300000,0.0198307000
1.1200000000,15.8333300000,0.0201549500
1.1400000000,15.5000000000,0.0204792000
1.1600000000,14.8333300000,0.0208034500
1.1800000000,14.3333300000,0.0211696600
1.2000000000,14.3333300000,0.0214939100
1.2200000000,15.3333300000,0.0218181600
1.2400000000,17.0000000000,0.0221424100
1.2600000000,17.6666700000,0.0224666600
1.2800000000,17.1666700000,0.0227909100
1.3000000000,15.8333300000,0.0231151600
1.3200000000,13.1666700000,0.0234813700
1.3400000000,12.6666700000,0.0238056200
1.3600000000,12.5000000000,0.0241298700
1.3800000000,12.5000000000,0.0244541200
1.4000000000,13.0000000000,0.0247783700
1.4200000000,13.8333300000,0.0251426700
1.4400000000,14.6666700000,0.0254688300
1.4600000000,15.5000000000,0.0257930800
1.4800000000,16.0000000000,0.0261173200
1.5000000000,16.0000000000,0.0264816300
1.5200000000,16.0000000000,0.0268058800
1.5400000000,16.3333300000,0.0271301300
1.5600000000,16.6666700000,0.0274543800
1.5800000000,17.0000000000,0.0278205900
1.6000000000,17.8333300000,0.0281448400
1.6200000000,19.0000000000,0.0284690900
1.6400000000,19.0000000000,0.0287933300
1.6600000000,18.1666700000,0.0291175800
1.6800000000,17.3333300000,0.0294418300
1.7000000000,16.8333300000,0.0297660800
1.7200000000,16.8333300000,0.0301322900
1.7400000000,16.6666700000,0.0304565400
1.7600000000,16.3333300000,0.0307807900
1.7800000000,15.8333300000,0.0311050400
1.8000000000,15.8333300000,0.0314693500
1.8200000000,15.6666700000,0.0317955000
1.8400000000,15.6666700000,0.0321197500
1.8600000000,15.1666700000,0.0324440000
1.8800000000,14.6666700000,0.0328083000
1.9000000000,14.8333300000,0.0331325500
1.9200000000,15.8333300000,0.0334568000
1.9400000000,17.1666700000,0.0337810500
1.9600000000,17.5000000000,0.0341053000
1.9800000000,17.5000000000,0.0344715100
2.0000000000,17.3333300000,0.0347957600
2.0200000000,17.3333300000,0.0351200100
2.0400000000,17.3333300000,0.0354442600
2.0600000000,17.8333300000,0.0357685100
2.0800000000,17.8333300000,0.0361347200
2.1000000000,17.5000000000,0.0364589700
2.1200000000,17.5000000000,0.0367832200
2.1400000000,15.1666700000,0.0371475200
2.1600000000,14.5000000000,0.0374717700
2.1800000000,15.1666700000,0.0377960200
2.2000000000,16.3333300000,0.0381622300
2.2200000000,16.3333300000,0.0384864800
2.2400000000,16.1666700000,0.0388107300
2.2600000000,16.1666700000,0.0391349800
2.2800000000,16.1666700000,0.0394592300
2.3000000000,16.6666700000,0.0398235300
2.3200000000,18.8333300000,0.0401496900
2.3400000000,18.8333300000,0.0404739400
2.3600000000,18.3333300000,0.0407981900
2.3800000000,18.0000000000,0.0411224400
2.4000000000,18.3333300000,0.0414867400
2.4200000000,19.1666700000,0.0418109900
2.4400000000,20.0000000000,0.0421352400
2.4600000000,20.8333300000,0.0425014500
2.4800000000,21.1666700000,0.0428257000
2.5000000000,20.8333300000,0.0431499500
2.5200000000,19.5000000000,0.0435142500
2.5400000000,19.5000000000,0.0438385000
2.5600000000,19.5000000000,0.0441646600
2.5800000000,19.1666700000,0.0444889100
2.6000000000,18.5000000000,0.0448532100
2.6200000000,17.3333300000,0.0451774600
2.6400000000,16.1666700000,0.0455017100
2.6600000000,15.0000000000,0.0458259600
2.6800000000,13.8333300000,0.0461502100
2.7000000000,13.1666700000,0.0464763600
2.7200000000,13.3333300000,0.0468406700
2.7400000000,16.1666700000,0.0471649200
2.7600000000,18.0000000000,0.0474891700
2.7800000000,19.1666700000,0.0478134200
2.8000000000,19.6666700000,0.0481796300
2.8200000000,19.6666700000,0.0485038800
2.8400000000,19.1666700000,0.0488281300
2.8600000000,19.1666700000,0.0491924300
2.8800000000,19.3333300000,0.0495166800
2.9000000000,19.8333300000,0.0498409300
2.9200000000,20.0000000000,0.0501651800
2.9400000000,21.5000000000,0.0504894300
2.9600000000,22.1666700000,0.0508155800
2.9800000000,22.5000000000,0.0511398300
3.0000000000,22.3333300000,0.0515041400
3.0200000000,22.0000000000,0.0518283800
3.0400000000,22.0000000000,0.0521526300
3.0600000000,22.0000000000,0.0524768800
3.0800000000,21.6666700000,0.0528011300
3.1000000000,21.3333300000,0.0531673400
3.1200000000,21.3333300000,0.0534915900
3.1400000000,21.6666700000,0.0538158400
3.1600000000,22.5000000000,0.0541801500
3.1800000000,22.8333300000,0.0545043900
3.2000000000,22.0000000000,0.0548305500
3.2200000000,20.3333300000,0.0551548000
3.2400000000,20.3333300000,0.0554790500
3.2600000000,21.3333300000,0.0558433500
3.2800000000,22.0000000000,0.0561676000
3.3000000000,22.5000000000,0.0564918500
3.3200000000,23.1666700000,0.0568161000
3.3400000000,24.8333300000,0.0571422600
3.3600000000,24.8333300000,0.0574665100
3.3800000000,24.6666700000,0.0578308100
3.4000000000,24.5000000000,0.0581550600
3.4200000000,24.6666700000,0.0584793100
3.4400000000,26.3333300000,0.0588035600
3.4600000000,26.3333300000,0.0591697700
3.4800000000,25.1666700000,0.0594940200
3.5000000000,23.6666700000,0.0598182700
3.5200000000,23.1666700000,0.0601425200
3.5400000000,23.1666700000,0.0605068200
3.5600000000,23.3333300000,0.0608310700
3.5800000000,24.0000000000,0.0611572300
3.6000000000,25.8333300000,0.0614814800
3.6200000000,28.3333300000,0.0618057300
3.6400000000,28.3333300000,0.0621299700
3.6600000000,26.6666700000,0.0624542200
3.6800000000,26.0000000000,0.0627784700
3.7000000000,25.8333300000,0.0631427800
3.7200000000,26.0000000000,0.0634670300
3.7400000000,26.6666700000,0.0637931800
3.7600000000,26.8333300000,0.0641174300
3.7800000000,27.1666700000,0.0644817400
3.8000000000,28.0000000000,0.0648059800
3.8200000000,29.0000000000,0.0651302300
3.8400000000,29.0000000000,0.0654544800
3.8600000000,28.0000000000,0.0658206900
3.8800000000,27.6666700000,0.0661449400
3.9000000000,28.0000000000,0.0664691900
3.9200000000,28.6666700000,0.0667934400
3.9400000000,29.0000000000,0.0671176900
3.9600000000,29.1666700000,0.0674419400
3.9800000000,28.5000000000,0.0677661900
4.0000000000,28.0000000000,0.0681324000
4.0200000000,27.5000000000,0.0684566500
4.0400000000,27.5000000000,0.0687809000
4.0600000000,28.1666700000,0.0691051500
4.0800000000,29.3333300000,0.0694694500
4.1000000000,30.1666700000,0.0697937000
4.1200000000,30.5000000000,0.0701198600
4.1400000000,30.5000000000,0.0704841600
4.1600000000,30.5000000000,0.0708084100
4.1800000000,30.5000000000,0.0711326600
4.2000000000,31.1666700000,0.0714569100
4.2200000000,32.0000000000,0.0717811600
4.2400000000,32.8333300000,0.0721473700
4.2600000000,33.0000000000,0.0724716200
4.2800000000,33.6666700000,0.0727958700
4.3000000000,34.5000000000,0.0731201200
4.3200000000,35.0000000000,0.0734443700
4.3400000000,35.0000000000,0.0737686200
4.3600000000,34.5000000000,0.0741348300
4.3800000000,34.5000000000,0.0744590800
4.4000000000,34.5000000000,0.0747833300
4.4200000000,34.8333300000,0.0751075700
4.4400000000,35.5000000000,0.0754718800
4.4600000000,36.6666700000,0.0757961300
4.4800000000,36.8333300000,0.0761203800
4.5000000000,36.3333300000,0.0764865900
4.5200000000,35.6666700000,0.0768108400
4.5400000000,35.6666700000,0.0771350900
4.5600000000,36.5000000000,0.0774993900
4.5800000000,37.0000000000,0.0778236400
4.6000000000,37.6666700000,0.0781478900
4.6200000000,38.6666700000,0.0784740400
4.6400000000,39.8333300000,0.0787982900
4.6600000000,40.8333300000,0.0791225400
4.6800000000,42.8333300000,0.0794868500
4.7000000000,43.6666700000,0.0798111000
4.7200000000,43.3333300000,0.0801353500
4.7400000000,42.3333300000,0.0804595900
4.7600000000,41.6666700000,0.0808258100
4.7800000000,41.3333300000,0.0811500500
4.8000000000,41.3333300000,0.0815143600
4.8200000000,41.6666700000,0.0818386100
4.8400000000,42.3333300000,0.0821628600
4.8600000000,42.6666700000,0.0824890100
4.8800000000,44.5000000000,0.0828533200
4.9000000000,45.5000000000,0.0831775700
4.9200000000,46.0000000000,0.0835018200
4.9400000000,46.8333300000,0.0838260700
4.9600000000,49.5000000000,0.0841503100
4.9800000000,49.8333300000,0.0844745600
5.0000000000,49.3333300000,0.0848407700
5.0200000000,48.8333300000,0.0851650200
5.0400000000,49.0000000000,0.0854892700
5.0600000000,50.8333300000,0.0858135200
5.0800000000,53.0000000000,0.0861377700
5.1000000000,53.8333300000,0.0865039800
5.1200000000,54.3333300000,0.0868282300
5.1400000000,54.8333300000,0.0871524800
5.1600000000,54.5000000000,0.0875167800
5.1800000000,54.6666700000,0.0878410300
5.2000000000,54.8333300000,0.0881652800
5.2200000000,56.1666700000,0.0884895300
5.2400000000,59.3333300000,0.0888156900
5.2600000000,61.0000000000,0.0891799900
5.2800000000,61.1666700000,0.0895042400
5.3000000000,60.1666700000,0.0898284900
5.3200000000,59.1666700000,0.0901527400
5.3400000000,59.0000000000,0.0904769900
5.3600000000,59.0000000000,0.0908012400
5.3800000000,60.8333300000,0.0911674500
5.4000000000,62.1666700000,0.0914917000
5.4200000000,63.8333300000,0.0918159500
5.4400000000,65.8333400000,0.0921402000
5.4600000000,67.0000000000,0.0925045000
5.4800000000,67.3333400000,0.0928306600
5.5000000000,68.0000000000,0.0931549100
5.5200000000,69.6666600000,0.0934791600
5.5400000000,71.5000000000,0.0938434600
5.5600000000,72.1666600000,0.0941677100
5.5800000000,72.1666600000,0.0944919600
5.6000000000,73.3333400000,0.0948162100
5.6200000000,75.3333400000,0.0951404600
5.6400000000,77.3333400000,0.0954666100
5.6600000000,77.3333400000,0.0958309200
5.6800000000,77.1666600000,0.0961551700
5.7000000000,77.1666600000,0.0964794200
5.7200000000,78.0000000000,0.0968036700
5.7400000000,79.6666600000,0.0971698800
5.7600000000,80.6666600000,0.0974941300
5.7800000000,80.6666600000,0.0978183700
5.8000000000,81.8333400000,0.0981426200
5.8200000000,83.3333400000,0.0985069300
5.8400000000,84.3333400000,0.0988311800
5.8600000000,84.3333400000,0.0991554300
5.8800000000,84.3333400000,0.0994815800
5.9000000000,85.3333400000,0.0998058300
5.9200000000,87.0000000000,0.1001301000
5.9400000000,89.0000000000,0.1004944000
5.9600000000,90.6666600000,0.1008186000
5.9800000000,91.5000000000,0.1011429000
6.0000000000,92.6666600000,0.1014671000
6.0200000000,93.8333400000,0.1017933000
6.0400000000,95.0000000000,0.1021175000
6.0600000000,95.3333400000,0.1024818000
6.0800000000,95.8333400000,0.1028061000
6.1000000000,97.1666600000,0.1031303000
6.1200000000,98.5000000000,0.1034966000
6.1400000000,99.3333400000,0.1038208000
6.1600000000,99.3333400000,0.1041451000
6.1800000000,100.0000000000,0.1044693000
6.2000000000,101.6667000000,0.1048336000
6.2200000000,103.3333000000,0.1051579000
6.2400000000,104.5000000000,0.1054821000
6.2600000000,105.6667000000,0.1058064000
6.2800000000,107.3333000000,0.1061325000
6.3000000000,109.3333000000,0.1064568000
6.3200000000,110.8333000000,0.1067810000
6.3400000000,111.6667000000,0.1071053000
6.3600000000,111.8333000000,0.1074295000
6.3800000000,114.0000000000,0.1077938000
6.4000000000,116.0000000000,0.1081181000
6.4200000000,118.0000000000,0.1084442000
6.4400000000,119.8333000000,0.1088085000
6.4600000000,121.3333000000,0.1091328000
6.4800000000,122.1667000000,0.1094570000
6.5000000000,122.5000000000,0.1097813000
6.5200000000,122.8333000000,0.1101475000
6.5400000000,123.3333000000,0.1104717000
6.5600000000,124.1667000000,0.1107960000
6.5800000000,124.1667000000,0.1111202000
6.6000000000,124.3333000000,0.1114445000
6.6200000000,124.6667000000,0.1117687000
6.6400000000,124.8333000000,0.1121330000
6.6600000000,124.8333000000,0.1124592000
6.6800000000,125.0000000000,0.1127834000
6.7000000000,125.0000000000,0.1131077000
6.7200000000,127.3333000000,0.1134319000
6.7400000000,131.3333000000,0.1137962000
6.7600000000,135.3333000000,0.1141205000
6.7800000000,139.1667000000,0.1144447000
6.8000000000,139.8333000000,0.1148109000
6.8200000000,140.1667000000,0.1151352000
6.8400000000,140.8333000000,0.1154594000
6.8600000000,142.1667000000,0.1158237000
6.8800000000,146.3333000000,0.1161480000
6.9000000000,147.1667000000,0.1164742000
6.9200000000,147.6667000000,0.1167984000
6.9400000000,148.8333000000,0.1171227000
6.9600000000,150.5000000000,0.1174469000
6.9800000000,150.5000000000,0.1178112000
7.0000000000,150.1667000000,0.1181355000
7.0200000000,150.1667000000,0.1184597000
7.0400000000,150.8333000000,0.1187840000
7.0600000000,152.5000000000,0.1191502000
7.0800000000,154.0000000000,0.1194744000
7.1000000000,155.0000000000,0.1197987000
7.1200000000,155.6667000000,0.1201630000
7.1400000000,156.6667000000,0.1204891000
7.1600000000,158.5000000000,0.1208134000
7.1800000000,160.8333000000,0.1211376000
7.2000000000,161.8333000000,0.1215019000
7.2200000000,162.5000000000,0.1218262000
7.2400000000,163.3333000000,0.1221504000
7.2600000000,164.5000000000,0.1224747000
7.2800000000,165.6667000000,0.1227989000
7.3000000000,167.6667000000,0.1231651000
7.3200000000,170.0000000000,0.1234894000
7.3400000000,172.1667000000,0.1238136000
7.3600000000,173.6667000000,0.1241379000
7.3800000000,175.0000000000,0.1245022000
7.4000000000,176.1667000000,0.1248283000
7.4200000000,177.0000000000,0.1251526000
7.4400000000,178.1667000000,0.1254768000
7.4600000000,179.5000000000,0.1258411000
7.4800000000,180.0000000000,0.1261654000
7.5000000000,180.5000000000,0.1264896000
7.5200000000,182.3333000000,0.1268559000
7.5400000000,184.5000000000,0.1271801000
7.5600000000,186.3333000000,0.1275043000
7.5800000000,188.0000000000,0.1278286000
7.6000000000,190.0000000000,0.1281528000
7.6200000000,192.1667000000,0.1284771000
7.6400000000,194.1667000000,0.1288433000
7.6600000000,195.5000000000,0.1291676000
7.6800000000,196.0000000000,0.1294918000
7.7000000000,196.8333000000,0.1298161000
7.7200000000,199.0000000000,0.1301403000
7.7400000000,201.3333000000,0.1305046000
7.7600000000,203.0000000000,0.1308289000
7.7800000000,204.0000000000,0.1311550000
7.8000000000,205.0000000000,0.1315193000
7.8200000000,206.5000000000,0.1318436000
7.8400000000,208.1667000000,0.1321678000
7.8600000000,209.3333000000,0.1324921000
7.8800000000,209.6667000000,0.1328163000
7.9000000000,211.8333000000,0.1331406000
7.9200000000,214.6667000000,0.1335068000
7.9400000000,216.8333000000,0.1338310000
7.9600000000,218.1667000000,0.1341553000
7.9800000000,218.3333000000,0.1344795000
8.0000000000,219.0000000000,0.1348038000
8.0200000000,219.5000000000,0.1351280000
8.0400000000,221.0000000000,0.1354942000
8.0600000000,223.6667000000,0.1358185000
8.0800000000,226.3333000000,0.1361427000
8.1000000000,228.8333000000,0.1365070000
8.1200000000,231.5000000000,0.1368313000
8.1400000000,233.6667000000,0.1371555000
8.1600000000,234.8333000000,0.1374798000
8.1800000000,235.6667000000,0.1378460000
8.2000000000,237.6667000000,0.1381702000
8.2200000000,240.3333000000,0.1384945000
8.2400000000,243.0000000000,0.1388187000
8.2600000000,245.0000000000,0.1391430000
8.2800000000,246.0000000000,0.1394672000
8.3000000000,248.3333000000,0.1397915000
8.3200000000,250.5000000000,0.1401577000
8.3400000000,252.0000000000,0.1404819000
8.3600000000,252.8333000000,0.1408062000
8.3800000000,253.6667000000,0.1411304000
8.4000000000,256.0000000000,0.1414948000
8.4200000000,258.6667000000,0.1418209000
8.4400000000,260.5000000000,0.1421452000
8.4600000000,262.0000000000,0.1424694000
8.4800000000,263.5000000000,0.1428337000
8.5000000000,265.6667000000,0.1431580000
8.5200000000,267.5000000000,0.1434822000
8.5400000000,269.1667000000,0.1438065000
8.5600000000,271.3333000000,0.1441326000
8.5800000000,274.5000000000,0.1444969000
8.6000000000,279.0000000000,0.1448212000
8.6200000000,281.8333000000,0.1451454000
8.6400000000,283.0000000000,0.1454697000
8.6600000000,284.0000000000,0.1457939000
8.6800000000,286.3333000000,0.1461182000
8.7000000000,289.6667000000,0.1464424000
8.7200000000,291.5000000000,0.1468086000
8.7400000000,292.3333000000,0.1471329000
8.7600000000,292.5000000000,0.1474571000
8.7800000000,292.6667000000,0.1477814000
8.8000000000,295.0000000000,0.1481457000
8.8200000000,297.3333000000,0.1484718000
8.8400000000,299.5000000000,0.1487961000
8.8600000000,302.6667000000,0.1491203000
8.8800000000,307.0000000000,0.1494846000
8.9000000000,308.8333000000,0.1498089000
8.9200000000,309.3333000000,0.1501331000
8.9400000000,311.5000000000,0.1504574000
8.9600000000,314.8333000000,0.1507835000
8.9800000000,317.5000000000,0.1511078000
9.0000000000,320.0000000000,0.1514320000
9.0200000000,321.3333000000,0.1517963000
9.0400000000,324.0000000000,0.1521206000
9.0600000000,327.8333000000,0.1524448000
9.0800000000,331.3333000000,0.1527691000
9.1000000000,332.5000000000,0.1531353000
9.1200000000,334.0000000000,0.1534595000
9.1400000000,334.8333000000,0.1537838000
9.1600000000,336.0000000000,0.1541481000
9.1800000000,337.8333000000,0.1544724000
9.2000000000,340.5000000000,0.1547985000
9.2200000000,342.8333000000,0.1551228000
9.2400000000,345.5000000000,0.1554470000
9.2600000000,348.3333000000,0.1558113000
9.2800000000,351.1667000000,0.1561356000
9.3000000000,352.5000000000,0.1564598000
9.3200000000,353.5000000000,0.1567841000
9.3400000000,355.0000000000,0.1571102000
9.3600000000,357.0000000000,0.1574745000
9.3800000000,360.0000000000,0.1577988000
9.4000000000,363.5000000000,0.1581230000
9.4200000000,366.3333000000,0.1584873000
9.4400000000,370.0000000000,0.1588135000
9.4600000000,373.5000000000,0.1591377000
9.4800000000,376.0000000000,0.1595020000
9.5000000000,376.3333000000,0.1598263000
9.5200000000,378.0000000000,0.1601505000
9.5400000000,380.6667000000,0.1604748000
9.5600000000,383.5000000000,0.1607990000
9.5800000000,386.1667000000,0.1611652000
9.6000000000,389.5000000000,0.1614895000
9.6200000000,392.3333000000,0.1618137000
9.6400000000,393.8333000000,0.1621380000
9.6600000000,394.8333000000,0.1624622000
9.6800000000,396.0000000000,0.1627865000
9.7000000000,398.0000000000,0.1631527000
9.7200000000,400.3333000000,0.1634769000
9.7400000000,404.0000000000,0.1638012000
9.7600000000,407.6667000000,0.1641655000
9.7800000000,410.1667000000,0.1644897000
9.8000000000,410.5000000000,0.1648140000
9.8200000000,412.8333000000,0.1651802000
9.8400000000,415.1667000000,0.1655045000
9.8600000000,417.0000000000,0.1658287000
9.8800000000,418.6667000000,0.1661530000
9.9000000000,420.5000000000,0.1664772000
9.9200000000,423.3333000000,0.1668015000
9.9400000000,427.1667000000,0.1671677000
9.9600000000,430.3333000000,0.1674919000
9.9800000000,432.6667000000,0.1678162000
10.0000000000,434.3333000000,0.1681404000
10.0200000000,439.1667000000,0.1684647000
10.0400000000,442.5000000000,0.1688290000
10.0600000000,444.0000000000,0.1691532000
10.0800000000,444.5000000000,0.1694794000
10.1000000000,444.6667000000,0.1698437000
10.1200000000,447.5000000000,0.1701679000
10.1400000000,450.3333000000,0.1704922000
10.1600000000,452.5000000000,0.1708565000
10.1800000000,454.8333000000,0.1711826000
10.2000000000,458.6667000000,0.1715069000
10.2200000000,463.1667000000,0.1718311000
10.2400000000,465.8333000000,0.1721554000
10.2600000000,467.0000000000,0.1724796000
10.2800000000,468.0000000000,0.1728039000
10.3000000000,471.1667000000,0.1731281000
10.3200000000,475.8333000000,0.1734943000
10.3400000000,478.1667000000,0.1738186000
10.3600000000,479.5000000000,0.1741428000
10.3800000000,481.1667000000,0.1744671000
10.4000000000,485.1667000000,0.1748314000
10.4200000000,489.8333000000,0.1751556000
10.4400000000,492.5000000000,0.1754799000
10.4600000000,494.3333000000,0.1758461000
10.4800000000,496.5000000000,0.1761703000
10.5000000000,499.0000000000,0.1764946000
10.5200000000,503.0000000000,0.1768188000
10.5400000000,505.6667000000,0.1771431000
10.5600000000,506.8333000000,0.1775093000
10.5800000000,506.8333000000,0.1778336000
10.6000000000,507.1667000000,0.1781578000
10.6200000000,508.0000000000,0.1784821000
10.6400000000,511.6667000000,0.1788063000
10.6600000000,515.5000000000,0.1791306000
10.6800000000,518.5000000000,0.1794949000
10.7000000000,520.6667000000,0.1798191000
10.7200000000,524.1667000000,0.1801453000
10.7400000000,528.3333000000,0.1804695000
10.7600000000,532.5000000000,0.1808338000
10.7800000000,536.3333000000,0.1811581000
10.8000000000,539.5000000000,0.1814823000
10.8200000000,541.8333000000,0.1818485000
10.8400000000,544.3333000000,0.1821728000
10.8600000000,547.1667000000,0.1824970000
10.8800000000,551.0000000000,0.1828213000
10.9000000000,556.3333000000,0.1831455000
10.9200000000,559.5000000000,0.1834698000
10.9400000000,560.6667000000,0.1837940000
10.9600000000,561.3333000000,0.1841602000
10.9800000000,562.8333000000,0.1844845000
11.0000000000,566.6667000000,0.1848087000
11.0200000000,570.5000000000,0.1851330000
11.0400000000,573.0000000000,0.1854572000
11.0600000000,575.6667000000,0.1858215000
11.0800000000,579.3333000000,0.1861458000
11.1000000000,583.6667000000,0.1864719000
11.1200000000,585.5000000000,0.1867962000
11.1400000000,586.5000000000,0.1871605000
11.1600000000,588.6667000000,0.1874847000
11.1800000000,591.5000000000,0.1878090000
11.2000000000,594.5000000000,0.1881332000
11.2200000000,597.5000000000,0.1884575000
11.2400000000,601.1667000000,0.1887817000
11.2600000000,605.5000000000,0.1891479000
11.2800000000,609.1667000000,0.1894722000
11.3000000000,611.0000000000,0.1897964000
11.3200000000,612.6667000000,0.1901207000
11.3400000000,616.1667000000,0.1904449000
11.3600000000,620.0000000000,0.1907692000
11.3800000000,623.6667000000,0.1911354000
11.4000000000,626.3333000000,0.1914597000
11.4200000000,628.0000000000,0.1917839000
11.4400000000,629.6667000000,0.1921482000
11.4600000000,632.5000000000,0.1924725000
11.4800000000,635.6667000000,0.1927967000
11.5000000000,638.0000000000,0.1931229000
11.5200000000,639.5000000000,0.1934872000
11.5400000000,642.6667000000,0.1938114000
11.5600000000,646.8333000000,0.1941357000
11.5800000000,651.6667000000,0.1944599000
11.6000000000,656.0000000000,0.1947842000
11.6200000000,657.3333000000,0.1951084000
11.6400000000,659.3333000000,0.1954346000
11.6600000000,662.5000000000,0.1957989000
11.6800000000,665.6667000000,0.1961231000
11.7000000000,668.1667000000,0.1964474000
11.7200000000,670.8333000000,0.1967716000
11.7400000000,674.0000000000,0.1971378000
11.7600000000,677.3333000000,0.1974621000
11.7800000000,680.5000000000,0.1977863000
11.8000000000,683.0000000000,0.1981506000
11.8200000000,685.5000000000,0.1984749000
11.8400000000,688.1667000000,0.1987991000
11.8600000000,691.0000000000,0.1991234000
11.8800000000,694.0000000000,0.1994896000
11.9000000000,696.8333000000,0.1998138000
11.9200000000,699.1667000000,0.2001381000
11.9400000000,702.1667000000,0.2004623000
11.9600000000,706.3333000000,0.2007866000
11.9800000000,710.1667000000,0.2011528000
12.0000000000,712.3333000000,0.2014771000
12.0200000000,712.8333000000,0.2018013000
12.0400000000,714.5000000000,0.2021255000
12.0600000000,717.1667000000,0.2024899000
12.0800000000,720.8333000000,0.2028141000
12.1000000000,725.0000000000,0.2031384000
12.1200000000,729.0000000000,0.2035046000
12.1400000000,733.8333000000,0.2038288000
12.1600000000,737.1667000000,0.2041531000
12.1800000000,739.1667000000,0.2044773000
12.2000000000,741.0000000000,0.2048416000
12.2200000000,745.1667000000,0.2051678000
12.2400000000,750.0000000000,0.2054920000
12.2600000000,753.0000000000,0.2058163000
12.2800000000,755.0000000000,0.2061405000
12.3000000000,756.6667000000,0.2064648000
12.3200000000,759.0000000000,0.2068291000
12.3400000000,763.1667000000,0.2071533000
12.3600000000,766.5000000000,0.2074776000
12.3800000000,768.5000000000,0.2078037000
12.4000000000,770.5000000000,0.2081680000
12.4200000000,775.1667000000,0.2084923000
12.4400000000,778.3333000000,0.2088165000
12.4600000000,780.0000000000,0.2091808000
12.4800000000,782.1667000000,0.2095070000
12.5000000000,785.5000000000,0.2098312000
12.5200000000,788.8333000000,0.2101555000
12.5400000000,794.0000000000,0.2105198000
12.5600000000,797.5000000000,0.2108440000
12.5800000000,800.0000000000,0.2111683000
12.6000000000,802.6667000000,0.2114925000
12.6200000000,806.8333000000,0.2118187000
12.6400000000,811.1667000000,0.2121429000
12.6600000000,813.8333000000,0.2125072000
12.6800000000,816.3333000000,0.2128315000
12.7000000000,819.1667000000,0.2131557000
12.7200000000,822.5000000000,0.2134800000
12.7400000000,825.0000000000,0.2138462000
12.7600000000,826.8333000000,0.2141705000
12.7800000000,828.8333000000,0.2144947000
12.8000000000,831.5000000000,0.2148590000
12.8200000000,835.5000000000,0.2151833000
12.8400000000,839.3333000000,0.2155075000
12.8600000000,842.5000000000,0.2158337000
12.8800000000,845.3333000000,0.2161579000
12.9000000000,848.8333000000,0.2164822000
12.9200000000,853.3333000000,0.2168465000
12.9400000000,856.8333000000,0.2171707000
12.9600000000,858.0000000000,0.2174950000
12.9800000000,859.8333000000,0.2178192000
13.0000000000,863.3333000000,0.2181454000
13.0200000000,868.1667000000,0.2184696000
13.0400000000,872.8333000000,0.2188339000
13.0600000000,876.1667000000,0.2191582000
13.0800000000,878.3333000000,0.2194824000
13.1000000000,880.3333000000,0.2198067000
13.1200000000,882.5000000000,0.2201729000
13.1400000000,885.5000000000,0.2204971000
13.1600000000,889.1667000000,0.2208214000
13.1800000000,892.6667000000,0.2211456000
13.2000000000,896.0000000000,0.2215099000
13.2200000000,898.8333000000,0.2218342000
13.2400000000,901.6667000000,0.2221584000
13.2600000000,903.6667000000,0.2224846000
13.2800000000,905.1667000000,0.2228088000
13.3000000000,907.3333000000,0.2231331000
13.3200000000,911.3333000000,0.2234573000
13.3400000000,916.1667000000,0.2238216000
13.3600000000,919.1667000000,0.2241459000
13.3800000000,923.5000000000,0.2244701000
13.4000000000,928.1667000000,0.2247963000
13.4200000000,932.0000000000,0.2251606000
13.4400000000,933.5000000000,0.2254848000
13.4600000000,937.0000000000,0.2258091000
13.4800000000,940.8333000000,0.2261333000
13.5000000000,944.1667000000,0.2264996000
13.5200000000,947.0000000000,0.2268238000
13.5400000000,950.1667000000,0.2271481000
13.5600000000,955.6667000000,0.2274723000
13.5800000000,960.8333000000,0.2277966000
13.6000000000,964.0000000000,0.2281208000
13.6200000000,965.0000000000,0.2284451000
13.6400000000,967.0000000000,0.2287693000
13.6600000000,970.1667000000,0.2291355000
13.6800000000,972.3333000000,0.2294598000
13.7000000000,974.8333000000,0.2297840000
13.7200000000,978.1667000000,0.2301083000
13.7400000000,981.3333000000,0.2304726000
13.7600000000,983.5000000000,0.2307968000
13.7800000000,986.6667000000,0.2311211000
13.8000000000,990.5000000000,0.2314472000
13.8200000000,994.0000000000,0.2318115000
13.8400000000,996.8333000000,0.2321358000
13.8600000000,1000.6670000000,0.2324600000
13.8800000000,1004.3330000000,0.2327843000
13.9000000000,1007.8330000000,0.2331085000
13.9200000000,1011.0000000000,0.2334328000
13.9400000000,1013.8330000000,0.2337990000
13.9600000000,1018.0000000000,0.2341232000
13.9800000000,1022.3330000000,0.2344475000
14.0000000000,1026.1670000000,0.2347717000
14.0200000000,1029.0000000000,0.2350960000
14.0400000000,1032.0000000000,0.2354622000
14.0600000000,1035.8330000000,0.2357864000
14.0800000000,1038.8330000000,0.2361107000
14.1000000000,1041.0000000000,0.2364750000
14.1200000000,1042.8330000000,0.2367992000
14.1400000000,1045.1670000000,0.2371235000
14.1600000000,1049.8330000000,0.2374897000
14.1800000000,1054.3330000000,0.2378139000
14.2000000000,1057.6670000000,0.2381382000
14.2200000000,1060.0000000000,0.2384624000
14.2400000000,1064.0000000000,0.2387867000
14.2600000000,1067.8330000000,0.2391109000
14.2800000000,1071.0000000000,0.2394772000
14.3000000000,1074.0000000000,0.2398014000
14.3200000000,1077.0000000000,0.2401257000
14.3400000000,1079.5000000000,0.2404499000
14.3600000000,1085.0000000000,0.2408142000
14.3800000000,1090.6670000000,0.2411385000
14.4000000000,1094.5000000000,0.2414627000
14.4200000000,1097.1670000000,0.2418289000
14.4400000000,1100.6670000000,0.2421532000
14.4600000000,1103.3330000000,0.2424774000
14.4800000000,1105.0000000000,0.2428017000
14.5000000000,1107.8330000000,0.2431660000
14.5200000000,1112.8330000000,0.2434921000
14.5400000000,1119.5000000000,0.2438164000
14.5600000000,1122.5000000000,0.2441406000
14.5800000000,1123.3330000000,0.2445049000
14.6000000000,1124.1670000000,0.2448292000
14.6200000000,1125.5000000000,0.2451534000
14.6400000000,1126.8330000000,0.2454777000
14.6600000000,1130.1670000000,0.2458038000
14.6800000000,1135.5000000000,0.2461681000
14.7000000000,1140.5000000000,0.2464924000
14.7200000000,1145.5000000000,0.2468166000
14.7400000000,1152.0000000000,0.2471409000
14.7600000000,1157.0000000000,0.2475071000
14.7800000000,1158.6670000000,0.2478313000
14.8000000000,1160.3330000000,0.2481556000
14.8200000000,1163.6670000000,0.2485199000
14.8400000000,1168.1670000000,0.2488441000
14.8600000000,1172.0000000000,0.2491684000
14.8800000000,1176.5000000000,0.2494926000
14.9000000000,1180.1670000000,0.2498169000
14.9200000000,1183.3330000000,0.2501431000
14.9400000000,1187.0000000000,0.2505074000
14.9600000000,1190.6670000000,0.2508316000
14.9800000000,1192.5000000000,0.2511559000
15.0000000000,1194.6670000000,0.2514801000
15.0200000000,1197.5000000000,0.2518044000
15.0400000000,1200.8330000000,0.2521706000
15.0600000000,1204.1670000000,0.2524948000
15.0800000000,1207.8330000000,0.2528191000
15.1000000000,1211.3330000000,0.2531433000
15.1200000000,1214.8330000000,0.2535076000
15.1400000000,1217.8330000000,0.2538319000
15.1600000000,1220.6670000000,0.2541580000
15.1800000000,1224.0000000000,0.2544823000
15.2000000000,1227.8330000000,0.2548466000
15.2200000000,1232.1670000000,0.2551708000
15.2400000000,1236.5000000000,0.2554951000
15.2600000000,1239.6670000000,0.2558193000
15.2800000000,1242.8330000000,0.2561436000
15.3000000000,1247.1670000000,0.2564697000
15.3200000000,1251.6670000000,0.2568340000
15.3400000000,1255.3330000000,0.2571583000
15.3600000000,1256.6670000000,0.2574825000
15.3800000000,1260.0000000000,0.2578068000
15.4000000000,1264.1670000000,0.2581730000
15.4200000000,1267.8330000000,0.2584972000
15.4400000000,1270.3330000000,0.2588215000
15.4600000000,1273.1670000000,0.2591457000
15.4800000000,1275.6670000000,0.2595100000
15.5000000000,1278.8330000000,0.2598343000
15.5200000000,1283.1670000000,0.2601585000
15.5400000000,1287.5000000000,0.2604847000
15.5600000000,1291.3330000000,0.2608089000
15.5800000000,1296.5000000000,0.2611332000
15.6000000000,1300.6670000000,0.2614975000
15.6200000000,1303.6670000000,0.2618217000
15.6400000000,1305.6670000000,0.2621460000
15.6600000000,1308.5000000000,0.2624702000
15.6800000000,1313.8330000000,0.2627945000
15.7000000000,1318.3330000000,0.2631607000
15.7200000000,1321.5000000000,0.2634850000
15.7400000000,1324.1670000000,0.2638092000
15.7600000000,1328.6670000000,0.2641335000
15.7800000000,1331.6670000000,0.2644978000
15.8000000000,1333.8330000000,0.2648239000
15.8200000000,1335.6670000000,0.2651482000
15.8400000000,1337.5000000000,0.2654724000
15.8600000000,1339.6670000000,0.2657967000
15.8800000000,1345.3330000000,0.2661610000
15.9000000000,1351.0000000000,0.2664852000
15.9200000000,1355.1670000000,0.2668095000
15.9400000000,1357.3330000000,0.2671356000
15.9600000000,1359.8330000000,0.2674599000
15.9800000000,1363.0000000000,0.2677841000
16.0000000000,1366.3330000000,0.2681084000
16.0200000000,1370.3330000000,0.2684727000
16.0400000000,1374.8330000000,0.2687969000
16.0600000000,1379.3330000000,0.2691212000
16.0800000000,1383.1670000000,0.2694473000
16.1000000000,1387.5000000000,0.2698116000
16.1200000000,1391.1670000000,0.2701359000
16.1400000000,1394.0000000000,0.2704601000
16.1600000000,1397.0000000000,0.2707844000
16.1800000000,1402.0000000000,0.2711506000
16.2000000000,1406.0000000000,0.2714748000
16.2200000000,1409.6670000000,0.2717991000
16.2400000000,1413.3330000000,0.2721233000
16.2600000000,1417.0000000000,0.2724476000
16.2800000000,1421.1670000000,0.2727718000
16.3000000000,1424.1670000000,0.2730961000
16.3200000000,1426.1670000000,0.2734203000
16.3400000000,1428.5000000000,0.2737865000
16.3600000000,1432.8330000000,0.2741108000
16.3800000000,1435.8330000000,0.2744350000
16.4000000000,1438.0000000000,0.2747993000
16.4200000000,1440.8330000000,0.2751236000
16.4400000000,1444.8330000000,0.2754478000
16.4600000000,1449.6670000000,0.2758141000
16.4800000000,1453.0000000000,0.2761383000
16.5000000000,1455.0000000000,0.2764626000
16.5200000000,1457.1670000000,0.2767868000
16.5400000000,1460.1670000000,0.2771111000
16.5600000000,1464.6670000000,0.2774754000
16.5800000000,1470.6670000000,0.2778015000
16.6000000000,1475.5000000000,0.2781258000
16.6200000000,1478.8330000000,0.2784500000
16.6400000000,1481.6670000000,0.2787743000
16.6600000000,1485.5000000000,0.2791386000
16.6800000000,1489.5000000000,0.2794628000
16.7000000000,1492.5000000000,0.2797871000
16.7200000000,1495.3330000000,0.2801533000
16.7400000000,1498.3330000000,0.2804775000
16.7600000000,1501.6670000000,0.2808018000
16.7800000000,1505.3330000000,0.2811661000
16.8000000000,1508.8330000000,0.2814903000
16.8200000000,1512.0000000000,0.2818165000
16.8400000000,1515.6670000000,0.2821407000
16.8600000000,1520.5000000000,0.2825050000
16.8800000000,1524.6670000000,0.2828293000
16.9000000000,1527.5000000000,0.2831535000
16.9200000000,1530.6670000000,0.2834778000
16.9400000000,1534.0000000000,0.2838020000
16.9600000000,1537.1670000000,0.2841282000
16.9800000000,1540.8330000000,0.2844925000
17.0000000000,1545.5000000000,0.2848167000
17.0200000000,1550.1670000000,0.2851410000
17.0400000000,1554.6670000000,0.2854652000
17.0600000000,1559.0000000000,0.2858315000
17.0800000000,1561.6670000000,0.2861557000
17.1000000000,1562.8330000000,0.2864799000
17.1200000000,1565.6670000000,0.2868443000
17.1400000000,1570.0000000000,0.2871685000
17.1600000000,1574.1670000000,0.2874928000
17.1800000000,1576.3330000000,0.2878170000
17.2000000000,1579.6670000000,0.2881432000
17.2200000000,1584.1670000000,0.2885075000
17.2400000000,1589.0000000000,0.2888317000
17.2600000000,1592.5000000000,0.2891560000
17.2800000000,1595.1670000000,0.2894802000
17.3000000000,1597.8330000000,0.2898045000
17.3200000000,1600.5000000000,0.2901707000
17.3400000000,1603.8330000000,0.2904949000
17.3600000000,1608.0000000000,0.2908192000
17.3800000000,1611.6670000000,0.2911434000
17.4000000000,1616.8330000000,0.2915077000
17.4200000000,1621.5000000000,0.2918320000
17.4400000000,1624.8330000000,0.2921562000
17.4600000000,1627.0000000000,0.2925224000
17.4800000000,1630.5000000000,0.2928467000
17.5000000000,1634.5000000000,0.2931709000
17.5200000000,1638.5000000000,0.2934952000
17.5400000000,1642.8330000000,0.2938194000
17.5600000000,1646.8330000000,0.2941856000
17.5800000000,1651.0000000000,0.2945099000
17.6000000000,1656.0000000000,0.2948341000
17.6200000000,1658.8330000000,0.2951584000
17.6400000000,1660.6670000000,0.2954826000
17.6600000000,1662.8330000000,0.2958069000
17.6800000000,1666.8330000000,0.2961712000
17.7000000000,1672.3330000000,0.2964973000
17.7200000000,1677.3330000000,0.2968216000
17.7400000000,1680.3330000000,0.2971458000
17.7600000000,1681.3330000000,0.2975101000
17.7800000000,1683.5000000000,0.2978344000
17.8000000000,1686.6670000000,0.2981586000
17.8200000000,1689.8330000000,0.2984829000
17.8400000000,1693.6670000000,0.2988491000
17.8600000000,1698.1670000000,0.2991734000
17.8800000000,1702.8330000000,0.2994976000
17.9000000000,1707.3330000000,0.2998219000
17.9200000000,1711.5000000000,0.3001461000
17.9400000000,1714.5000000000,0.3004704000
17.9600000000,1717.1670000000,0.3007946000
17.9800000000,1720.5000000000,0.3011608000
18.0000000000,1725.5000000000,0.3014851000
18.0200000000,1730.0000000000,0.3018093000
18.0400000000,1733.3330000000,0.3021336000
18.0600000000,1735.6670000000,0.3024979000
18.0800000000,1737.3330000000,0.3028240000
18.1000000000,1740.5000000000,0.3031483000
18.1200000000,1743.6670000000,0.3035126000
18.1400000000,1747.1670000000,0.3038368000
18.1600000000,1751.1670000000,0.3041611000
18.1800000000,1755.1670000000,0.3044853000
18.2000000000,1759.3330000000,0.3048096000
18.2200000000,1764.0000000000,0.3051338000
18.2400000000,1767.8330000000,0.3054600000
18.2600000000,1771.1670000000,0.3057842000
18.2800000000,1775.8330000000,0.3061485000
18.3000000000,1781.1670000000,0.3064728000
18.3200000000,1783.8330000000,0.3067970000
18.3400000000,1785.8330000000,0.3071213000
18.3600000000,1789.0000000000,0.3074455000
18.3800000000,1795.6670000000,0.3078117000
18.4000000000,1802.3330000000,0.3081360000
18.4200000000,1805.3330000000,0.3084602000
18.4400000000,1806.3330000000,0.3088245000
18.4600000000,1807.5000000000,0.3091488000
18.4800000000,1810.8330000000,0.3094749000
18.5000000000,1815.0000000000,0.3097992000
18.5200000000,1819.0000000000,0.3101234000
18.5400000000,1822.6670000000,0.3104877000
18.5600000000,1825.5000000000,0.3108120000
18.5800000000,1827.5000000000,0.3111362000
18.6000000000,1829.8330000000,0.3114605000
18.6200000000,1833.1670000000,0.3117867000
18.6400000000,1836.6670000000,0.3121109000
18.6600000000,1840.1670000000,0.3124352000
18.6800000000,1843.6670000000,0.3127995000
18.7000000000,1847.6670000000,0.3131237000
18.7200000000,1852.3330000000,0.3134480000
18.7400000000,1856.5000000000,0.3138142000
18.7600000000,1860.3330000000,0.3141384000
18.7800000000,1863.6670000000,0.3144627000
18.8000000000,1867.3330000000,0.3147869000
18.8200000000,1870.8330000000,0.3151112000
18.8400000000,1876.0000000000,0.3154755000
18.8600000000,1882.0000000000,0.3158016000
18.8800000000,1887.3330000000,0.3161259000
18.9000000000,1889.3330000000,0.3164501000
18.9200000000,1891.6670000000,0.3167744000
18.9400000000,1894.3330000000,0.3170986000
18.9600000000,1897.1670000000,0.3174629000
18.9800000000,1900.3330000000,0.3177872000
19.0000000000,1904.5000000000,0.3181114000
19.0200000000,1907.8330000000,0.3184376000
19.0400000000,1911.3330000000,0.3188019000
19.0600000000,1914.6670000000,0.3191261000
19.0800000000,1917.5000000000,0.3194504000
19.1000000000,1920.6670000000,0.3198147000
19.1200000000,1924.3330000000,0.3201408000
19.1400000000,1927.3330000000,0.3204651000
19.1600000000,1931.1670000000,0.3208294000
19.1800000000,1936.5000000000,0.3211536000
19.2000000000,1941.5000000000,0.3214779000
19.2200000000,1944.1670000000,0.3218021000
19.2400000000,1947.1670000000,0.3221264000
19.2600000000,1950.8330000000,0.3224926000
19.2800000000,1954.8330000000,0.3228168000
19.3000000000,1958.1670000000,0.3231411000
19.3200000000,1961.6670000000,0.3234653000
19.3400000000,1965.5000000000,0.3237896000
19.3600000000,1969.3330000000,0.3241558000
19.3800000000,1972.3330000000,0.3244801000
19.4000000000,1975.1670000000,0.3248043000
19.4200000000,1979.3330000000,0.3251686000
19.4400000000,1982.0000000000,0.3254929000
19.4600000000,1984.0000000000,0.3258171000
19.4800000000,1987.0000000000,0.3261833000
19.5000000000,1991.8330000000,0.3265076000
19.5200000000,1996.3330000000,0.3268318000
19.5400000000,2001.3330000000,0.3271561000
19.5600000000,2006.0000000000,0.3274803000
19.5800000000,2009.8330000000,0.3278046000
19.6000000000,2011.8330000000,0.3281708000
19.6200000000,2014.5000000000,0.3284950000
19.6400000000,2018.1670000000,0.3288193000
19.6600000000,2021.5000000000,0.3291435000
19.6800000000,2024.3330000000,0.3294678000
19.7000000000,2028.3330000000,0.3298321000
19.7200000000,2034.1670000000,0.3301563000
19.7400000000,2039.5000000000,0.3304825000
19.7600000000,2042.8330000000,0.3308468000
19.7800000000,2044.3330000000,0.3311710000
19.8000000000,2045.6670000000,0.3314953000
19.8200000000,2050.8330000000,0.3318195000
19.8400000000,2054.8330000000,0.3321438000
19.8600000000,2058.0000000000,0.3325100000
19.8800000000,2060.8330000000,0.3328342000
19.9000000000,2064.1670000000,0.3331585000
19.9200000000,2068.8330000000,0.3334827000
19.9400000000,2072.6670000000,0.3338070000
19.9600000000,2075.3330000000,0.3341312000
19.9800000000,2077.6670000000,0.3344955000
20.0000000000,2081.3330000000,0.3348217000
20.0200000000,2084.5000000000,0.3351460000
20.0400000000,2088.0000000000,0.3355103000
20.0600000000,2091.8330000000,0.3358345000
20.0800000000,2095.5000000000,0.3361588000
20.1000000000,2098.5000000000,0.3364830000
20.1200000000,2102.8330000000,0.3368492000
20.1400000000,2106.5000000000,0.3371735000
20.1600000000,2109.3330000000,0.3374977000
20.1800000000,2112.1670000000,0.3378220000
20.2000000000,2116.8330000000,0.3381462000
20.2200000000,2123.5000000000,0.3384705000
20.2400000000,2126.3330000000,0.3388367000
20.2600000000,2127.3330000000,0.3391609000
20.2800000000,2128.1670000000,0.3394852000
20.3000000000,2130.3330000000,0.3398094000
20.3200000000,2133.6670000000,0.3401337000
20.3400000000,2136.3330000000,0.3404980000
20.3600000000,2138.8330000000,0.3408222000
20.3800000000,2141.3330000000,0.3411484000
20.4000000000,2144.1670000000,0.3414726000
20.4200000000,2148.1670000000,0.3418369000
20.4400000000,2151.5000000000,0.3421612000
20.4600000000,2154.5000000000,0.3424854000
20.4800000000,2157.6670000000,0.3428097000
20.5000000000,2162.6670000000,0.3431759000
20.5200000000,2168.5000000000,0.3435001000
20.5400000000,2171.6670000000,0.3438244000
20.5600000000,2173.8330000000,0.3441486000
20.5800000000,2176.3330000000,0.3444729000
20.6000000000,2180.3330000000,0.3447971000
20.6200000000,2184.5000000000,0.3451214000
20.6400000000,2188.3330000000,0.3454876000
20.6600000000,2191.6670000000,0.3458118000
20.6800000000,2194.6670000000,0.3461361000
20.7000000000,2197.5000000000,0.3464603000
20.7200000000,2200.1670000000,0.3468246000
20.7400000000,2203.1670000000,0.3471489000
20.7600000000,2206.3330000000,0.3474731000
20.7800000000,2210.0000000000,0.3478394000
20.8000000000,2214.1670000000,0.3481636000
20.8200000000,2218.1670000000,0.3484879000
20.8400000000,2221.5000000000,0.3488121000
20.8600000000,2225.5000000000,0.3491364000
20.8800000000,2229.8330000000,0.3494606000
20.9000000000,2233.6670000000,0.3497849000
20.9200000000,2236.1670000000,0.3501511000
20.9400000000,2238.8330000000,0.3504753000
20.9600000000,2242.6670000000,0.3507996000
20.9800000000,2247.3330000000,0.3511238000
21.0000000000,2252.3330000000,0.3514481000
21.0200000000,2257.1670000000,0.3518143000
21.0400000000,2259.8330000000,0.3521385000
21.0600000000,2261.0000000000,0.3524628000
21.0800000000,2262.5000000000,0.3527870000
21.1000000000,2265.6670000000,0.3531513000
21.1200000000,2268.8330000000,0.3534756000
21.1400000000,2272.6670000000,0.3537998000
21.1600000000,2277.1670000000,0.3541260000
21.1800000000,2281.8330000000,0.3544502000
21.2000000000,2285.6670000000,0.3548145000
21.2200000000,2287.0000000000,0.3551388000
21.2400000000,2287.1670000000,0.3554630000
21.2600000000,2289.3330000000,0.3557873000
21.2800000000,2293.0000000000,0.3561115000
21.3000000000,2297.1670000000,0.3564358000
21.3200000000,2300.8330000000,0.3567619000
21.3400000000,2303.8330000000,0.3571262000
21.3600000000,2308.8330000000,0.3574505000
21.3800000000,2313.8330000000,0.3577747000
21.4000000000,2317.1670000000,0.3581409000
21.4200000000,2318.1670000000,0.3584652000
21.4400000000,2322.0000000000,0.3587894000
21.4600000000,2326.0000000000,0.3591537000
21.4800000000,2329.1670000000,0.3594780000
21.5000000000,2332.0000000000,0.3598022000
21.5200000000,2335.3330000000,0.3601265000
21.5400000000,2339.3330000000,0.3604507000
21.5600000000,2343.8330000000,0.3608170000
21.5800000000,2348.0000000000,0.3611412000
21.6000000000,2351.0000000000,0.3614655000
21.6200000000,2353.0000000000,0.3617897000
21.6400000000,2356.0000000000,0.3621140000
21.6600000000,2359.5000000000,0.3624802000
21.6800000000,2363.0000000000,0.3628044000
21.7000000000,2365.8330000000,0.3631287000
21.7200000000,2368.3330000000,0.3634930000
21.7400000000,2371.1670000000,0.3638172000
21.7600000000,2375.0000000000,0.3641415000
21.7800000000,2378.5000000000,0.3644657000
21.8000000000,2381.1670000000,0.3648319000
21.8200000000,2383.3330000000,0.3651562000
21.8400000000,2386.6670000000,0.3654804000
21.8600000000,2390.6670000000,0.3658047000
21.8800000000,2394.5000000000,0.3661289000
21.9000000000,2398.0000000000,0.3664951000
21.9200000000,2402.1670000000,0.3668194000
21.9400000000,2406.8330000000,0.3671436000
21.9600000000,2410.3330000000,0.3674679000
21.9800000000,2413.1670000000,0.3678322000
22.0000000000,2415.5000000000,0.3681564000
22.0200000000,2418.1670000000,0.3684807000
22.0400000000,2422.6670000000,0.3688068000
22.0600000000,2426.1670000000,0.3691711000
22.0800000000,2428.1670000000,0.3694954000
22.1000000000,2430.0000000000,0.3698196000
22.1200000000,2433.1670000000,0.3701439000
22.1400000000,2437.5000000000,0.3705101000
22.1600000000,2440.6670000000,0.3708344000
22.1800000000,2443.8330000000,0.3711586000
22.2000000000,2447.6670000000,0.3714828000
22.2200000000,2452.5000000000,0.3718071000
22.2400000000,2455.8330000000,0.3721714000
22.2600000000,2459.0000000000,0.3724957000
22.2800000000,2461.8330000000,0.3728218000
22.3000000000,2464.3330000000,0.3731461000
22.3200000000,2467.1670000000,0.3734703000
22.3400000000,2471.8330000000,0.3738346000
22.3600000000,2477.8330000000,0.3741589000
22.3800000000,2481.8330000000,0.3744831000
22.4000000000,2484.1670000000,0.3748493000
22.4200000000,2486.0000000000,0.3751736000
22.4400000000,2488.6670000000,0.3754978000
22.4600000000,2491.0000000000,0.3758221000
22.4800000000,2493.6670000000,0.3761864000
22.5000000000,2497.1670000000,0.3765106000
22.5200000000,2501.8330000000,0.3768368000
22.5400000000,2508.3330000000,0.3771610000
22.5600000000,2511.3330000000,0.3774853000
22.5800000000,2512.3330000000,0.3778095000
22.6000000000,2513.1670000000,0.3781738000
22.6200000000,2514.8330000000,0.3784981000
22.6400000000,2518.3330000000,0.3788223000
22.6600000000,2523.0000000000,0.3791466000
22.6800000000,2527.8330000000,0.3794727000
22.7000000000,2532.1670000000,0.3798370000
22.7200000000,2535.5000000000,0.3801613000
22.7400000000,2538.3330000000,0.3804855000
22.7600000000,2541.1670000000,0.3808498000
22.7800000000,2543.6670000000,0.3811760000
22.8000000000,2547.3330000000,0.3815002000
22.8200000000,2553.0000000000,0.3818245000
22.8400000000,2559.5000000000,0.3821487000
22.8600000000,2561.8330000000,0.3825130000
22.8800000000,2563.1670000000,0.3828373000
22.9000000000,2565.0000000000,0.3831615000
22.9200000000,2567.8330000000,0.3834877000
22.9400000000,2567.8330000000,0.3838120000
22.9600000000,2563.3330000000,0.3842163000
22.9800000000,2523.6670000000,0.3845825000
23.0000000000,2053.8330000000,0.3848648000
23.0200000000,1040.6670000000,0.3851910000
23.0400000000,74.1666600000,0.3855152000
