"PlayTime","LoadValue","PositionValue"
"s","N","mm"
0.0000000000,4.6666670000,0.0017852780
0.0200000000,3.6666670000,0.0020675660
0.0400000000,3.3333330000,0.0023937230
0.0600000000,4.0000000000,0.0027179720
0.0800000000,5.0000000000,0.0030422210
0.1000000000,5.3333330000,0.0033664700
0.1200000000,5.3333330000,0.0036907200
0.1400000000,5.3333330000,0.0040550230
0.1600000000,6.5000000000,0.0043792720
0.1800000000,8.5000000000,0.0047054290
0.2000000000,8.5000000000,0.0050697330
0.2200000000,7.1666670000,0.0053939820
0.2400000000,6.3333330000,0.0057182310
0.2600000000,6.0000000000,0.0060825350
0.2800000000,5.8333330000,0.0064086910
0.3000000000,5.1666670000,0.0067329410
0.3200000000,5.1666670000,0.0070571900
0.3400000000,5.6666670000,0.0073814390
0.3600000000,7.1666670000,0.0077056880
0.3800000000,9.1666670000,0.0080299380
0.4000000000,9.1666670000,0.0083541870
0.4200000000,6.3333330000,0.0086784360
0.4400000000,5.0000000000,0.0090026860
0.4600000000,4.5000000000,0.0093688960
0.4800000000,4.8333330000,0.0096931460
0.5000000000,6.1666670000,0.0100174000
0.5200000000,6.5000000000,0.0103817000
0.5400000000,7.0000000000,0.0107059500
0.5600000000,7.1666670000,0.0110302000
0.5800000000,7.3333330000,0.0113563500
0.6000000000,7.5000000000,0.0116806000
0.6200000000,7.5000000000,0.0120449100
0.6400000000,7.5000000000,0.0123691600
0.6600000000,7.1666670000,0.0126934100
0.6800000000,6.5000000000,0.0130176500
0.7000000000,5.5000000000,0.0133419000
0.7200000000,5.5000000000,0.0136680600
0.7400000000,6.5000000000,0.0140323600
0.7600000000,7.1666670000,0.0143566100
0.7800000000,7.3333330000,0.0146808600
0.8000000000,7.5000000000,0.0150451700
0.8200000000,8.6666670000,0.0153713200
0.8400000000,8.8333330000,0.0156955700
0.8600000000,8.8333330000,0.0160598800
0.8800000000,8.6666670000,0.0163841200
0.9000000000,7.6666670000,0.0167083700
0.9200000000,7.6666670000,0.0170326200
0.9400000000,7.6666670000,0.0173568700
0.9600000000,6.6666670000,0.0176830300
0.9800000000,5.3333330000,0.0180473300
1.0000000000,5.0000000000,0.0183715800
1.0200000000,4.3333330000,0.0186958300
1.0400000000,2.8333330000,0.0190200800
1.0600000000,2.0000000000,0.0193443300
1.0800000000,2.6666670000,0.0196685800
1.1000000000,4.8333330000,0.0200347900
1.1200000000,7.0000000000,0.0203590400
1.1400000000,8.3333330000,0.0206832900
1.1600000000,8.6666670000,0.0210475900
1.1800000000,8.6666670000,0.0213718400
1.2000000000,8.5000000000,0.0216980000
1.2200000000,8.5000000000,0.0220222500
1.2400000000,9.0000000000,0.0223465000
1.2600000000,9.3333330000,0.0226707500
1.2800000000,9.3333330000,0.0230350500
1.3000000000,9.3333330000,0.0233593000
1.3200000000,9.1666670000,0.0236835500
1.3400000000,9.0000000000,0.0240078000
1.3600000000,8.1666670000,0.0243339500
1.3800000000,7.1666670000,0.0246582000
1.4000000000,7.3333330000,0.0250225100
1.4200000000,8.6666670000,0.0253467600
1.4400000000,8.8333330000,0.0256710100
1.4600000000,8.6666670000,0.0260372200
1.4800000000,8.5000000000,0.0263614700
1.5000000000,8.5000000000,0.0266857100
1.5200000000,8.5000000000,0.0270500200
1.5400000000,8.1666670000,0.0273742700
1.5600000000,7.8333330000,0.0276985200
1.5800000000,7.6666670000,0.0280227700
1.6000000000,7.6666670000,0.0283889800
1.6200000000,7.6666670000,0.0287132300
1.6400000000,8.0000000000,0.0290374800
1.6600000000,8.5000000000,0.0293617200
1.6800000000,9.6666670000,0.0296859700
1.7000000000,11.6666700000,0.0300102200
1.7200000000,12.3333300000,0.0303764300
1.7400000000,12.3333300000,0.0307006800
1.7600000000,11.5000000000,0.0310249300
1.7800000000,10.6666700000,0.0313892400
1.8000000000,10.6666700000,0.0317134900
1.8200000000,10.6666700000,0.0320377300
1.8400000000,10.3333300000,0.0324039500
1.8600000000,9.0000000000,0.0327282000
1.8800000000,8.0000000000,0.0330524400
1.9000000000,8.3333330000,0.0333766900
1.9200000000,10.3333300000,0.0337410000
1.9400000000,10.5000000000,0.0340671500
1.9600000000,11.1666700000,0.0343914000
1.9800000000,11.8333300000,0.0347156500
2.0000000000,12.1666700000,0.0350399000
2.0200000000,12.1666700000,0.0353641500
2.0400000000,11.6666700000,0.0357284500
2.0600000000,10.6666700000,0.0360527000
2.0800000000,9.8333330000,0.0363788600
2.1000000000,10.1666700000,0.0367031100
2.1200000000,11.6666700000,0.0370674100
2.1400000000,12.6666700000,0.0373916600
2.1600000000,12.8333300000,0.0377159100
2.1800000000,12.6666700000,0.0380821200
2.2000000000,12.0000000000,0.0384063700
2.2200000000,10.6666700000,0.0387306200
2.2400000000,10.0000000000,0.0390548700
2.2600000000,10.0000000000,0.0393791200
2.2800000000,11.1666700000,0.0397434200
2.3000000000,13.1666700000,0.0400676700
2.3200000000,13.1666700000,0.0403938300
2.3400000000,11.8333300000,0.0407180800
2.3600000000,9.6666670000,0.0410423300
2.3800000000,8.6666670000,0.0413665800
2.4000000000,8.8333330000,0.0417308800
2.4200000000,9.3333330000,0.0420551300
2.4400000000,11.0000000000,0.0423793800
2.4600000000,12.3333300000,0.0427455900
2.4800000000,13.5000000000,0.0430698400
2.5000000000,14.3333300000,0.0433940900
2.5200000000,14.1666700000,0.0437583900
2.5400000000,12.8333300000,0.0440826400
2.5600000000,12.5000000000,0.0444088000
2.5800000000,13.5000000000,0.0447330500
2.6000000000,14.6666700000,0.0450573000
2.6200000000,14.8333300000,0.0453815500
2.6400000000,15.6666700000,0.0457458500
2.6600000000,16.5000000000,0.0460701000
2.6800000000,16.8333300000,0.0463943500
2.7000000000,16.1666700000,0.0467186000
2.7200000000,14.5000000000,0.0470447500
2.7400000000,14.5000000000,0.0473690000
2.7600000000,15.1666700000,0.0477333100
2.7800000000,16.8333300000,0.0480575600
2.8000000000,18.3333300000,0.0483818100
2.8200000000,18.1666700000,0.0487060500
2.8400000000,16.6666700000,0.0490722700
2.8600000000,16.5000000000,0.0493965100
2.8800000000,16.5000000000,0.0497207600
2.9000000000,16.3333300000,0.0500450100
2.9200000000,16.1666700000,0.0504093200
2.9400000000,16.1666700000,0.0507335700
2.9600000000,17.8333300000,0.0510597200
2.9800000000,18.6666700000,0.0513839700
3.0000000000,19.0000000000,0.0517082200
3.0200000000,19.1666700000,0.0520324700
3.0400000000,19.1666700000,0.0523567200
3.0600000000,19.1666700000,0.0527210200
3.0800000000,19.0000000000,0.0530452700
3.1000000000,18.1666700000,0.0533714300
3.1200000000,16.8333300000,0.0536956800
3.1400000000,16.8333300000,0.0540599800
3.1600000000,18.3333300000,0.0543842300
3.1800000000,19.0000000000,0.0547084800
3.2000000000,18.8333300000,0.0550746900
3.2200000000,18.6666700000,0.0553989400
3.2400000000,18.6666700000,0.0557231900
3.2600000000,18.8333300000,0.0560474400
3.2800000000,19.3333300000,0.0563716900
3.3000000000,19.5000000000,0.0566959400
3.3200000000,19.5000000000,0.0570201900
3.3400000000,19.6666700000,0.0573444400
3.3600000000,21.0000000000,0.0577106500
3.3800000000,21.5000000000,0.0580349000
3.4000000000,21.5000000000,0.0583591500
3.4200000000,21.5000000000,0.0586834000
3.4400000000,21.5000000000,0.0590076400
3.4600000000,24.1666700000,0.0593719500
3.4800000000,25.1666700000,0.0596962000
3.5000000000,24.1666700000,0.0600223500
3.5200000000,22.1666700000,0.0603866600
3.5400000000,22.1666700000,0.0607109100
3.5600000000,24.3333300000,0.0610351600
3.5800000000,25.1666700000,0.0613594100
3.6000000000,25.1666700000,0.0616836500
3.6200000000,25.1666700000,0.0620079000
3.6400000000,25.1666700000,0.0623340600
3.6600000000,25.1666700000,0.0626983600
3.6800000000,24.5000000000,0.0630226100
3.7000000000,23.5000000000,0.0633468600
3.7200000000,22.5000000000,0.0636711100
3.7400000000,22.5000000000,0.0639953600
3.7600000000,23.0000000000,0.0643615700
3.7800000000,24.1666700000,0.0646858200
3.8000000000,25.5000000000,0.0650100700
3.8200000000,27.3333300000,0.0653743700
3.8400000000,29.1666700000,0.0656986200
3.8600000000,29.3333300000,0.0660228700
3.8800000000,29.6666700000,0.0663471200
3.9000000000,29.8333300000,0.0667133300
3.9200000000,30.3333300000,0.0670375800
3.9400000000,32.1666700000,0.0673618300
3.9600000000,32.3333300000,0.0676860800
3.9800000000,31.5000000000,0.0680103300
4.0000000000,30.6666700000,0.0683765400
4.0200000000,30.8333300000,0.0687007900
4.0400000000,31.3333300000,0.0690250400
4.0600000000,31.3333300000,0.0693492900
4.0800000000,31.3333300000,0.0697135900
4.1000000000,32.0000000000,0.0700378400
4.1200000000,33.5000000000,0.0703620900
4.1400000000,35.0000000000,0.0707283000
4.1600000000,35.1666700000,0.0710525500
4.1800000000,33.1666700000,0.0713768000
4.2000000000,31.8333300000,0.0717411000
4.2200000000,31.8333300000,0.0720653500
4.2400000000,31.8333300000,0.0723915100
4.2600000000,32.8333300000,0.0727157600
4.2800000000,34.1666700000,0.0730400100
4.3000000000,35.6666700000,0.0733642600
4.3200000000,37.0000000000,0.0737285600
4.3400000000,38.1666700000,0.0740528100
4.3600000000,38.3333300000,0.0743770600
4.3800000000,38.5000000000,0.0747032200
4.4000000000,38.8333300000,0.0750675200
4.4200000000,38.3333300000,0.0753917700
4.4400000000,36.5000000000,0.0757160200
4.4600000000,36.5000000000,0.0760402700
4.4800000000,37.1666700000,0.0764064800
4.5000000000,38.1666700000,0.0767307300
4.5200000000,39.1666700000,0.0770549800
4.5400000000,40.3333300000,0.0774192800
4.5600000000,40.8333300000,0.0777435300
4.5800000000,42.0000000000,0.0780677800
4.6000000000,43.5000000000,0.0783920300
4.6200000000,44.8333300000,0.0787181900
4.6400000000,44.8333300000,0.0790424300
4.6600000000,45.3333300000,0.0793666800
4.6800000000,46.1666700000,0.0797309900
4.7000000000,46.6666700000,0.0800552400
4.7200000000,47.1666700000,0.0803794900
4.7400000000,47.8333300000,0.0807037400
4.7600000000,48.3333300000,0.0810699500
4.7800000000,52.1666700000,0.0813942000
4.8000000000,54.8333300000,0.0817184400
4.8200000000,55.6666700000,0.0820827500
4.8400000000,55.5000000000,0.0824070000
4.8600000000,54.8333300000,0.0827331500
4.8800000000,54.6666700000,0.0830574000
4.9000000000,55.3333300000,0.0834217100
4.9200000000,56.0000000000,0.0837459600
4.9400000000,55.6666700000,0.0840702100
4.9600000000,53.3333300000,0.0843944500
4.9800000000,51.5000000000,0.0847187000
5.0000000000,50.6666700000,0.0850429500
5.0200000000,51.6666700000,0.0853691100
5.0400000000,54.1666700000,0.0857334100
5.0600000000,55.3333300000,0.0860576600
5.0800000000,56.8333300000,0.0863819100
5.1000000000,57.5000000000,0.0867061600
5.1200000000,59.1666700000,0.0870723700
5.1400000000,62.6666700000,0.0873966200
5.1600000000,64.1666600000,0.0877208700
5.1800000000,65.3333400000,0.0880851700
5.2000000000,66.0000000000,0.0884094200
5.2200000000,66.5000000000,0.0887336700
5.2400000000,67.3333400000,0.0890579200
5.2600000000,69.0000000000,0.0893840800
5.2800000000,70.1666600000,0.0897083300
5.3000000000,70.6666600000,0.0900325800
5.3200000000,70.8333400000,0.0903968800
5.3400000000,71.1666600000,0.0907211300
5.3600000000,71.1666600000,0.0910453800
5.3800000000,73.6666600000,0.0913696300
5.4000000000,74.6666600000,0.0916957900
5.4200000000,75.0000000000,0.0920600900
5.4400000000,76.0000000000,0.0923843400
5.4600000000,77.1666600000,0.0927085900
5.4800000000,77.1666600000,0.0930328400
5.5000000000,77.6666600000,0.0933990500
5.5200000000,78.3333400000,0.0937233000
5.5400000000,79.0000000000,0.0940475500
5.5600000000,79.6666600000,0.0943718000
5.5800000000,80.0000000000,0.0946960400
5.6000000000,81.0000000000,0.0950603500
5.6200000000,82.8333400000,0.0953846000
5.6400000000,85.3333400000,0.0957107500
5.6600000000,87.5000000000,0.0960350000
5.6800000000,89.6666600000,0.0963592500
5.7000000000,90.3333400000,0.0966835000
5.7200000000,90.3333400000,0.0970077500
5.7400000000,90.6666600000,0.0973720600
5.7600000000,92.5000000000,0.0976963000
5.7800000000,94.6666600000,0.0980205500
5.8000000000,95.3333400000,0.0983867600
5.8200000000,95.3333400000,0.0987110100
5.8400000000,95.3333400000,0.0990352600
5.8600000000,95.3333400000,0.0993595100
5.8800000000,96.6666600000,0.0997238200
5.9000000000,98.5000000000,0.1000500000
5.9200000000,100.5000000000,0.1003742000
5.9400000000,102.6667000000,0.1006985000
5.9600000000,106.1667000000,0.1010227000
5.9800000000,106.5000000000,0.1013470000
6.0000000000,106.5000000000,0.1016712000
6.0200000000,106.5000000000,0.1020355000
6.0400000000,107.0000000000,0.1023617000
6.0600000000,108.8333000000,0.1026859000
6.0800000000,111.6667000000,0.1030102000
6.1000000000,113.0000000000,0.1033745000
6.1200000000,113.6667000000,0.1036987000
6.1400000000,114.6667000000,0.1040230000
6.1600000000,117.6667000000,0.1043472000
6.1800000000,118.6667000000,0.1047134000
6.2000000000,119.0000000000,0.1050377000
6.2200000000,119.8333000000,0.1053619000
6.2400000000,121.5000000000,0.1056862000
6.2600000000,123.6667000000,0.1060104000
6.2800000000,124.8333000000,0.1063347000
6.3000000000,125.3333000000,0.1067009000
6.3200000000,125.5000000000,0.1070251000
6.3400000000,126.3333000000,0.1073494000
6.3600000000,128.5000000000,0.1076736000
6.3800000000,131.6667000000,0.1079979000
6.4000000000,132.8333000000,0.1083622000
6.4200000000,133.6667000000,0.1086864000
6.4400000000,135.1667000000,0.1090527000
6.4600000000,137.5000000000,0.1093769000
6.4800000000,140.5000000000,0.1097012000
6.5000000000,143.0000000000,0.1100254000
6.5200000000,144.8333000000,0.1103916000
6.5400000000,146.1667000000,0.1107159000
6.5600000000,147.3333000000,0.1110401000
6.5800000000,150.1667000000,0.1113644000
6.6000000000,155.3333000000,0.1117287000
6.6200000000,158.5000000000,0.1120529000
6.6400000000,159.1667000000,0.1123772000
6.6600000000,160.0000000000,0.1127014000
6.6800000000,160.0000000000,0.1130276000
6.7000000000,161.8333000000,0.1133518000
6.7200000000,164.8333000000,0.1137161000
6.7400000000,167.8333000000,0.1140404000
6.7600000000,169.5000000000,0.1143646000
6.7800000000,170.3333000000,0.1147308000
6.8000000000,171.5000000000,0.1150551000
6.8200000000,173.0000000000,0.1153793000
6.8400000000,174.8333000000,0.1157436000
6.8600000000,176.5000000000,0.1160679000
6.8800000000,177.8333000000,0.1163921000
6.9000000000,181.0000000000,0.1167164000
6.9200000000,185.1667000000,0.1170826000
6.9400000000,188.3333000000,0.1174068000
6.9600000000,189.8333000000,0.1177311000
6.9800000000,190.5000000000,0.1180553000
7.0000000000,194.1667000000,0.1183796000
7.0200000000,197.5000000000,0.1187038000
7.0400000000,199.3333000000,0.1190701000
7.0600000000,199.3333000000,0.1193943000
7.0800000000,199.3333000000,0.1197186000
7.1000000000,202.0000000000,0.1200428000
7.1200000000,205.0000000000,0.1204071000
7.1400000000,207.1667000000,0.1207314000
7.1600000000,208.1667000000,0.1210575000
7.1800000000,211.1667000000,0.1214218000
7.2000000000,212.5000000000,0.1217461000
7.2200000000,215.5000000000,0.1220703000
7.2400000000,219.3333000000,0.1223946000
7.2600000000,222.3333000000,0.1227188000
7.2800000000,223.0000000000,0.1230431000
7.3000000000,227.1667000000,0.1233692000
7.3200000000,230.1667000000,0.1237335000
7.3400000000,231.6667000000,0.1240578000
7.3600000000,232.5000000000,0.1243820000
7.3800000000,234.3333000000,0.1247063000
7.4000000000,238.5000000000,0.1250725000
7.4200000000,243.0000000000,0.1253967000
7.4400000000,246.0000000000,0.1257210000
7.4600000000,246.8333000000,0.1260452000
7.4800000000,248.0000000000,0.1264095000
7.5000000000,250.6667000000,0.1267338000
7.5200000000,253.0000000000,0.1270580000
7.5400000000,255.1667000000,0.1273823000
7.5600000000,257.3333000000,0.1277485000
7.5800000000,261.3333000000,0.1280727000
7.6000000000,266.0000000000,0.1283970000
7.6200000000,267.8333000000,0.1287212000
7.6400000000,268.3333000000,0.1290455000
7.6600000000,268.6667000000,0.1293697000
7.6800000000,269.3333000000,0.1296940000
7.7000000000,271.8333000000,0.1300602000
7.7200000000,276.0000000000,0.1303844000
7.7400000000,279.8333000000,0.1307087000
7.7600000000,283.1667000000,0.1310730000
7.7800000000,287.8333000000,0.1313972000
7.8000000000,291.6667000000,0.1317234000
7.8200000000,293.1667000000,0.1320477000
7.8400000000,294.6667000000,0.1324120000
7.8600000000,297.6667000000,0.1327362000
7.8800000000,300.6667000000,0.1330605000
7.9000000000,301.5000000000,0.1333847000
7.9200000000,303.5000000000,0.1337090000
7.9400000000,306.3333000000,0.1340351000
7.9600000000,309.5000000000,0.1343594000
7.9800000000,312.0000000000,0.1347237000
8.0000000000,315.0000000000,0.1350479000
8.0200000000,317.3333000000,0.1353722000
8.0400000000,319.5000000000,0.1356964000
8.0600000000,322.0000000000,0.1360207000
8.0800000000,325.8333000000,0.1363449000
8.1000000000,330.3333000000,0.1367111000
8.1200000000,332.1667000000,0.1370354000
8.1400000000,332.8333000000,0.1373596000
8.1600000000,333.8333000000,0.1377239000
8.1800000000,337.0000000000,0.1380501000
8.2000000000,339.1667000000,0.1383743000
8.2200000000,341.1667000000,0.1386986000
8.2400000000,344.1667000000,0.1390228000
8.2600000000,348.0000000000,0.1393471000
8.2800000000,350.8333000000,0.1397114000
8.3000000000,353.6667000000,0.1400356000
8.3200000000,356.1667000000,0.1403599000
8.3400000000,358.5000000000,0.1406860000
8.3600000000,361.1667000000,0.1410103000
8.3800000000,364.6667000000,0.1413345000
8.4000000000,366.5000000000,0.1416988000
8.4200000000,368.5000000000,0.1420231000
8.4400000000,370.6667000000,0.1423473000
8.4600000000,372.6667000000,0.1427135000
8.4800000000,374.5000000000,0.1430378000
8.5000000000,376.0000000000,0.1433620000
8.5200000000,378.6667000000,0.1436863000
8.5400000000,382.5000000000,0.1440105000
8.5600000000,386.8333000000,0.1443748000
8.5800000000,390.5000000000,0.1447010000
8.6000000000,390.8333000000,0.1450253000
8.6200000000,392.0000000000,0.1453495000
8.6400000000,394.8333000000,0.1456738000
8.6600000000,398.3333000000,0.1459980000
8.6800000000,400.5000000000,0.1463223000
8.7000000000,402.3333000000,0.1466866000
8.7200000000,405.1667000000,0.1470127000
8.7400000000,408.8333000000,0.1473370000
8.7600000000,412.8333000000,0.1477013000
8.7800000000,416.5000000000,0.1480255000
8.8000000000,418.8333000000,0.1483498000
8.8200000000,420.8333000000,0.1487160000
8.8400000000,423.1667000000,0.1490402000
8.8600000000,425.6667000000,0.1493645000
8.8800000000,427.8333000000,0.1496887000
8.9000000000,430.3333000000,0.1500530000
8.9200000000,432.3333000000,0.1503773000
8.9400000000,434.0000000000,0.1507015000
8.9600000000,435.6667000000,0.1510277000
8.9800000000,437.8333000000,0.1513519000
9.0000000000,439.8333000000,0.1517162000
9.0200000000,441.1667000000,0.1520405000
9.0400000000,443.1667000000,0.1523647000
9.0600000000,446.5000000000,0.1526890000
9.0800000000,451.3333000000,0.1530552000
9.1000000000,456.3333000000,0.1533794000
9.1200000000,460.3333000000,0.1537037000
9.1400000000,463.1667000000,0.1540680000
9.1600000000,465.0000000000,0.1543922000
9.1800000000,466.5000000000,0.1547165000
9.2000000000,469.8333000000,0.1550827000
9.2200000000,476.8333000000,0.1554070000
9.2400000000,480.8333000000,0.1557312000
9.2600000000,482.6667000000,0.1560555000
9.2800000000,484.0000000000,0.1563797000
9.3000000000,485.0000000000,0.1567039000
9.3200000000,487.6667000000,0.1570702000
9.3400000000,490.0000000000,0.1573944000
9.3600000000,492.6667000000,0.1577187000
9.3800000000,495.5000000000,0.1580429000
9.4000000000,499.0000000000,0.1584072000
9.4200000000,503.8333000000,0.1587315000
9.4400000000,507.5000000000,0.1590557000
9.4600000000,509.1667000000,0.1593819000
9.4800000000,509.6667000000,0.1597462000
9.5000000000,512.8333000000,0.1600704000
9.5200000000,515.3333000000,0.1603947000
9.5400000000,517.1667000000,0.1607189000
9.5600000000,519.3333000000,0.1610851000
9.5800000000,522.1667000000,0.1614094000
9.6000000000,524.3333000000,0.1617336000
9.6200000000,527.5000000000,0.1620579000
9.6400000000,531.5000000000,0.1623821000
9.6600000000,535.6667000000,0.1627064000
9.6800000000,539.3333000000,0.1630306000
9.7000000000,542.0000000000,0.1633968000
9.7200000000,545.5000000000,0.1637211000
9.7400000000,547.8333000000,0.1640453000
9.7600000000,549.6667000000,0.1644096000
9.7800000000,551.8333000000,0.1647339000
9.8000000000,555.1667000000,0.1650581000
9.8200000000,556.8333000000,0.1654243000
9.8400000000,558.5000000000,0.1657486000
9.8600000000,561.0000000000,0.1660728000
9.8800000000,564.5000000000,0.1663971000
9.9000000000,569.1667000000,0.1667213000
9.9200000000,572.0000000000,0.1670456000
9.9400000000,574.0000000000,0.1674118000
9.9600000000,576.0000000000,0.1677361000
9.9800000000,578.8333000000,0.1680603000
10.0000000000,582.3333000000,0.1683846000
10.0200000000,585.5000000000,0.1687088000
10.0400000000,588.0000000000,0.1690331000
10.0600000000,590.6667000000,0.1693974000
10.0800000000,593.6667000000,0.1697216000
10.1000000000,596.8333000000,0.1700478000
10.1200000000,599.8333000000,0.1704121000
10.1400000000,602.3333000000,0.1707363000
10.1600000000,604.6667000000,0.1710606000
10.1800000000,607.3333000000,0.1713848000
10.2000000000,610.1667000000,0.1717091000
10.2200000000,612.8333000000,0.1720753000
10.2400000000,615.3333000000,0.1723995000
10.2600000000,619.1667000000,0.1727238000
10.2800000000,623.8333000000,0.1730480000
10.3000000000,628.1667000000,0.1733723000
10.3200000000,628.1667000000,0.1736965000
10.3400000000,628.8333000000,0.1740208000
10.3600000000,630.5000000000,0.1743870000
10.3800000000,632.6667000000,0.1747112000
10.4000000000,635.6667000000,0.1750355000
10.4200000000,639.5000000000,0.1753597000
10.4400000000,642.6667000000,0.1757240000
10.4600000000,647.3333000000,0.1760483000
10.4800000000,652.5000000000,0.1763744000
10.5000000000,656.0000000000,0.1766987000
10.5200000000,656.1667000000,0.1770630000
10.5400000000,658.3333000000,0.1773872000
10.5600000000,661.0000000000,0.1777115000
10.5800000000,664.0000000000,0.1780357000
10.6000000000,667.6667000000,0.1783600000
10.6200000000,671.1667000000,0.1786861000
10.6400000000,674.3333000000,0.1790104000
10.6600000000,676.6667000000,0.1793747000
10.6800000000,678.1667000000,0.1796989000
10.7000000000,680.0000000000,0.1800232000
10.7200000000,683.0000000000,0.1803474000
10.7400000000,686.0000000000,0.1806717000
10.7600000000,689.0000000000,0.1810379000
10.7800000000,692.3333000000,0.1813622000
10.8000000000,695.6667000000,0.1816864000
10.8200000000,699.3333000000,0.1820507000
10.8400000000,702.1667000000,0.1823750000
10.8600000000,704.8333000000,0.1826992000
10.8800000000,707.6667000000,0.1830254000
10.9000000000,711.0000000000,0.1833496000
10.9200000000,714.0000000000,0.1837139000
10.9400000000,718.6667000000,0.1840382000
10.9600000000,723.0000000000,0.1843624000
10.9800000000,726.0000000000,0.1846867000
11.0000000000,727.3333000000,0.1850109000
11.0200000000,730.0000000000,0.1853371000
11.0400000000,734.8333000000,0.1857014000
11.0600000000,738.3333000000,0.1860256000
11.0800000000,740.5000000000,0.1863499000
11.1000000000,741.6667000000,0.1867142000
11.1200000000,744.0000000000,0.1870403000
11.1400000000,746.6667000000,0.1873646000
11.1600000000,750.1667000000,0.1876888000
11.1800000000,753.5000000000,0.1880531000
11.2000000000,756.1667000000,0.1883774000
11.2200000000,759.8333000000,0.1887016000
11.2400000000,763.5000000000,0.1890259000
11.2600000000,766.6667000000,0.1893520000
11.2800000000,769.6667000000,0.1896763000
11.3000000000,772.8333000000,0.1900406000
11.3200000000,776.1667000000,0.1903648000
11.3400000000,780.3333000000,0.1906891000
11.3600000000,783.6667000000,0.1910133000
11.3800000000,786.6667000000,0.1913376000
11.4000000000,789.5000000000,0.1917038000
11.4200000000,793.1667000000,0.1920280000
11.4400000000,796.3333000000,0.1923923000
11.4600000000,798.1667000000,0.1927166000
11.4800000000,799.8333000000,0.1930408000
11.5000000000,801.8333000000,0.1933670000
11.5200000000,805.5000000000,0.1937313000
11.5400000000,810.6667000000,0.1940556000
11.5600000000,814.5000000000,0.1943798000
11.5800000000,816.6667000000,0.1947041000
11.6000000000,817.8333000000,0.1950283000
11.6200000000,820.8333000000,0.1953945000
11.6400000000,822.6667000000,0.1957188000
11.6600000000,824.6667000000,0.1960430000
11.6800000000,827.8333000000,0.1963673000
11.7000000000,831.8333000000,0.1966915000
11.7200000000,836.0000000000,0.1970558000
11.7400000000,841.5000000000,0.1973801000
11.7600000000,845.1667000000,0.1977062000
11.7800000000,847.5000000000,0.1980705000
11.8000000000,849.5000000000,0.1983948000
11.8200000000,852.3333000000,0.1987190000
11.8400000000,856.3333000000,0.1990852000
11.8600000000,859.5000000000,0.1994095000
11.8800000000,862.6667000000,0.1997337000
11.9000000000,867.1667000000,0.2000580000
11.9200000000,873.0000000000,0.2003822000
11.9400000000,875.0000000000,0.2007065000
11.9600000000,877.0000000000,0.2010708000
11.9800000000,879.1667000000,0.2013950000
12.0000000000,881.1667000000,0.2017212000
12.0200000000,882.5000000000,0.2020454000
12.0400000000,885.6667000000,0.2023697000
12.0600000000,889.5000000000,0.2027340000
12.0800000000,894.3333000000,0.2030582000
12.1000000000,899.6667000000,0.2033825000
12.1200000000,902.0000000000,0.2037487000
12.1400000000,902.5000000000,0.2040730000
12.1600000000,905.1667000000,0.2043972000
12.1800000000,907.8333000000,0.2047215000
12.2000000000,910.3333000000,0.2050457000
12.2200000000,913.5000000000,0.2054100000
12.2400000000,917.8333000000,0.2057362000
12.2600000000,921.6667000000,0.2060604000
12.2800000000,925.1667000000,0.2063847000
12.3000000000,928.5000000000,0.2067089000
12.3200000000,931.5000000000,0.2070332000
12.3400000000,934.3333000000,0.2073975000
12.3600000000,938.1667000000,0.2077217000
12.3800000000,941.8333000000,0.2080479000
12.4000000000,944.8333000000,0.2083721000
12.4200000000,947.1667000000,0.2087364000
12.4400000000,949.6667000000,0.2090607000
12.4600000000,951.8333000000,0.2093849000
12.4800000000,954.3333000000,0.2097511000
12.5000000000,957.6667000000,0.2100754000
12.5200000000,961.1667000000,0.2103996000
12.5400000000,965.0000000000,0.2107239000
12.5600000000,969.1667000000,0.2110481000
12.5800000000,974.0000000000,0.2113724000
12.6000000000,978.6667000000,0.2117367000
12.6200000000,981.8333000000,0.2120628000
12.6400000000,983.5000000000,0.2123871000
12.6600000000,986.5000000000,0.2127113000
12.6800000000,989.0000000000,0.2130356000
12.7000000000,991.1667000000,0.2133598000
12.7200000000,994.1667000000,0.2137241000
12.7400000000,999.5000000000,0.2140484000
12.7600000000,1004.6670000000,0.2143726000
12.7800000000,1008.6670000000,0.2147388000
12.8000000000,1010.6670000000,0.2150631000
12.8200000000,1011.3330000000,0.2153873000
12.8400000000,1013.1670000000,0.2157116000
12.8600000000,1018.0000000000,0.2160358000
12.8800000000,1023.0000000000,0.2164021000
12.9000000000,1026.5000000000,0.2167263000
12.9200000000,1027.6670000000,0.2170506000
12.9400000000,1028.6670000000,0.2173748000
12.9600000000,1029.5000000000,0.2176991000
12.9800000000,1031.5000000000,0.2180233000
13.0000000000,1034.6670000000,0.2183475000
13.0200000000,1038.5000000000,0.2187138000
13.0400000000,1042.0000000000,0.2190380000
13.0600000000,1047.1670000000,0.2193623000
13.0800000000,1053.5000000000,0.2196865000
13.1000000000,1058.6670000000,0.2200508000
13.1200000000,1061.0000000000,0.2203751000
13.1400000000,1061.6670000000,0.2206993000
13.1600000000,1065.1670000000,0.2210255000
13.1800000000,1069.0000000000,0.2213898000
13.2000000000,1072.6670000000,0.2217140000
13.2200000000,1076.1670000000,0.2220383000
13.2400000000,1080.5000000000,0.2223625000
13.2600000000,1084.6670000000,0.2226868000
13.2800000000,1087.5000000000,0.2230110000
13.3000000000,1089.5000000000,0.2233353000
13.3200000000,1091.6670000000,0.2237015000
13.3400000000,1095.3330000000,0.2240257000
13.3600000000,1099.0000000000,0.2243500000
13.3800000000,1102.0000000000,0.2246742000
13.4000000000,1104.8330000000,0.2249985000
13.4200000000,1107.8330000000,0.2253647000
13.4400000000,1112.5000000000,0.2256889000
13.4600000000,1117.8330000000,0.2260132000
13.4800000000,1120.0000000000,0.2263775000
13.5000000000,1121.0000000000,0.2267017000
13.5200000000,1122.8330000000,0.2270260000
13.5400000000,1126.6670000000,0.2273502000
13.5600000000,1130.5000000000,0.2276764000
13.5800000000,1134.0000000000,0.2280407000
13.6000000000,1138.0000000000,0.2283649000
13.6200000000,1142.0000000000,0.2286892000
13.6400000000,1145.1670000000,0.2290134000
13.6600000000,1149.5000000000,0.2293377000
13.6800000000,1153.3330000000,0.2297039000
13.7000000000,1156.3330000000,0.2300282000
13.7200000000,1159.0000000000,0.2303524000
13.7400000000,1163.3330000000,0.2306767000
13.7600000000,1166.1670000000,0.2310410000
13.7800000000,1168.3330000000,0.2313652000
13.8000000000,1170.3330000000,0.2316914000
13.8200000000,1172.8330000000,0.2320557000
13.8400000000,1176.1670000000,0.2323799000
13.8600000000,1180.1670000000,0.2327042000
13.8800000000,1184.5000000000,0.2330284000
13.9000000000,1188.5000000000,0.2333946000
13.9200000000,1192.3330000000,0.2337189000
13.9400000000,1197.6670000000,0.2340431000
13.9600000000,1200.6670000000,0.2343674000
13.9800000000,1201.5000000000,0.2346916000
14.0000000000,1204.0000000000,0.2350159000
14.0200000000,1209.0000000000,0.2353802000
14.0400000000,1215.0000000000,0.2357063000
14.0600000000,1217.3330000000,0.2360306000
14.0800000000,1220.6670000000,0.2363949000
14.1000000000,1225.3330000000,0.2367191000
14.1200000000,1230.1670000000,0.2370434000
14.1400000000,1231.8330000000,0.2374096000
14.1600000000,1232.8330000000,0.2377338000
14.1800000000,1234.5000000000,0.2380581000
14.2000000000,1237.0000000000,0.2383823000
14.2200000000,1240.8330000000,0.2387466000
14.2400000000,1245.3330000000,0.2390709000
14.2600000000,1249.1670000000,0.2393951000
14.2800000000,1252.3330000000,0.2397213000
14.3000000000,1255.8330000000,0.2400455000
14.3200000000,1259.6670000000,0.2403698000
14.3400000000,1263.5000000000,0.2407341000
14.3600000000,1265.8330000000,0.2410583000
14.3800000000,1268.5000000000,0.2413826000
14.4000000000,1272.0000000000,0.2417068000
14.4200000000,1276.8330000000,0.2420731000
14.4400000000,1282.1670000000,0.2423973000
14.4600000000,1284.8330000000,0.2427216000
14.4800000000,1287.0000000000,0.2430859000
14.5000000000,1289.5000000000,0.2434101000
14.5200000000,1292.8330000000,0.2437344000
14.5400000000,1297.3330000000,0.2440605000
14.5600000000,1302.5000000000,0.2443848000
14.5800000000,1307.3330000000,0.2447090000
14.6000000000,1310.8330000000,0.2450733000
14.6200000000,1313.5000000000,0.2453976000
14.6400000000,1315.5000000000,0.2457218000
14.6600000000,1318.3330000000,0.2460461000
14.6800000000,1321.6670000000,0.2463722000
14.7000000000,1325.1670000000,0.2467365000
14.7200000000,1328.3330000000,0.2470608000
14.7400000000,1330.8330000000,0.2473850000
14.7600000000,1334.3330000000,0.2477093000
14.7800000000,1339.3330000000,0.2480755000
14.8000000000,1343.1670000000,0.2483997000
14.8200000000,1345.5000000000,0.2487240000
14.8400000000,1346.8330000000,0.2490482000
14.8600000000,1350.1670000000,0.2494125000
14.8800000000,1354.1670000000,0.2497368000
14.9000000000,1358.0000000000,0.2500610000
14.9200000000,1361.8330000000,0.2503872000
14.9400000000,1365.6670000000,0.2507114000
14.9600000000,1368.8330000000,0.2510357000
14.9800000000,1373.0000000000,0.2514000000
15.0000000000,1377.0000000000,0.2517242000
15.0200000000,1380.5000000000,0.2520485000
15.0400000000,1383.0000000000,0.2523727000
15.0600000000,1386.0000000000,0.2527390000
15.0800000000,1390.3330000000,0.2530632000
15.1000000000,1394.0000000000,0.2533875000
15.1200000000,1396.3330000000,0.2537117000
15.1400000000,1398.3330000000,0.2540760000
15.1600000000,1402.6670000000,0.2544022000
15.1800000000,1406.8330000000,0.2547264000
15.2000000000,1410.6670000000,0.2550507000
15.2200000000,1414.0000000000,0.2553749000
15.2400000000,1416.6670000000,0.2556992000
15.2600000000,1419.5000000000,0.2560635000
15.2800000000,1424.0000000000,0.2563877000
15.3000000000,1427.6670000000,0.2567120000
15.3200000000,1431.1670000000,0.2570381000
15.3400000000,1435.0000000000,0.2573624000
15.3600000000,1439.3330000000,0.2576866000
15.3800000000,1444.1670000000,0.2580509000
15.4000000000,1448.3330000000,0.2583752000
15.4200000000,1451.1670000000,0.2586994000
15.4400000000,1453.0000000000,0.2590237000
15.4600000000,1456.6670000000,0.2593899000
15.4800000000,1459.3330000000,0.2597141000
15.5000000000,1462.1670000000,0.2600384000
15.5200000000,1466.5000000000,0.2603626000
15.5400000000,1472.1670000000,0.2606869000
15.5600000000,1477.0000000000,0.2610111000
15.5800000000,1479.1670000000,0.2613773000
15.6000000000,1481.5000000000,0.2617016000
15.6200000000,1483.1670000000,0.2620258000
15.6400000000,1484.3330000000,0.2623501000
15.6600000000,1486.6670000000,0.2626743000
15.6800000000,1491.3330000000,0.2629986000
15.7000000000,1495.3330000000,0.2633648000
15.7200000000,1500.1670000000,0.2636890000
15.7400000000,1506.5000000000,0.2640133000
15.7600000000,1512.6670000000,0.2643776000
15.7800000000,1514.1670000000,0.2647018000
15.8000000000,1516.0000000000,0.2650261000
15.8200000000,1518.8330000000,0.2653503000
15.8400000000,1522.6670000000,0.2657166000
15.8600000000,1526.6670000000,0.2660408000
15.8800000000,1530.6670000000,0.2663651000
15.9000000000,1533.8330000000,0.2666893000
15.9200000000,1537.5000000000,0.2670135000
15.9400000000,1542.1670000000,0.2673378000
15.9600000000,1545.8330000000,0.2677040000
15.9800000000,1548.1670000000,0.2680283000
16.0000000000,1552.0000000000,0.2683525000
16.0200000000,1556.1670000000,0.2686768000
16.0400000000,1559.6670000000,0.2690010000
16.0600000000,1562.0000000000,0.2693653000
16.0800000000,1564.6670000000,0.2696896000
16.1000000000,1567.6670000000,0.2700157000
16.1200000000,1571.3330000000,0.2703800000
16.1400000000,1575.5000000000,0.2707043000
16.1600000000,1579.0000000000,0.2710285000
16.1800000000,1581.0000000000,0.2713528000
16.2000000000,1584.6670000000,0.2717190000
16.2200000000,1588.8330000000,0.2720432000
16.2400000000,1593.0000000000,0.2723675000
16.2600000000,1596.6670000000,0.2726917000
16.2800000000,1601.0000000000,0.2730160000
16.3000000000,1606.1670000000,0.2733402000
16.3200000000,1610.3330000000,0.2737045000
16.3400000000,1613.3330000000,0.2740307000
16.3600000000,1615.1670000000,0.2743549000
16.3800000000,1618.5000000000,0.2747192000
16.4000000000,1623.3330000000,0.2750435000
16.4200000000,1626.8330000000,0.2753677000
16.4400000000,1629.0000000000,0.2757339000
16.4600000000,1630.8330000000,0.2760582000
16.4800000000,1634.0000000000,0.2763824000
16.5000000000,1637.3330000000,0.2767467000
16.5200000000,1641.5000000000,0.2770710000
16.5400000000,1646.0000000000,0.2773952000
16.5600000000,1650.3330000000,0.2777195000
16.5800000000,1654.8330000000,0.2780457000
16.6000000000,1657.8330000000,0.2783699000
16.6200000000,1660.6670000000,0.2786942000
16.6400000000,1664.0000000000,0.2790585000
16.6600000000,1667.5000000000,0.2793827000
16.6800000000,1671.0000000000,0.2797070000
16.7000000000,1676.0000000000,0.2800312000
16.7200000000,1681.6670000000,0.2803974000
16.7400000000,1686.5000000000,0.2807217000
16.7600000000,1689.5000000000,0.2810459000
16.7800000000,1692.0000000000,0.2814102000
16.8000000000,1695.1670000000,0.2817345000
16.8200000000,1697.6670000000,0.2820606000
16.8400000000,1699.8330000000,0.2823849000
16.8600000000,1703.0000000000,0.2827492000
16.8800000000,1709.5000000000,0.2830734000
16.9000000000,1713.3330000000,0.2833977000
16.9200000000,1714.8330000000,0.2837219000
16.9400000000,1716.5000000000,0.2840462000
16.9600000000,1720.3330000000,0.2843704000
16.9800000000,1722.6670000000,0.2846966000
17.0000000000,1726.0000000000,0.2850609000
17.0200000000,1730.5000000000,0.2853851000
17.0400000000,1735.3330000000,0.2857094000
17.0600000000,1740.1670000000,0.2860737000
17.0800000000,1747.0000000000,0.2863998000
17.1000000000,1750.5000000000,0.2867241000
17.1200000000,1752.1670000000,0.2870483000
17.1400000000,1754.8330000000,0.2874126000
17.1600000000,1759.5000000000,0.2877369000
17.1800000000,1764.0000000000,0.2880611000
17.2000000000,1767.5000000000,0.2883854000
17.2200000000,1771.3330000000,0.2887115000
17.2400000000,1775.3330000000,0.2890759000
17.2600000000,1779.5000000000,0.2894001000
17.2800000000,1783.8330000000,0.2897243000
17.3000000000,1785.6670000000,0.2900486000
17.3200000000,1786.6670000000,0.2903728000
17.3400000000,1789.1670000000,0.2906971000
17.3600000000,1793.8330000000,0.2910633000
17.3800000000,1799.5000000000,0.2913876000
17.4000000000,1803.0000000000,0.2917118000
17.4200000000,1805.6670000000,0.2920361000
17.4400000000,1809.5000000000,0.2924004000
17.4600000000,1814.3330000000,0.2927265000
17.4800000000,1817.5000000000,0.2930508000
17.5000000000,1819.0000000000,0.2933750000
17.5200000000,1822.3330000000,0.2937393000
17.5400000000,1826.5000000000,0.2940636000
17.5600000000,1830.5000000000,0.2943878000
17.5800000000,1833.5000000000,0.2947121000
17.6000000000,1837.5000000000,0.2950363000
17.6200000000,1842.5000000000,0.2953625000
17.6400000000,1847.1670000000,0.2957268000
17.6600000000,1850.8330000000,0.2960510000
17.6800000000,1853.8330000000,0.2963753000
17.7000000000,1857.0000000000,0.2966995000
17.7200000000,1860.8330000000,0.2970238000
17.7400000000,1864.5000000000,0.2973900000
17.7600000000,1867.1670000000,0.2977142000
17.7800000000,1869.1670000000,0.2980385000
17.8000000000,1871.8330000000,0.2984028000
17.8200000000,1874.6670000000,0.2987270000
17.8400000000,1878.3330000000,0.2990513000
17.8600000000,1882.6670000000,0.2993774000
17.8800000000,1887.5000000000,0.2997017000
17.9000000000,1892.8330000000,0.3000259000
17.9200000000,1898.8330000000,0.3003502000
17.9400000000,1903.8330000000,0.3006744000
17.9600000000,1906.5000000000,0.3010387000
17.9800000000,1906.8330000000,0.3013630000
18.0000000000,1909.1670000000,0.3016891000
18.0200000000,1914.5000000000,0.3020134000
18.0400000000,1919.3330000000,0.3023376000
18.0600000000,1923.0000000000,0.3027020000
18.0800000000,1926.1670000000,0.3030262000
18.1000000000,1930.5000000000,0.3033504000
18.1200000000,1933.1670000000,0.3036747000
18.1400000000,1934.6670000000,0.3040409000
18.1600000000,1936.5000000000,0.3043652000
18.1800000000,1939.8330000000,0.3046894000
18.2000000000,1944.6670000000,0.3050137000
18.2200000000,1949.8330000000,0.3053379000
18.2400000000,1953.6670000000,0.3056622000
18.2600000000,1956.5000000000,0.3060284000
18.2800000000,1960.1670000000,0.3063526000
18.3000000000,1966.8330000000,0.3066769000
18.3200000000,1970.5000000000,0.3070011000
18.3400000000,1972.0000000000,0.3073254000
18.3600000000,1973.3330000000,0.3076897000
18.3800000000,1976.3330000000,0.3080139000
18.4000000000,1981.3330000000,0.3083401000
18.4200000000,1984.5000000000,0.3087044000
18.4400000000,1986.5000000000,0.3090286000
18.4600000000,1988.6670000000,0.3093529000
18.4800000000,1992.3330000000,0.3097191000
18.5000000000,1996.0000000000,0.3100433000
18.5200000000,2000.3330000000,0.3103676000
18.5400000000,2004.5000000000,0.3106918000
18.5600000000,2008.6670000000,0.3110161000
18.5800000000,2013.6670000000,0.3113403000
18.6000000000,2018.8330000000,0.3117046000
18.6200000000,2021.8330000000,0.3120289000
18.6400000000,2023.6670000000,0.3123550000
18.6600000000,2025.1670000000,0.3126793000
18.6800000000,2027.5000000000,0.3130035000
18.7000000000,2032.0000000000,0.3133678000
18.7200000000,2036.0000000000,0.3136921000
18.7400000000,2039.5000000000,0.3140163000
18.7600000000,2042.3330000000,0.3143826000
18.7800000000,2045.0000000000,0.3147068000
18.8000000000,2048.1670000000,0.3150311000
18.8200000000,2051.1670000000,0.3153954000
18.8400000000,2054.6670000000,0.3157196000
18.8600000000,2059.0000000000,0.3160439000
18.8800000000,2063.6670000000,0.3163700000
18.9000000000,2067.8330000000,0.3167343000
18.9200000000,2071.6670000000,0.3170586000
18.9400000000,2075.6670000000,0.3173828000
18.9600000000,2079.8330000000,0.3177071000
18.9800000000,2083.3330000000,0.3180313000
19.0000000000,2086.3330000000,0.3183975000
19.0200000000,2089.1670000000,0.3187218000
19.0400000000,2092.6670000000,0.3190460000
19.0600000000,2096.1670000000,0.3194103000
19.0800000000,2099.3330000000,0.3197346000
19.1000000000,2101.3330000000,0.3200588000
19.1200000000,2103.6670000000,0.3204250000
19.1400000000,2107.5000000000,0.3207493000
19.1600000000,2111.8330000000,0.3210735000
19.1800000000,2116.1670000000,0.3213978000
19.2000000000,2120.5000000000,0.3217220000
19.2200000000,2123.1670000000,0.3220882000
19.2400000000,2126.8330000000,0.3224125000
19.2600000000,2130.6670000000,0.3227367000
19.2800000000,2133.8330000000,0.3230610000
19.3000000000,2135.5000000000,0.3233852000
19.3200000000,2139.5000000000,0.3237095000
19.3400000000,2144.6670000000,0.3240738000
19.3600000000,2150.5000000000,0.3243999000
19.3800000000,2155.8330000000,0.3247242000
19.4000000000,2158.0000000000,0.3250484000
19.4200000000,2158.1670000000,0.3254128000
19.4400000000,2159.6670000000,0.3257370000
19.4600000000,2162.0000000000,0.3260612000
19.4800000000,2164.8330000000,0.3263855000
19.5000000000,2167.8330000000,0.3267517000
19.5200000000,2172.1670000000,0.3270760000
19.5400000000,2177.5000000000,0.3274002000
19.5600000000,2181.3330000000,0.3277245000
19.5800000000,2183.5000000000,0.3280487000
19.6000000000,2185.0000000000,0.3283730000
19.6200000000,2187.5000000000,0.3287392000
19.6400000000,2190.6670000000,0.3290634000
19.6600000000,2194.1670000000,0.3293877000
19.6800000000,2197.6670000000,0.3297119000
19.7000000000,2200.3330000000,0.3300362000
19.7200000000,2204.6670000000,0.3304005000
19.7400000000,2210.3330000000,0.3307247000
19.7600000000,2214.3330000000,0.3310509000
19.7800000000,2216.3330000000,0.3314152000
19.8000000000,2218.6670000000,0.3317394000
19.8200000000,2223.1670000000,0.3320637000
19.8400000000,2227.0000000000,0.3323879000
19.8600000000,2230.6670000000,0.3327122000
19.8800000000,2234.5000000000,0.3330784000
19.9000000000,2238.3330000000,0.3334026000
19.9200000000,2242.6670000000,0.3337269000
19.9400000000,2247.0000000000,0.3340511000
19.9600000000,2249.5000000000,0.3343754000
19.9800000000,2250.3330000000,0.3346996000
20.0000000000,2251.8330000000,0.3350239000
20.0200000000,2255.3330000000,0.3353901000
20.0400000000,2260.0000000000,0.3357143000
20.0600000000,2264.1670000000,0.3360386000
20.0800000000,2267.1670000000,0.3364029000
20.1000000000,2268.5000000000,0.3367271000
20.1200000000,2271.8330000000,0.3370514000
20.1400000000,2275.5000000000,0.3373775000
20.1600000000,2278.5000000000,0.3377018000
20.1800000000,2281.1670000000,0.3380661000
20.2000000000,2284.5000000000,0.3383904000
20.2200000000,2288.0000000000,0.3387146000
20.2400000000,2291.8330000000,0.3390388000
20.2600000000,2295.6670000000,0.3393631000
20.2800000000,2300.0000000000,0.3396873000
20.3000000000,2304.6670000000,0.3400135000
20.3200000000,2309.0000000000,0.3403378000
20.3400000000,2312.0000000000,0.3407021000
20.3600000000,2315.0000000000,0.3410263000
20.3800000000,2318.5000000000,0.3413506000
20.4000000000,2322.6670000000,0.3416748000
20.4200000000,2326.8330000000,0.3420410000
20.4400000000,2328.5000000000,0.3423653000
20.4600000000,2329.6670000000,0.3426895000
20.4800000000,2331.8330000000,0.3430138000
20.5000000000,2336.1670000000,0.3433781000
20.5200000000,2340.8330000000,0.3437023000
20.5400000000,2344.8330000000,0.3440285000
20.5600000000,2348.1670000000,0.3443527000
20.5800000000,2351.3330000000,0.3446770000
20.6000000000,2354.8330000000,0.3450012000
20.6200000000,2358.3330000000,0.3453655000
20.6400000000,2361.5000000000,0.3456898000
20.6600000000,2364.6670000000,0.3460140000
20.6800000000,2368.6670000000,0.3463402000
20.7000000000,2373.6670000000,0.3466644000
20.7200000000,2378.6670000000,0.3470287000
20.7400000000,2381.3330000000,0.3473530000
20.7600000000,2383.8330000000,0.3476772000
20.7800000000,2386.8330000000,0.3480434000
20.8000000000,2389.6670000000,0.3483677000
20.8200000000,2391.6670000000,0.3486919000
20.8400000000,2394.6670000000,0.3490162000
20.8600000000,2398.3330000000,0.3493805000
20.8800000000,2402.3330000000,0.3497047000
20.9000000000,2406.3330000000,0.3500290000
20.9200000000,2408.8330000000,0.3503532000
20.9400000000,2411.1670000000,0.3506794000
20.9600000000,2413.3330000000,0.3510036000
20.9800000000,2415.3330000000,0.3513680000
21.0000000000,2417.3330000000,0.3516922000
21.0200000000,2421.6670000000,0.3520164000
21.0400000000,2427.1670000000,0.3523827000
21.0600000000,2432.0000000000,0.3527069000
21.0800000000,2435.6670000000,0.3530312000
21.1000000000,2438.5000000000,0.3533955000
21.1200000000,2440.5000000000,0.3537197000
21.1400000000,2442.8330000000,0.3540440000
21.1600000000,2447.3330000000,0.3543682000
21.1800000000,2452.6670000000,0.3547344000
21.2000000000,2457.5000000000,0.3550587000
21.2200000000,2459.1670000000,0.3553829000
21.2400000000,2461.8330000000,0.3557072000
21.2600000000,2465.8330000000,0.3560314000
21.2800000000,2469.5000000000,0.3563557000
21.3000000000,2471.6670000000,0.3567219000
21.3200000000,2473.0000000000,0.3570461000
21.3400000000,2476.5000000000,0.3573704000
21.3600000000,2481.3330000000,0.3576946000
21.3800000000,2485.8330000000,0.3580589000
21.4000000000,2488.5000000000,0.3583832000
21.4200000000,2489.1670000000,0.3587093000
21.4400000000,2491.3330000000,0.3590736000
21.4600000000,2494.3330000000,0.3593979000
21.4800000000,2497.1670000000,0.3597221000
21.5000000000,2499.8330000000,0.3600464000
21.5200000000,2502.3330000000,0.3604126000
21.5400000000,2506.3330000000,0.3607368000
21.5600000000,2511.0000000000,0.3610611000
21.5800000000,2515.0000000000,0.3613853000
21.6000000000,2518.0000000000,0.3617096000
21.6200000000,2521.3330000000,0.3620338000
21.6400000000,2525.1670000000,0.3623981000
21.6600000000,2528.0000000000,0.3627243000
21.6800000000,2530.6670000000,0.3630486000
21.7000000000,2533.1670000000,0.3633728000
21.7200000000,2535.0000000000,0.3637371000
21.7400000000,2536.3330000000,0.3640614000
21.7600000000,2538.6670000000,0.3643856000
21.7800000000,2541.8330000000,0.3647518000
21.8000000000,2545.3330000000,0.3650761000
21.8200000000,2549.1670000000,0.3654003000
21.8400000000,2552.8330000000,0.3657246000
21.8600000000,2555.6670000000,0.3660488000
21.8800000000,2558.3330000000,0.3664131000
21.9000000000,2562.3330000000,0.3667393000
21.9200000000,2569.5000000000,0.3670635000
21.9400000000,2572.8330000000,0.3673878000
21.9600000000,2574.8330000000,0.3677120000
21.9800000000,2575.5000000000,0.3680363000
22.0000000000,2576.6670000000,0.3684006000
22.0200000000,2580.3330000000,0.3687248000
22.0400000000,2585.8330000000,0.3690491000
22.0600000000,2589.1670000000,0.3693752000
22.0800000000,2591.0000000000,0.3697395000
22.1000000000,2592.5000000000,0.3700638000
22.1200000000,2594.8330000000,0.3703880000
22.1400000000,2597.1670000000,0.3707123000
22.1600000000,2598.5000000000,0.3710785000
22.1800000000,2599.0000000000,0.3714828000
22.2000000000,2494.0000000000,0.3718071000
22.2200000000,2117.0000000000,0.3721313000
22.2400000000,1079.3330000000,0.3724155000
22.2600000000,306.6667000000,0.3727398000
