"PlayTime","LoadValue","PositionValue"
"s","N","mm"
0.0000000000,5.3333330000,-0.0317153900
0.0200000000,6.3333330000,-0.0314312000
0.0400000000,6.6666670000,-0.0311069500
0.0600000000,6.3333330000,-0.0307827000
0.0800000000,5.3333330000,-0.0304584500
0.1000000000,5.1666670000,-0.0301322900
0.1200000000,5.0000000000,-0.0298080400
0.1400000000,4.8333330000,-0.0294838000
0.1600000000,5.3333330000,-0.0291595500
0.1800000000,6.6666670000,-0.0287952400
0.2000000000,6.6666670000,-0.0284709900
0.2200000000,5.8333330000,-0.0281467400
0.2400000000,5.0000000000,-0.0278224900
0.2600000000,4.3333330000,-0.0274963400
0.2800000000,4.1666670000,-0.0271320300
0.3000000000,4.1666670000,-0.0268077900
0.3200000000,5.3333330000,-0.0264434800
0.3400000000,6.6666670000,-0.0261192300
0.3600000000,7.3333330000,-0.0257530200
0.3800000000,7.5000000000,-0.0254287700
0.4000000000,7.5000000000,-0.0251045200
0.4200000000,8.0000000000,-0.0247402200
0.4400000000,8.1666670000,-0.0244140600
0.4600000000,8.3333330000,-0.0240898100
0.4800000000,8.3333330000,-0.0237655600
0.5000000000,8.1666670000,-0.0234413100
0.5200000000,8.0000000000,-0.0231170700
0.5400000000,7.8333330000,-0.0227928200
0.5600000000,7.3333330000,-0.0224285100
0.5800000000,6.6666670000,-0.0221042600
0.6000000000,6.3333330000,-0.0217781100
0.6200000000,6.3333330000,-0.0214538600
0.6400000000,7.0000000000,-0.0211296100
0.6600000000,7.8333330000,-0.0207653000
0.6800000000,8.3333330000,-0.0204410600
0.7000000000,8.3333330000,-0.0201168100
0.7200000000,7.3333330000,-0.0197506000
0.7400000000,7.0000000000,-0.0194263500
0.7600000000,6.8333330000,-0.0191021000
0.7800000000,6.8333330000,-0.0187778500
0.8000000000,7.1666670000,-0.0184536000
0.8200000000,7.5000000000,-0.0181293500
0.8400000000,9.0000000000,-0.0178051000
0.8600000000,9.8333330000,-0.0174808500
0.8800000000,9.8333330000,-0.0171146400
0.9000000000,9.6666670000,-0.0167903900
0.9200000000,9.3333330000,-0.0164661400
0.9400000000,9.1666670000,-0.0161418900
0.9600000000,9.1666670000,-0.0157775900
0.9800000000,9.0000000000,-0.0154514300
1.0000000000,8.3333330000,-0.0151271800
1.0200000000,7.8333330000,-0.0148029300
1.0400000000,7.6666670000,-0.0144386300
1.0600000000,8.1666670000,-0.0141143800
1.0800000000,8.8333330000,-0.0137901300
1.1000000000,8.8333330000,-0.0134658800
1.1200000000,8.8333330000,-0.0131416300
1.1400000000,9.3333330000,-0.0127754200
1.1600000000,9.5000000000,-0.0124511700
1.1800000000,9.5000000000,-0.0121269200
1.2000000000,9.6666670000,-0.0118026700
1.2200000000,9.6666670000,-0.0114784200
1.2400000000,10.5000000000,-0.0111122100
1.2600000000,11.1666700000,-0.0107879600
1.2800000000,12.3333300000,-0.0104637100
1.3000000000,14.3333300000,-0.0100994100
1.3200000000,15.1666700000,-0.0097751620
1.3400000000,15.3333300000,-0.0094509120
1.3600000000,14.6666700000,-0.0090847020
1.3800000000,13.8333300000,-0.0087604520
1.4000000000,13.8333300000,-0.0084362030
1.4200000000,14.0000000000,-0.0081119540
1.4400000000,14.0000000000,-0.0077476500
1.4600000000,12.5000000000,-0.0074234010
1.4800000000,10.5000000000,-0.0070972440
1.5000000000,8.8333330000,-0.0067729950
1.5200000000,7.0000000000,-0.0064487460
1.5400000000,6.8333330000,-0.0060844420
1.5600000000,7.8333330000,-0.0057601930
1.5800000000,9.0000000000,-0.0054359440
1.6000000000,9.0000000000,-0.0051116940
1.6200000000,9.0000000000,-0.0047454830
1.6400000000,9.8333330000,-0.0044212340
1.6600000000,10.8333300000,-0.0040969850
1.6800000000,11.8333300000,-0.0037326810
1.7000000000,12.3333300000,-0.0034084320
1.7200000000,13.0000000000,-0.0030822750
1.7400000000,13.3333300000,-0.0027580260
1.7600000000,14.1666700000,-0.0023937230
1.7800000000,15.0000000000,-0.0020694730
1.8000000000,15.1666700000,-0.0017452240
1.8200000000,15.1666700000,-0.0014209750
1.8400000000,15.1666700000,-0.0010967250
1.8600000000,14.3333300000,-0.0007705688
1.8800000000,13.8333300000,-0.0004062653
1.9000000000,13.8333300000,-0.0000820160
1.9200000000,14.6666700000,0.0002422333
1.9400000000,14.8333300000,0.0005664825
1.9600000000,14.6666700000,0.0009326935
1.9800000000,14.5000000000,0.0012569430
2.0000000000,14.5000000000,0.0015811920
2.0200000000,14.6666700000,0.0019054410
2.0400000000,14.6666700000,0.0022697450
2.0600000000,14.5000000000,0.0025939940
2.0800000000,14.1666700000,0.0029182430
2.1000000000,13.5000000000,0.0032444000
2.1200000000,13.5000000000,0.0035686490
2.1400000000,14.1666700000,0.0039329530
2.1600000000,15.1666700000,0.0042572020
2.1800000000,16.1666700000,0.0045814510
2.2000000000,17.1666700000,0.0049057010
2.2200000000,17.1666700000,0.0052299500
2.2400000000,17.3333300000,0.0055961610
2.2600000000,17.5000000000,0.0059204100
2.2800000000,17.6666700000,0.0062446590
2.3000000000,17.8333300000,0.0065689090
2.3200000000,18.3333300000,0.0069332120
2.3400000000,17.8333300000,0.0072593690
2.3600000000,17.3333300000,0.0075836180
2.3800000000,16.8333300000,0.0079078670
2.4000000000,16.5000000000,0.0082721710
2.4200000000,16.5000000000,0.0085964200
2.4400000000,17.8333300000,0.0089206700
2.4600000000,19.5000000000,0.0092449190
2.4800000000,20.5000000000,0.0095691680
2.5000000000,20.1666700000,0.0098953250
2.5200000000,18.6666700000,0.0102596300
2.5400000000,18.6666700000,0.0105838800
2.5600000000,19.6666700000,0.0109081300
2.5800000000,20.3333300000,0.0112323800
2.6000000000,20.1666700000,0.0115566300
2.6200000000,19.3333300000,0.0119228400
2.6400000000,19.3333300000,0.0122470900
2.6600000000,19.8333300000,0.0125713300
2.6800000000,20.1666700000,0.0128955800
2.7000000000,20.1666700000,0.0132598900
2.7200000000,20.1666700000,0.0135841400
2.7400000000,20.1666700000,0.0139102900
2.7600000000,20.5000000000,0.0142345400
2.7800000000,20.8333300000,0.0145587900
2.8000000000,21.0000000000,0.0148830400
2.8200000000,21.5000000000,0.0152473400
2.8400000000,22.0000000000,0.0155715900
2.8600000000,22.1666700000,0.0158958400
2.8800000000,21.6666700000,0.0162220000
2.9000000000,21.0000000000,0.0165462500
2.9200000000,20.6666700000,0.0168705000
2.9400000000,19.6666700000,0.0172348000
2.9600000000,19.5000000000,0.0175590500
2.9800000000,20.8333300000,0.0178833000
3.0000000000,22.6666700000,0.0182495100
3.0200000000,23.0000000000,0.0185737600
3.0400000000,23.0000000000,0.0188980100
3.0600000000,23.3333300000,0.0192222600
3.0800000000,23.5000000000,0.0195865600
3.1000000000,23.6666700000,0.0199108100
3.1200000000,24.0000000000,0.0202350600
3.1400000000,24.8333300000,0.0205612200
3.1600000000,25.0000000000,0.0208854700
3.1800000000,24.8333300000,0.0212097200
3.2000000000,24.5000000000,0.0215339700
3.2200000000,24.1666700000,0.0218582200
3.2400000000,24.1666700000,0.0222225200
3.2600000000,24.8333300000,0.0225467700
3.2800000000,25.5000000000,0.0228729200
3.3000000000,26.1666700000,0.0231971700
3.3200000000,27.5000000000,0.0235614800
3.3400000000,28.8333300000,0.0238857300
3.3600000000,29.0000000000,0.0242099800
3.3800000000,27.8333300000,0.0245761900
3.4000000000,26.6666700000,0.0249004400
3.4200000000,26.8333300000,0.0252246900
3.4400000000,28.3333300000,0.0255489300
3.4600000000,29.1666700000,0.0258731800
3.4800000000,30.0000000000,0.0261974300
3.5000000000,31.1666700000,0.0265216800
3.5200000000,32.6666700000,0.0268878900
3.5400000000,32.6666700000,0.0272121400
3.5600000000,32.6666700000,0.0275363900
3.5800000000,32.8333300000,0.0278606400
3.6000000000,33.0000000000,0.0282249500
3.6200000000,33.0000000000,0.0285491900
3.6400000000,31.8333300000,0.0288734400
3.6600000000,31.6666700000,0.0292396500
3.6800000000,31.6666700000,0.0295639000
3.7000000000,32.6666700000,0.0298881500
3.7200000000,34.8333300000,0.0302524600
3.7400000000,36.8333300000,0.0305767100
3.7600000000,37.1666700000,0.0309028600
3.7800000000,37.1666700000,0.0312271100
3.8000000000,37.5000000000,0.0315513600
3.8200000000,38.5000000000,0.0319156600
3.8400000000,38.5000000000,0.0322399100
3.8600000000,38.6666700000,0.0325641600
3.8800000000,39.1666700000,0.0328884100
3.9000000000,40.5000000000,0.0332126600
3.9200000000,43.1666700000,0.0335788700
3.9400000000,45.0000000000,0.0339031200
3.9600000000,45.1666700000,0.0342273700
3.9800000000,45.3333300000,0.0345916700
4.0000000000,45.8333300000,0.0349159200
4.0200000000,46.1666700000,0.0352420800
4.0400000000,46.6666700000,0.0355663300
4.0600000000,47.6666700000,0.0359306300
4.0800000000,49.8333300000,0.0362548800
4.1000000000,52.0000000000,0.0365791300
4.1200000000,53.5000000000,0.0369033800
4.1400000000,53.5000000000,0.0372276300
4.1600000000,52.5000000000,0.0375938400
4.1800000000,51.1666700000,0.0379180900
4.2000000000,50.5000000000,0.0382423400
4.2200000000,50.8333300000,0.0385665900
4.2400000000,53.1666700000,0.0388908400
4.2600000000,56.1666700000,0.0392570500
4.2800000000,59.0000000000,0.0395813000
4.3000000000,60.8333300000,0.0399055500
4.3200000000,61.6666700000,0.0402698500
4.3400000000,62.0000000000,0.0405941000
4.3600000000,63.0000000000,0.0409183500
4.3800000000,63.3333300000,0.0412426000
4.4000000000,63.3333300000,0.0416088100
4.4200000000,64.0000000000,0.0419330600
4.4400000000,67.1666600000,0.0422573100
4.4600000000,70.8333400000,0.0425815600
4.4800000000,72.1666600000,0.0429058100
4.5000000000,72.1666600000,0.0432300600
4.5200000000,72.1666600000,0.0435543100
4.5400000000,72.1666600000,0.0439205200
4.5600000000,73.6666600000,0.0442447700
4.5800000000,75.8333400000,0.0445690200
4.6000000000,77.1666600000,0.0448932600
4.6200000000,77.5000000000,0.0452575700
4.6400000000,78.1666600000,0.0455837200
4.6600000000,78.8333400000,0.0459079700
4.6800000000,79.8333400000,0.0462722800
4.7000000000,81.1666600000,0.0465965300
4.7200000000,82.3333400000,0.0469207800
4.7400000000,83.1666600000,0.0472450300
4.7600000000,83.6666600000,0.0475692700
4.7800000000,85.6666600000,0.0479354900
4.8000000000,87.5000000000,0.0482597400
4.8200000000,88.6666600000,0.0485839800
4.8400000000,90.3333400000,0.0489082300
4.8600000000,93.3333400000,0.0492324800
4.8800000000,95.1666600000,0.0495567300
4.9000000000,96.0000000000,0.0499229400
4.9200000000,96.0000000000,0.0502471900
4.9400000000,96.0000000000,0.0505714400
4.9600000000,97.0000000000,0.0508956900
4.9800000000,97.6666600000,0.0512599900
5.0000000000,98.5000000000,0.0515842400
5.0200000000,99.8333400000,0.0519084900
5.0400000000,102.3333000000,0.0522346500
5.0600000000,104.6667000000,0.0525989500
5.0800000000,105.8333000000,0.0529232000
5.1000000000,106.3333000000,0.0532474500
5.1200000000,107.0000000000,0.0535717000
5.1400000000,109.0000000000,0.0538959500
5.1600000000,111.5000000000,0.0542202000
5.1800000000,113.3333000000,0.0545463600
5.2000000000,114.3333000000,0.0548706100
5.2200000000,114.6667000000,0.0552349100
5.2400000000,115.6667000000,0.0555591600
5.2600000000,117.6667000000,0.0558834100
5.2800000000,119.5000000000,0.0562076600
5.3000000000,122.3333000000,0.0565738700
5.3200000000,125.0000000000,0.0568981200
5.3400000000,126.5000000000,0.0572223700
5.3600000000,127.1667000000,0.0575866700
5.3800000000,127.5000000000,0.0579109200
5.4000000000,129.0000000000,0.0582351700
5.4200000000,130.6667000000,0.0585613300
5.4400000000,132.0000000000,0.0588855700
5.4600000000,133.0000000000,0.0592098200
5.4800000000,133.3333000000,0.0595340700
5.5000000000,134.0000000000,0.0598983800
5.5200000000,134.8333000000,0.0602226300
5.5400000000,135.3333000000,0.0605468800
5.5600000000,137.0000000000,0.0608711200
5.5800000000,138.6667000000,0.0611972800
5.6000000000,140.3333000000,0.0615615800
5.6200000000,143.0000000000,0.0618858300
5.6400000000,146.8333000000,0.0622100800
5.6600000000,148.3333000000,0.0625743900
5.6800000000,149.0000000000,0.0629005400
5.7000000000,150.6667000000,0.0632247900
5.7200000000,153.3333000000,0.0635490400
5.7400000000,155.8333000000,0.0638732900
5.7600000000,157.5000000000,0.0642375900
5.7800000000,159.5000000000,0.0645618400
5.8000000000,162.1667000000,0.0648860900
5.8200000000,164.1667000000,0.0652122500
5.8400000000,164.5000000000,0.0655365000
5.8600000000,164.5000000000,0.0658607500
5.8800000000,166.8333000000,0.0661850000
5.9000000000,169.3333000000,0.0665493000
5.9200000000,170.8333000000,0.0668735500
5.9400000000,171.0000000000,0.0671978000
5.9600000000,171.0000000000,0.0675640100
5.9800000000,174.6667000000,0.0678882600
6.0000000000,177.6667000000,0.0682125100
6.0200000000,179.0000000000,0.0685367600
6.0400000000,179.3333000000,0.0689010600
6.0600000000,180.0000000000,0.0692272200
6.0800000000,181.1667000000,0.0695514700
6.1000000000,182.6667000000,0.0698757200
6.1200000000,184.8333000000,0.0702400200
6.1400000000,187.5000000000,0.0705642700
6.1600000000,190.1667000000,0.0708885200
6.1800000000,191.1667000000,0.0712127700
6.2000000000,192.6667000000,0.0715370200
6.2200000000,194.8333000000,0.0719032300
6.2400000000,197.1667000000,0.0722274800
6.2600000000,198.6667000000,0.0725517300
6.2800000000,201.5000000000,0.0729160300
6.3000000000,204.3333000000,0.0732421900
6.3200000000,206.0000000000,0.0735664400
6.3400000000,206.5000000000,0.0739307400
6.3600000000,206.6667000000,0.0742549900
6.3800000000,208.1667000000,0.0745792400
6.4000000000,209.3333000000,0.0749034900
6.4200000000,210.8333000000,0.0752697000
6.4400000000,213.5000000000,0.0755939500
6.4600000000,218.6667000000,0.0759182000
6.4800000000,221.6667000000,0.0762424500
6.5000000000,222.8333000000,0.0765667000
6.5200000000,223.1667000000,0.0768909500
6.5400000000,223.6667000000,0.0772571600
6.5600000000,225.3333000000,0.0775814100
6.5800000000,227.8333000000,0.0779056500
6.6000000000,230.1667000000,0.0782299000
6.6200000000,232.5000000000,0.0785942100
6.6400000000,234.8333000000,0.0789184600
6.6600000000,236.5000000000,0.0792427100
6.6800000000,236.8333000000,0.0796089200
6.7000000000,238.5000000000,0.0799331700
6.7200000000,240.6667000000,0.0802574200
6.7400000000,242.5000000000,0.0805816700
6.7600000000,244.3333000000,0.0809059100
6.7800000000,246.3333000000,0.0812301600
6.8000000000,248.0000000000,0.0815963700
6.8200000000,250.1667000000,0.0819206200
6.8400000000,252.0000000000,0.0822448700
6.8600000000,252.8333000000,0.0825691200
6.8800000000,254.0000000000,0.0828933700
6.9000000000,255.6667000000,0.0832576800
6.9200000000,256.5000000000,0.0835819200
6.9400000000,257.6667000000,0.0839080800
6.9600000000,261.0000000000,0.0842323300
6.9800000000,265.0000000000,0.0845966300
7.0000000000,267.6667000000,0.0849208800
7.0200000000,269.6667000000,0.0852451300
7.0400000000,271.5000000000,0.0856113400
7.0600000000,272.6667000000,0.0859355900
7.0800000000,274.8333000000,0.0862598400
7.1000000000,277.1667000000,0.0865840900
7.1200000000,280.6667000000,0.0869083400
7.1400000000,284.0000000000,0.0872325900
7.1600000000,285.6667000000,0.0875568400
7.1800000000,286.3333000000,0.0879230500
7.2000000000,286.5000000000,0.0882473000
7.2200000000,288.3333000000,0.0885715500
7.2400000000,291.0000000000,0.0888958000
7.2600000000,293.5000000000,0.0892200500
7.2800000000,294.3333000000,0.0895843500
7.3000000000,297.8333000000,0.0899086000
7.3200000000,300.6667000000,0.0902328500
7.3400000000,302.0000000000,0.0905990600
7.3600000000,302.3333000000,0.0909233100
7.3800000000,303.8333000000,0.0912475600
7.4000000000,305.8333000000,0.0915718100
7.4200000000,307.5000000000,0.0918960600
7.4400000000,309.3333000000,0.0922622700
7.4600000000,312.5000000000,0.0925865200
7.4800000000,316.0000000000,0.0929107700
7.5000000000,319.0000000000,0.0932350200
7.5200000000,322.8333000000,0.0935592700
7.5400000000,325.5000000000,0.0938835100
7.5600000000,326.1667000000,0.0942077600
7.5800000000,326.5000000000,0.0945739700
7.6000000000,328.1667000000,0.0948982200
7.6200000000,330.0000000000,0.0952224700
7.6400000000,331.6667000000,0.0955867800
7.6600000000,332.8333000000,0.0959110300
7.6800000000,335.6667000000,0.0962352800
7.7000000000,338.1667000000,0.0965595200
7.7200000000,340.6667000000,0.0969257400
7.7400000000,343.0000000000,0.0972499800
7.7600000000,345.1667000000,0.0975742300
7.7800000000,347.1667000000,0.0978984800
7.8000000000,350.6667000000,0.0982227300
7.8200000000,353.5000000000,0.0985469800
7.8400000000,355.0000000000,0.0988712300
7.8600000000,356.1667000000,0.0991954800
7.8800000000,359.6667000000,0.0995616900
7.9000000000,363.6667000000,0.0998859400
7.9200000000,366.0000000000,0.1002102000
7.9400000000,367.6667000000,0.1005344000
7.9600000000,369.5000000000,0.1009007000
7.9800000000,371.6667000000,0.1012249000
8.0000000000,373.0000000000,0.1015491000
8.0200000000,374.1667000000,0.1018734000
8.0400000000,376.1667000000,0.1022377000
8.0600000000,379.0000000000,0.1025620000
8.0800000000,382.3333000000,0.1028862000
8.1000000000,386.1667000000,0.1032104000
8.1200000000,387.8333000000,0.1035366000
8.1400000000,388.6667000000,0.1038609000
8.1600000000,389.1667000000,0.1042252000
8.1800000000,389.3333000000,0.1045494000
8.2000000000,393.0000000000,0.1048737000
8.2200000000,396.1667000000,0.1051979000
8.2400000000,398.8333000000,0.1055222000
8.2600000000,401.3333000000,0.1058884000
8.2800000000,405.0000000000,0.1062126000
8.3000000000,409.1667000000,0.1065369000
8.3200000000,411.3333000000,0.1069012000
8.3400000000,413.1667000000,0.1072254000
8.3600000000,415.1667000000,0.1075516000
8.3800000000,417.8333000000,0.1078758000
8.4000000000,419.3333000000,0.1082401000
8.4200000000,422.0000000000,0.1085644000
8.4400000000,425.8333000000,0.1088886000
8.4600000000,429.8333000000,0.1092129000
8.4800000000,432.3333000000,0.1095371000
8.5000000000,433.3333000000,0.1098633000
8.5200000000,434.8333000000,0.1102276000
8.5400000000,437.3333000000,0.1105518000
8.5600000000,440.1667000000,0.1108761000
8.5800000000,443.1667000000,0.1112003000
8.6000000000,444.5000000000,0.1115665000
8.6200000000,447.5000000000,0.1118908000
8.6400000000,449.8333000000,0.1122150000
8.6600000000,451.0000000000,0.1125793000
8.6800000000,451.5000000000,0.1129036000
8.7000000000,454.3333000000,0.1132278000
8.7200000000,456.8333000000,0.1135941000
8.7400000000,459.8333000000,0.1139183000
8.7600000000,463.3333000000,0.1142426000
8.7800000000,466.3333000000,0.1145668000
8.8000000000,468.5000000000,0.1148911000
8.8200000000,472.1667000000,0.1152554000
8.8400000000,476.0000000000,0.1155815000
8.8600000000,479.1667000000,0.1159058000
8.8800000000,480.8333000000,0.1162300000
8.9000000000,482.5000000000,0.1165543000
8.9200000000,485.1667000000,0.1169186000
8.9400000000,488.0000000000,0.1172428000
8.9600000000,490.3333000000,0.1175671000
8.9800000000,491.8333000000,0.1179333000
9.0000000000,493.1667000000,0.1182575000
9.0200000000,495.0000000000,0.1185818000
9.0400000000,498.0000000000,0.1189060000
9.0600000000,501.5000000000,0.1192703000
9.0800000000,504.5000000000,0.1195965000
9.1000000000,506.8333000000,0.1199207000
9.1200000000,510.3333000000,0.1202450000
9.1400000000,513.6667000000,0.1205692000
9.1600000000,516.3333000000,0.1208935000
9.1800000000,518.1667000000,0.1212177000
9.2000000000,520.3333000000,0.1215820000
9.2200000000,523.3333000000,0.1219063000
9.2400000000,526.3333000000,0.1222324000
9.2600000000,530.0000000000,0.1225567000
9.2800000000,534.5000000000,0.1229210000
9.3000000000,537.6667000000,0.1232452000
9.3200000000,539.6667000000,0.1235695000
9.3400000000,541.6667000000,0.1239357000
9.3600000000,543.3333000000,0.1242599000
9.3800000000,544.8333000000,0.1245842000
9.4000000000,548.8333000000,0.1249084000
9.4200000000,554.0000000000,0.1252327000
9.4400000000,556.3333000000,0.1255970000
9.4600000000,557.0000000000,0.1259212000
9.4800000000,557.0000000000,0.1262474000
9.5000000000,557.0000000000,0.1265717000
9.5200000000,558.3333000000,0.1268959000
9.5400000000,562.5000000000,0.1272602000
9.5600000000,567.0000000000,0.1275845000
9.5800000000,570.1667000000,0.1279087000
9.6000000000,572.8333000000,0.1282330000
9.6200000000,579.8333000000,0.1285992000
9.6400000000,584.3333000000,0.1289234000
9.6600000000,586.0000000000,0.1292477000
9.6800000000,587.0000000000,0.1296120000
9.7000000000,590.3333000000,0.1299362000
9.7200000000,592.8333000000,0.1302624000
9.7400000000,595.5000000000,0.1305866000
9.7600000000,598.5000000000,0.1309109000
9.7800000000,602.0000000000,0.1312351000
9.8000000000,605.3333000000,0.1315994000
9.8200000000,606.0000000000,0.1319237000
9.8400000000,607.3333000000,0.1322479000
9.8600000000,609.6667000000,0.1325722000
9.8800000000,613.0000000000,0.1328983000
9.9000000000,617.0000000000,0.1332226000
9.9200000000,620.0000000000,0.1335869000
9.9400000000,621.6667000000,0.1339111000
9.9600000000,624.1667000000,0.1342354000
9.9800000000,628.0000000000,0.1346016000
10.0000000000,631.0000000000,0.1349258000
10.0200000000,632.1667000000,0.1352501000
10.0400000000,634.1667000000,0.1355743000
10.0600000000,636.5000000000,0.1358986000
10.0800000000,639.1667000000,0.1362228000
10.1000000000,643.1667000000,0.1365471000
10.1200000000,647.5000000000,0.1369133000
10.1400000000,649.8333000000,0.1372375000
10.1600000000,652.3333000000,0.1375618000
10.1800000000,655.5000000000,0.1378860000
10.2000000000,658.6667000000,0.1382103000
10.2200000000,660.5000000000,0.1385345000
10.2400000000,662.8333000000,0.1388988000
10.2600000000,666.1667000000,0.1392250000
10.2800000000,669.8333000000,0.1395493000
10.3000000000,672.6667000000,0.1398735000
10.3200000000,674.0000000000,0.1402378000
10.3400000000,675.3333000000,0.1405621000
10.3600000000,677.6667000000,0.1408863000
10.3800000000,680.6667000000,0.1412106000
10.4000000000,683.8333000000,0.1415768000
10.4200000000,687.3333000000,0.1419010000
10.4400000000,691.8333000000,0.1422253000
10.4600000000,696.3333000000,0.1425495000
10.4800000000,699.8333000000,0.1428738000
10.5000000000,700.8333000000,0.1431980000
10.5200000000,701.0000000000,0.1435223000
10.5400000000,703.6667000000,0.1438885000
10.5600000000,706.6667000000,0.1442127000
10.5800000000,709.5000000000,0.1445370000
10.6000000000,712.0000000000,0.1448612000
10.6200000000,714.8333000000,0.1452255000
10.6400000000,719.6667000000,0.1455498000
10.6600000000,723.1667000000,0.1458759000
10.6800000000,724.8333000000,0.1462002000
10.7000000000,725.3333000000,0.1465645000
10.7200000000,728.0000000000,0.1468887000
10.7400000000,731.3333000000,0.1472130000
10.7600000000,735.5000000000,0.1475372000
10.7800000000,739.0000000000,0.1478615000
10.8000000000,740.5000000000,0.1482277000
10.8200000000,742.6667000000,0.1485519000
10.8400000000,745.3333000000,0.1488762000
10.8600000000,746.8333000000,0.1492004000
10.8800000000,748.1667000000,0.1495247000
10.9000000000,751.0000000000,0.1498909000
10.9200000000,754.8333000000,0.1502151000
10.9400000000,760.6667000000,0.1505394000
10.9600000000,765.1667000000,0.1509037000
10.9800000000,767.5000000000,0.1512280000
11.0000000000,768.5000000000,0.1515522000
11.0200000000,771.3333000000,0.1519184000
11.0400000000,774.1667000000,0.1522427000
11.0600000000,777.3333000000,0.1525669000
11.0800000000,780.8333000000,0.1528912000
11.1000000000,785.0000000000,0.1532154000
11.1200000000,790.3333000000,0.1535797000
11.1400000000,793.5000000000,0.1539059000
11.1600000000,794.8333000000,0.1542301000
11.1800000000,795.6667000000,0.1545544000
11.2000000000,797.1667000000,0.1548786000
11.2200000000,799.6667000000,0.1552429000
11.2400000000,804.0000000000,0.1555672000
11.2600000000,807.3333000000,0.1558914000
11.2800000000,810.1667000000,0.1562576000
11.3000000000,812.5000000000,0.1565819000
11.3200000000,814.8333000000,0.1569061000
11.3400000000,817.0000000000,0.1572704000
11.3600000000,819.3333000000,0.1575947000
11.3800000000,821.8333000000,0.1579208000
11.4000000000,824.3333000000,0.1582451000
11.4200000000,827.6667000000,0.1586094000
11.4400000000,831.6667000000,0.1589336000
11.4600000000,835.8333000000,0.1592579000
11.4800000000,839.6667000000,0.1595821000
11.5000000000,843.5000000000,0.1599064000
11.5200000000,847.8333000000,0.1602306000
11.5400000000,849.8333000000,0.1605968000
11.5600000000,850.5000000000,0.1609211000
11.5800000000,852.5000000000,0.1612453000
11.6000000000,856.5000000000,0.1615696000
11.6200000000,859.8333000000,0.1619358000
11.6400000000,861.3333000000,0.1622601000
11.6600000000,863.5000000000,0.1625843000
11.6800000000,866.1667000000,0.1629486000
11.7000000000,868.8333000000,0.1632729000
11.7200000000,872.0000000000,0.1635971000
11.7400000000,875.3333000000,0.1639214000
11.7600000000,878.6667000000,0.1642456000
11.7800000000,882.1667000000,0.1645718000
11.8000000000,885.8333000000,0.1649361000
11.8200000000,888.3333000000,0.1652603000
11.8400000000,889.5000000000,0.1655846000
11.8600000000,892.8333000000,0.1659088000
11.8800000000,897.0000000000,0.1662331000
11.9000000000,901.1667000000,0.1665573000
11.9200000000,905.1667000000,0.1669235000
11.9400000000,908.6667000000,0.1672478000
11.9600000000,911.3333000000,0.1675720000
11.9800000000,913.6667000000,0.1679363000
12.0000000000,915.6667000000,0.1682606000
12.0200000000,917.8333000000,0.1685867000
12.0400000000,921.1667000000,0.1689110000
12.0600000000,925.3333000000,0.1692753000
12.0800000000,929.1667000000,0.1695995000
12.1000000000,931.8333000000,0.1699238000
12.1200000000,933.3333000000,0.1702480000
12.1400000000,935.5000000000,0.1705723000
12.1600000000,937.5000000000,0.1708984000
12.1800000000,939.8333000000,0.1712227000
12.2000000000,943.0000000000,0.1715870000
12.2200000000,947.0000000000,0.1719112000
12.2400000000,950.5000000000,0.1722355000
12.2600000000,953.8333000000,0.1725597000
12.2800000000,957.8333000000,0.1729259000
12.3000000000,961.6667000000,0.1732502000
12.3200000000,963.6667000000,0.1735744000
12.3400000000,965.8333000000,0.1738987000
12.3600000000,969.3333000000,0.1742630000
12.3800000000,973.0000000000,0.1745872000
12.4000000000,976.6667000000,0.1749134000
12.4200000000,979.8333000000,0.1752377000
12.4400000000,983.6667000000,0.1755619000
12.4600000000,986.6667000000,0.1758862000
12.4800000000,989.3333000000,0.1762104000
12.5000000000,991.6667000000,0.1765747000
12.5200000000,994.1667000000,0.1768990000
12.5400000000,996.0000000000,0.1772232000
12.5600000000,999.6667000000,0.1775494000
12.5800000000,1003.1670000000,0.1778736000
12.6000000000,1006.1670000000,0.1782379000
12.6200000000,1008.5000000000,0.1785622000
12.6400000000,1010.5000000000,0.1788864000
12.6600000000,1014.3330000000,0.1792107000
12.6800000000,1018.1670000000,0.1795769000
12.7000000000,1020.8330000000,0.1799011000
12.7200000000,1022.1670000000,0.1802254000
12.7400000000,1025.1670000000,0.1805496000
12.7600000000,1028.8330000000,0.1808739000
12.7800000000,1032.3330000000,0.1811981000
12.8000000000,1036.0000000000,0.1815224000
12.8200000000,1039.6670000000,0.1818886000
12.8400000000,1043.5000000000,0.1822128000
12.8600000000,1046.1670000000,0.1825371000
12.8800000000,1048.6670000000,0.1828613000
12.9000000000,1051.0000000000,0.1832256000
12.9200000000,1053.6670000000,0.1835499000
12.9400000000,1056.5000000000,0.1838760000
12.9600000000,1059.5000000000,0.1842003000
12.9800000000,1062.0000000000,0.1845646000
13.0000000000,1065.0000000000,0.1848888000
13.0200000000,1068.1670000000,0.1852131000
13.0400000000,1071.5000000000,0.1855373000
13.0600000000,1075.0000000000,0.1859035000
13.0800000000,1078.5000000000,0.1862278000
13.1000000000,1081.8330000000,0.1865520000
13.1200000000,1085.1670000000,0.1868763000
13.1400000000,1088.5000000000,0.1872005000
13.1600000000,1091.6670000000,0.1875248000
13.1800000000,1094.3330000000,0.1878891000
13.2000000000,1097.5000000000,0.1882153000
13.2200000000,1101.5000000000,0.1885395000
13.2400000000,1105.8330000000,0.1888638000
13.2600000000,1108.6670000000,0.1892281000
13.2800000000,1111.0000000000,0.1895523000
13.3000000000,1113.8330000000,0.1898766000
13.3200000000,1118.0000000000,0.1902428000
13.3400000000,1122.0000000000,0.1905670000
13.3600000000,1123.3330000000,0.1908913000
13.3800000000,1125.6670000000,0.1912155000
13.4000000000,1128.8330000000,0.1915798000
13.4200000000,1132.6670000000,0.1919041000
13.4400000000,1136.3330000000,0.1922302000
13.4600000000,1138.5000000000,0.1925545000
13.4800000000,1140.0000000000,0.1928787000
13.5000000000,1142.1670000000,0.1932430000
13.5200000000,1145.5000000000,0.1935673000
13.5400000000,1148.0000000000,0.1938915000
13.5600000000,1151.3330000000,0.1942158000
13.5800000000,1156.6670000000,0.1945820000
13.6000000000,1162.0000000000,0.1949062000
13.6200000000,1166.1670000000,0.1952305000
13.6400000000,1169.0000000000,0.1955948000
13.6600000000,1170.5000000000,0.1959190000
13.6800000000,1172.8330000000,0.1962452000
13.7000000000,1176.8330000000,0.1966095000
13.7200000000,1182.8330000000,0.1969337000
13.7400000000,1188.1670000000,0.1972580000
13.7600000000,1189.3330000000,0.1975822000
13.7800000000,1191.8330000000,0.1979065000
13.8000000000,1195.5000000000,0.1982307000
13.8200000000,1199.1670000000,0.1985569000
13.8400000000,1200.1670000000,0.1989212000
13.8600000000,1202.1670000000,0.1992455000
13.8800000000,1205.6670000000,0.1995697000
13.9000000000,1210.0000000000,0.1998940000
13.9200000000,1214.1670000000,0.2002602000
13.9400000000,1217.0000000000,0.2005844000
13.9600000000,1218.1670000000,0.2009087000
13.9800000000,1220.5000000000,0.2012730000
14.0000000000,1224.0000000000,0.2015972000
14.0200000000,1228.1670000000,0.2019215000
14.0400000000,1231.6670000000,0.2022457000
14.0600000000,1233.8330000000,0.2025719000
14.0800000000,1236.1670000000,0.2029362000
14.1000000000,1239.8330000000,0.2032604000
14.1200000000,1244.5000000000,0.2035847000
14.1400000000,1249.1670000000,0.2039089000
14.1600000000,1252.3330000000,0.2042332000
14.1800000000,1256.6670000000,0.2045574000
14.2000000000,1260.5000000000,0.2049236000
14.2200000000,1263.3330000000,0.2052479000
14.2400000000,1265.1670000000,0.2055721000
14.2600000000,1267.5000000000,0.2058964000
14.2800000000,1270.3330000000,0.2062607000
14.3000000000,1273.1670000000,0.2065849000
14.3200000000,1276.3330000000,0.2069111000
14.3400000000,1279.6670000000,0.2072754000
14.3600000000,1283.1670000000,0.2075996000
14.3800000000,1287.3330000000,0.2079239000
14.4000000000,1291.0000000000,0.2082481000
14.4200000000,1294.1670000000,0.2085724000
14.4400000000,1297.1670000000,0.2088966000
14.4600000000,1300.1670000000,0.2092228000
14.4800000000,1304.0000000000,0.2095871000
14.5000000000,1308.0000000000,0.2099113000
14.5200000000,1311.6670000000,0.2102356000
14.5400000000,1314.6670000000,0.2105598000
14.5600000000,1316.6670000000,0.2108841000
14.5800000000,1320.3330000000,0.2112503000
14.6000000000,1324.8330000000,0.2115746000
14.6200000000,1329.0000000000,0.2118988000
14.6400000000,1331.5000000000,0.2122631000
14.6600000000,1334.3330000000,0.2125874000
14.6800000000,1338.1670000000,0.2129116000
14.7000000000,1341.0000000000,0.2132378000
14.7200000000,1342.8330000000,0.2135620000
14.7400000000,1344.8330000000,0.2139263000
14.7600000000,1349.8330000000,0.2142506000
14.7800000000,1354.0000000000,0.2145748000
14.8000000000,1357.0000000000,0.2148991000
14.8200000000,1360.1670000000,0.2152233000
14.8400000000,1364.3330000000,0.2155476000
14.8600000000,1368.3330000000,0.2159138000
14.8800000000,1370.0000000000,0.2162380000
14.9000000000,1371.6670000000,0.2165623000
14.9200000000,1374.6670000000,0.2168865000
14.9400000000,1380.3330000000,0.2172527000
14.9600000000,1387.8330000000,0.2175770000
14.9800000000,1391.8330000000,0.2179012000
15.0000000000,1393.1670000000,0.2182255000
15.0200000000,1393.8330000000,0.2185898000
15.0400000000,1395.8330000000,0.2189140000
15.0600000000,1400.5000000000,0.2192383000
15.0800000000,1406.0000000000,0.2195625000
15.1000000000,1410.5000000000,0.2198887000
15.1200000000,1414.0000000000,0.2202129000
15.1400000000,1416.3330000000,0.2205372000
15.1600000000,1417.5000000000,0.2208614000
15.1800000000,1419.5000000000,0.2211857000
15.2000000000,1422.3330000000,0.2215500000
15.2200000000,1425.8330000000,0.2218742000
15.2400000000,1429.6670000000,0.2222004000
15.2600000000,1434.5000000000,0.2225647000
15.2800000000,1438.5000000000,0.2228889000
15.3000000000,1441.1670000000,0.2232132000
15.3200000000,1444.1670000000,0.2235374000
15.3400000000,1447.6670000000,0.2239037000
15.3600000000,1449.6670000000,0.2242279000
15.3800000000,1451.3330000000,0.2245522000
15.4000000000,1455.3330000000,0.2248764000
15.4200000000,1460.0000000000,0.2252007000
15.4400000000,1463.8330000000,0.2255249000
15.4600000000,1466.3330000000,0.2258892000
15.4800000000,1470.0000000000,0.2262154000
15.5000000000,1474.1670000000,0.2265396000
15.5200000000,1478.6670000000,0.2268639000
15.5400000000,1482.5000000000,0.2272282000
15.5600000000,1485.0000000000,0.2275524000
15.5800000000,1486.5000000000,0.2278767000
15.6000000000,1488.8330000000,0.2282009000
15.6200000000,1492.3330000000,0.2285671000
15.6400000000,1496.0000000000,0.2288914000
15.6600000000,1498.8330000000,0.2292156000
15.6800000000,1502.3330000000,0.2295799000
15.7000000000,1507.3330000000,0.2299042000
15.7200000000,1511.6670000000,0.2302303000
15.7400000000,1514.5000000000,0.2305546000
15.7600000000,1516.8330000000,0.2308788000
15.7800000000,1519.8330000000,0.2312431000
15.8000000000,1523.5000000000,0.2315674000
15.8200000000,1527.8330000000,0.2318916000
15.8400000000,1531.8330000000,0.2322159000
15.8600000000,1534.3330000000,0.2325401000
15.8800000000,1538.0000000000,0.2329063000
15.9000000000,1543.6670000000,0.2332306000
15.9200000000,1548.0000000000,0.2335548000
15.9400000000,1550.5000000000,0.2339191000
15.9600000000,1551.5000000000,0.2342434000
15.9800000000,1553.6670000000,0.2345695000
16.0000000000,1557.1670000000,0.2349339000
16.0200000000,1560.8330000000,0.2352581000
16.0400000000,1564.3330000000,0.2355824000
16.0600000000,1567.0000000000,0.2359066000
16.0800000000,1572.5000000000,0.2362309000
16.1000000000,1577.5000000000,0.2365551000
16.1200000000,1579.8330000000,0.2369213000
16.1400000000,1580.6670000000,0.2372456000
16.1600000000,1582.1670000000,0.2375698000
16.1800000000,1585.5000000000,0.2378941000
16.2000000000,1589.1670000000,0.2382584000
16.2200000000,1593.1670000000,0.2385845000
16.2400000000,1597.1670000000,0.2389088000
16.2600000000,1600.8330000000,0.2392330000
16.2800000000,1605.0000000000,0.2395973000
16.3000000000,1609.1670000000,0.2399216000
16.3200000000,1612.5000000000,0.2402458000
16.3400000000,1615.1670000000,0.2406120000
16.3600000000,1617.8330000000,0.2409363000
16.3800000000,1621.5000000000,0.2412605000
16.4000000000,1627.3330000000,0.2415848000
16.4200000000,1632.1670000000,0.2419090000
16.4400000000,1635.0000000000,0.2422333000
16.4600000000,1636.3330000000,0.2425995000
16.4800000000,1639.0000000000,0.2429237000
16.5000000000,1642.1670000000,0.2432480000
16.5200000000,1645.1670000000,0.2435722000
16.5400000000,1648.5000000000,0.2438965000
16.5600000000,1653.0000000000,0.2442608000
16.5800000000,1658.3330000000,0.2445850000
16.6000000000,1660.6670000000,0.2449112000
16.6200000000,1662.3330000000,0.2452354000
16.6400000000,1665.0000000000,0.2455997000
16.6600000000,1669.3330000000,0.2459240000
16.6800000000,1672.0000000000,0.2462482000
16.7000000000,1674.0000000000,0.2465725000
16.7200000000,1677.0000000000,0.2468967000
16.7400000000,1680.6670000000,0.2472630000
16.7600000000,1684.6670000000,0.2475872000
16.7800000000,1689.0000000000,0.2479115000
16.8000000000,1692.5000000000,0.2482357000
16.8200000000,1696.0000000000,0.2485600000
16.8400000000,1699.8330000000,0.2488842000
16.8600000000,1704.5000000000,0.2492504000
16.8800000000,1708.3330000000,0.2495747000
16.9000000000,1711.0000000000,0.2498989000
16.9200000000,1713.5000000000,0.2502632000
16.9400000000,1715.6670000000,0.2505875000
16.9600000000,1717.8330000000,0.2509117000
16.9800000000,1720.3330000000,0.2512360000
17.0000000000,1723.6670000000,0.2516022000
17.0200000000,1727.3330000000,0.2519264000
17.0400000000,1731.8330000000,0.2522507000
17.0600000000,1737.1670000000,0.2525749000
17.0800000000,1742.6670000000,0.2528992000
17.1000000000,1745.3330000000,0.2532234000
17.1200000000,1746.8330000000,0.2535477000
17.1400000000,1749.0000000000,0.2539139000
17.1600000000,1752.6670000000,0.2542381000
17.1800000000,1756.6670000000,0.2545624000
17.2000000000,1759.5000000000,0.2548866000
17.2200000000,1763.5000000000,0.2552109000
17.2400000000,1769.1670000000,0.2555771000
17.2600000000,1775.8330000000,0.2559013000
17.2800000000,1778.5000000000,0.2562256000
17.3000000000,1779.0000000000,0.2565899000
17.3200000000,1781.0000000000,0.2569141000
17.3400000000,1784.6670000000,0.2572384000
17.3600000000,1789.3330000000,0.2575626000
17.3800000000,1794.1670000000,0.2578869000
17.4000000000,1796.5000000000,0.2582130000
17.4200000000,1799.3330000000,0.2585773000
17.4400000000,1802.0000000000,0.2589016000
17.4600000000,1804.1670000000,0.2592258000
17.4800000000,1805.6670000000,0.2595501000
17.5000000000,1809.1670000000,0.2598743000
17.5200000000,1812.5000000000,0.2601986000
17.5400000000,1815.8330000000,0.2605648000
17.5600000000,1819.5000000000,0.2608891000
17.5800000000,1824.3330000000,0.2612133000
17.6000000000,1828.0000000000,0.2615376000
17.6200000000,1831.8330000000,0.2619019000
17.6400000000,1836.0000000000,0.2622280000
17.6600000000,1839.6670000000,0.2625523000
17.6800000000,1841.3330000000,0.2628765000
17.7000000000,1843.3330000000,0.2632408000
17.7200000000,1847.0000000000,0.2635651000
17.7400000000,1852.3330000000,0.2638893000
17.7600000000,1857.5000000000,0.2642136000
17.7800000000,1860.1670000000,0.2645397000
17.8000000000,1862.3330000000,0.2648640000
17.8200000000,1865.6670000000,0.2651882000
17.8400000000,1869.3330000000,0.2655525000
17.8600000000,1872.3330000000,0.2658768000
17.8800000000,1874.3330000000,0.2662010000
17.9000000000,1876.5000000000,0.2665253000
17.9200000000,1881.6670000000,0.2668915000
17.9400000000,1886.5000000000,0.2672157000
17.9600000000,1889.8330000000,0.2675400000
17.9800000000,1890.8330000000,0.2679043000
18.0000000000,1893.3330000000,0.2682285000
18.0200000000,1897.3330000000,0.2685547000
18.0400000000,1901.1670000000,0.2688789000
18.0600000000,1904.5000000000,0.2692432000
18.0800000000,1908.6670000000,0.2695675000
18.1000000000,1913.0000000000,0.2698917000
18.1200000000,1916.8330000000,0.2702160000
18.1400000000,1920.6670000000,0.2705402000
18.1600000000,1924.3330000000,0.2708645000
18.1800000000,1926.3330000000,0.2712307000
18.2000000000,1928.8330000000,0.2715549000
18.2200000000,1932.6670000000,0.2718792000
18.2400000000,1936.3330000000,0.2722435000
18.2600000000,1939.5000000000,0.2725697000
18.2800000000,1942.6670000000,0.2728939000
18.3000000000,1945.1670000000,0.2732582000
18.3200000000,1949.3330000000,0.2735825000
18.3400000000,1953.1670000000,0.2739067000
18.3600000000,1956.3330000000,0.2742310000
18.3800000000,1959.3330000000,0.2745972000
18.4000000000,1962.3330000000,0.2749214000
18.4200000000,1966.8330000000,0.2752457000
18.4400000000,1971.5000000000,0.2755699000
18.4600000000,1975.0000000000,0.2758942000
18.4800000000,1977.0000000000,0.2762184000
18.5000000000,1980.5000000000,0.2765827000
18.5200000000,1983.8330000000,0.2769089000
18.5400000000,1986.8330000000,0.2772331000
18.5600000000,1989.6670000000,0.2775574000
18.5800000000,1993.1670000000,0.2779217000
18.6000000000,1998.8330000000,0.2782459000
18.6200000000,2002.0000000000,0.2785702000
18.6400000000,2003.8330000000,0.2789364000
18.6600000000,2005.8330000000,0.2792606000
18.6800000000,2008.8330000000,0.2795849000
18.7000000000,2011.6670000000,0.2799091000
18.7200000000,2015.1670000000,0.2802334000
18.7400000000,2018.6670000000,0.2805977000
18.7600000000,2022.6670000000,0.2809238000
18.7800000000,2027.6670000000,0.2812481000
18.8000000000,2031.5000000000,0.2815723000
18.8200000000,2033.5000000000,0.2818966000
18.8400000000,2036.5000000000,0.2822208000
18.8600000000,2039.0000000000,0.2825851000
18.8800000000,2040.0000000000,0.2829094000
18.9000000000,2043.5000000000,0.2832355000
18.9200000000,2049.1670000000,0.2835999000
18.9400000000,2053.5000000000,0.2839241000
18.9600000000,2057.1670000000,0.2842484000
18.9800000000,2060.8330000000,0.2845726000
19.0000000000,2064.5000000000,0.2849388000
19.0200000000,2067.5000000000,0.2852631000
19.0400000000,2070.6670000000,0.2855873000
19.0600000000,2074.5000000000,0.2859116000
19.0800000000,2078.8330000000,0.2862358000
19.1000000000,2083.5000000000,0.2865601000
19.1200000000,2086.6670000000,0.2869244000
19.1400000000,2089.3330000000,0.2872505000
19.1600000000,2092.1670000000,0.2875748000
19.1800000000,2095.1670000000,0.2878990000
19.2000000000,2098.0000000000,0.2882233000
19.2200000000,2100.5000000000,0.2885876000
19.2400000000,2104.5000000000,0.2889118000
19.2600000000,2108.1670000000,0.2892361000
19.2800000000,2110.1670000000,0.2896023000
19.3000000000,2111.6670000000,0.2899265000
19.3200000000,2115.1670000000,0.2902508000
19.3400000000,2118.6670000000,0.2905750000
19.3600000000,2122.1670000000,0.2908993000
19.3800000000,2125.8330000000,0.2912655000
19.4000000000,2128.5000000000,0.2915897000
19.4200000000,2132.6670000000,0.2919140000
19.4400000000,2137.0000000000,0.2922382000
19.4600000000,2140.5000000000,0.2925625000
19.4800000000,2143.0000000000,0.2928867000
19.5000000000,2145.1670000000,0.2932510000
19.5200000000,2147.3330000000,0.2935753000
19.5400000000,2150.0000000000,0.2939014000
19.5600000000,2153.1670000000,0.2942257000
19.5800000000,2156.3330000000,0.2945900000
19.6000000000,2158.0000000000,0.2949142000
19.6200000000,2159.5000000000,0.2952385000
19.6400000000,2163.3330000000,0.2956047000
19.6600000000,2167.3330000000,0.2959290000
19.6800000000,2170.8330000000,0.2962532000
19.7000000000,2173.5000000000,0.2965775000
19.7200000000,2177.3330000000,0.2969017000
19.7400000000,2180.5000000000,0.2972260000
19.7600000000,2183.3330000000,0.2975502000
19.7800000000,2186.1670000000,0.2979164000
19.8000000000,2189.3330000000,0.2982407000
19.8200000000,2191.5000000000,0.2985649000
19.8400000000,2194.6670000000,0.2988892000
19.8600000000,2198.6670000000,0.2992134000
19.8800000000,2202.5000000000,0.2995777000
19.9000000000,2204.8330000000,0.2999020000
19.9200000000,2206.3330000000,0.3002281000
19.9400000000,2208.8330000000,0.3005524000
19.9600000000,2211.0000000000,0.3009167000
19.9800000000,2212.8330000000,0.3012409000
20.0000000000,2214.8330000000,0.3015652000
20.0200000000,2217.5000000000,0.3018894000
20.0400000000,2220.6670000000,0.3022137000
20.0600000000,2222.5000000000,0.3025379000
20.0800000000,2223.0000000000,0.3029041000
20.1000000000,2223.5000000000,0.3032284000
20.1200000000,2224.1670000000,0.3035526000
20.1400000000,2225.3330000000,0.3038769000
20.1600000000,2227.1670000000,0.3042011000
20.1800000000,2229.5000000000,0.3045254000
20.2000000000,2231.8330000000,0.3048916000
20.2200000000,2234.3330000000,0.3052158000
20.2400000000,2237.8330000000,0.3055401000
20.2600000000,2240.8330000000,0.3058643000
20.2800000000,2243.5000000000,0.3062286000
20.3000000000,2246.1670000000,0.3065529000
20.3200000000,2250.0000000000,0.3068790000
20.3400000000,2253.1670000000,0.3072433000
20.3600000000,2255.6670000000,0.3075676000
20.3800000000,2258.0000000000,0.3078918000
20.4000000000,2261.5000000000,0.3082161000
20.4200000000,2267.1670000000,0.3085403000
20.4400000000,2270.0000000000,0.3088646000
20.4600000000,2271.0000000000,0.3091908000
20.4800000000,2271.8330000000,0.3095551000
20.5000000000,2274.3330000000,0.3098793000
20.5200000000,2277.8330000000,0.3102036000
20.5400000000,2279.8330000000,0.3105278000
20.5600000000,2280.3330000000,0.3108940000
20.5800000000,2280.3330000000,0.3112183000
20.6000000000,2280.6670000000,0.3115425000
20.6200000000,2282.8330000000,0.3119068000
20.6400000000,2285.0000000000,0.3122311000
20.6600000000,2285.8330000000,0.3125553000
20.6800000000,2286.8330000000,0.3128796000
20.7000000000,2288.3330000000,0.3132458000
20.7200000000,2290.0000000000,0.3135700000
20.7400000000,2291.8330000000,0.3138943000
20.7600000000,2293.0000000000,0.3142185000
20.7800000000,2294.5000000000,0.3145428000
20.8000000000,2297.0000000000,0.3149090000
20.8200000000,2299.0000000000,0.3152332000
20.8400000000,2299.1670000000,0.3155575000
20.8600000000,2297.6670000000,0.3158817000
20.8800000000,2294.5000000000,0.3162460000
20.9000000000,2287.0000000000,0.3166523000
20.9200000000,2266.1670000000,0.3169765000
20.9400000000,2017.0000000000,0.3173008000
20.9600000000,1324.8330000000,0.3176250000
20.9800000000,534.1667000000,0.3179493000
