"PlayTime","LoadValue","PositionValue"
"s","N","mm"
0.0000000000,6.6666670000,0.0017032620
0.0200000000,6.5000000000,0.0020275120
0.0400000000,6.6666670000,0.0023517610
0.0600000000,7.1666670000,0.0026760100
0.0800000000,7.1666670000,0.0030002590
0.1000000000,7.1666670000,0.0033245090
0.1200000000,7.6666670000,0.0036487580
0.1400000000,9.0000000000,0.0040149690
0.1600000000,11.1666700000,0.0043392180
0.1800000000,11.8333300000,0.0046634670
0.2000000000,12.1666700000,0.0049877170
0.2200000000,12.6666700000,0.0053520200
0.2400000000,13.6666700000,0.0056762700
0.2600000000,14.8333300000,0.0060424800
0.2800000000,14.8333300000,0.0063667300
0.3000000000,14.0000000000,0.0067310330
0.3200000000,13.8333300000,0.0070552830
0.3400000000,14.0000000000,0.0073795320
0.3600000000,14.3333300000,0.0077457430
0.3800000000,14.6666700000,0.0080699920
0.4000000000,15.0000000000,0.0083942410
0.4200000000,15.3333300000,0.0087184910
0.4400000000,15.5000000000,0.0090847020
0.4600000000,15.5000000000,0.0094089510
0.4800000000,15.1666700000,0.0097332000
0.5000000000,14.1666700000,0.0100574500
0.5200000000,13.8333300000,0.0103817000
0.5400000000,14.0000000000,0.0107460000
0.5600000000,14.6666700000,0.0110702500
0.5800000000,16.1666700000,0.0113945000
0.6000000000,17.0000000000,0.0117206600
0.6200000000,18.5000000000,0.0120849600
0.6400000000,20.5000000000,0.0124092100
0.6600000000,22.0000000000,0.0127334600
0.6800000000,22.0000000000,0.0130977600
0.7000000000,21.5000000000,0.0134239200
0.7200000000,21.3333300000,0.0137481700
0.7400000000,22.5000000000,0.0140724200
0.7600000000,23.8333300000,0.0143966700
0.7800000000,23.8333300000,0.0147609700
0.8000000000,23.6666700000,0.0150852200
0.8200000000,23.5000000000,0.0154094700
0.8400000000,23.3333300000,0.0157356300
0.8600000000,23.1666700000,0.0160598800
0.8800000000,23.0000000000,0.0163841200
0.9000000000,23.0000000000,0.0167484300
0.9200000000,24.6666700000,0.0170726800
0.9400000000,25.5000000000,0.0173969300
0.9600000000,25.1666700000,0.0177211800
0.9800000000,24.0000000000,0.0180873900
1.0000000000,24.0000000000,0.0184116400
1.0200000000,24.0000000000,0.0187358900
1.0400000000,23.8333300000,0.0191001900
1.0600000000,23.6666700000,0.0194244400
1.0800000000,23.8333300000,0.0197506000
1.1000000000,25.8333300000,0.0200748400
1.1200000000,28.5000000000,0.0203990900
1.1400000000,29.8333300000,0.0207233400
1.1600000000,29.3333300000,0.0210475900
1.1800000000,28.1666700000,0.0213718400
1.2000000000,28.1666700000,0.0217361500
1.2200000000,30.0000000000,0.0220603900
1.2400000000,30.8333300000,0.0223865500
1.2600000000,30.1666700000,0.0227108000
1.2800000000,28.1666700000,0.0230751000
1.3000000000,28.1666700000,0.0233993500
1.3200000000,28.1666700000,0.0237236000
1.3400000000,29.3333300000,0.0240898100
1.3600000000,30.5000000000,0.0244140600
1.3800000000,30.5000000000,0.0247383100
1.4000000000,31.0000000000,0.0250625600
1.4200000000,33.3333300000,0.0253868100
1.4400000000,34.3333300000,0.0257110600
1.4600000000,35.0000000000,0.0260353100
1.4800000000,36.0000000000,0.0264015200
1.5000000000,35.3333300000,0.0267257700
1.5200000000,35.1666700000,0.0270500200
1.5400000000,34.8333300000,0.0273742700
1.5600000000,34.5000000000,0.0276985200
1.5800000000,34.8333300000,0.0280628200
1.6000000000,37.1666700000,0.0283870700
1.6200000000,39.5000000000,0.0287132300
1.6400000000,40.3333300000,0.0290775300
1.6600000000,39.8333300000,0.0294017800
1.6800000000,38.8333300000,0.0297260300
1.7000000000,38.8333300000,0.0300502800
1.7200000000,38.8333300000,0.0304164900
1.7400000000,38.0000000000,0.0307407400
1.7600000000,36.5000000000,0.0310649900
1.7800000000,34.6666700000,0.0313892400
1.8000000000,34.0000000000,0.0317134900
1.8200000000,33.8333300000,0.0320377300
1.8400000000,35.0000000000,0.0323619800
1.8600000000,35.8333300000,0.0326862300
1.8800000000,36.1666700000,0.0330524400
1.9000000000,37.1666700000,0.0333766900
1.9200000000,40.0000000000,0.0337009400
1.9400000000,41.3333300000,0.0340251900
1.9600000000,42.0000000000,0.0343895000
1.9800000000,42.3333300000,0.0347137500
2.0000000000,43.1666700000,0.0350379900
2.0200000000,43.5000000000,0.0354042100
2.0400000000,44.0000000000,0.0357284500
2.0600000000,45.3333300000,0.0360527000
2.0800000000,47.1666700000,0.0363769500
2.1000000000,47.3333300000,0.0367012000
2.1200000000,47.3333300000,0.0370254500
2.1400000000,47.3333300000,0.0373497000
2.1600000000,48.0000000000,0.0377159100
2.1800000000,49.1666700000,0.0380401600
2.2000000000,50.0000000000,0.0383644100
2.2200000000,50.0000000000,0.0386886600
2.2400000000,50.0000000000,0.0390529600
2.2600000000,51.5000000000,0.0393791200
2.2800000000,53.5000000000,0.0397033700
2.3000000000,53.5000000000,0.0400676700
2.3200000000,50.6666700000,0.0403919200
2.3400000000,50.0000000000,0.0407161700
2.3600000000,50.5000000000,0.0410404200
2.3800000000,51.3333300000,0.0414066300
2.4000000000,51.3333300000,0.0417308800
2.4200000000,51.3333300000,0.0420551300
2.4400000000,52.5000000000,0.0423793800
2.4600000000,54.1666700000,0.0427036300
2.4800000000,56.0000000000,0.0430278800
2.5000000000,57.3333300000,0.0433940900
2.5200000000,57.3333300000,0.0437183400
2.5400000000,57.3333300000,0.0440425900
2.5600000000,57.8333300000,0.0443668400
2.5800000000,58.5000000000,0.0447311400
2.6000000000,58.5000000000,0.0450553900
2.6200000000,58.5000000000,0.0454216000
2.6400000000,59.1666700000,0.0457458500
2.6600000000,60.0000000000,0.0460701000
2.6800000000,60.3333300000,0.0463943500
2.7000000000,60.3333300000,0.0467586500
2.7200000000,60.3333300000,0.0470829000
2.7400000000,61.6666700000,0.0474090600
2.7600000000,64.8333400000,0.0477333100
2.7800000000,67.8333400000,0.0480575600
2.8000000000,67.5000000000,0.0484218600
2.8200000000,64.6666600000,0.0487461100
2.8400000000,64.0000000000,0.0490703600
2.8600000000,63.8333300000,0.0493946100
2.8800000000,64.3333400000,0.0497188600
2.9000000000,65.8333400000,0.0500850700
2.9200000000,67.1666600000,0.0504093200
2.9400000000,68.6666600000,0.0507335700
2.9600000000,70.3333400000,0.0510578200
2.9800000000,71.5000000000,0.0514240300
3.0000000000,71.5000000000,0.0517482800
3.0200000000,71.5000000000,0.0520725300
3.0400000000,71.8333400000,0.0523967700
3.0600000000,72.3333400000,0.0527610800
3.0800000000,72.6666600000,0.0530853300
3.1000000000,73.0000000000,0.0534095800
3.1200000000,73.8333400000,0.0537338300
3.1400000000,76.1666600000,0.0540599800
3.1600000000,77.1666600000,0.0543842300
3.1800000000,77.0000000000,0.0547485400
3.2000000000,76.5000000000,0.0550727800
3.2200000000,75.5000000000,0.0553970300
3.2400000000,75.3333400000,0.0557212800
3.2600000000,76.6666600000,0.0560874900
3.2800000000,79.0000000000,0.0564117400
3.3000000000,81.8333400000,0.0567359900
3.3200000000,83.0000000000,0.0571003000
3.3400000000,83.6666600000,0.0574245500
3.3600000000,84.0000000000,0.0577487900
3.3800000000,84.6666600000,0.0580749500
3.4000000000,86.1666600000,0.0583992000
3.4200000000,88.6666600000,0.0587635000
3.4400000000,90.8333400000,0.0590877500
3.4600000000,91.6666600000,0.0594120000
3.4800000000,91.1666600000,0.0597362500
3.5000000000,90.0000000000,0.0600605000
3.5200000000,90.0000000000,0.0603866600
3.5400000000,90.6666600000,0.0607509600
3.5600000000,91.8333400000,0.0610752100
3.5800000000,93.0000000000,0.0613994600
3.6000000000,93.8333400000,0.0617237100
3.6200000000,95.3333400000,0.0620899200
3.6400000000,96.5000000000,0.0624141700
3.6600000000,97.0000000000,0.0627384200
3.6800000000,97.5000000000,0.0630626700
3.7000000000,98.6666600000,0.0634269700
3.7200000000,99.5000000000,0.0637512200
3.7400000000,100.1667000000,0.0640754700
3.7600000000,100.6667000000,0.0643997200
3.7800000000,101.5000000000,0.0647258800
3.8000000000,103.3333000000,0.0650501300
3.8200000000,105.6667000000,0.0653743700
3.8400000000,107.8333000000,0.0657386800
3.8600000000,108.5000000000,0.0660629300
3.8800000000,108.6667000000,0.0663871800
3.9000000000,108.8333000000,0.0667114300
3.9200000000,109.3333000000,0.0670776400
3.9400000000,109.3333000000,0.0674018900
3.9600000000,109.3333000000,0.0677261400
3.9800000000,109.6667000000,0.0680503800
4.0000000000,110.6667000000,0.0684146900
4.0200000000,113.5000000000,0.0687408400
4.0400000000,115.8333000000,0.0690650900
4.0600000000,117.3333000000,0.0693893400
4.0800000000,117.8333000000,0.0697135900
4.1000000000,117.8333000000,0.0700378400
4.1200000000,117.8333000000,0.0704021500
4.1400000000,117.5000000000,0.0707263900
4.1600000000,117.3333000000,0.0710525500
4.1800000000,119.1667000000,0.0713768000
4.2000000000,122.5000000000,0.0717010500
4.2200000000,124.6667000000,0.0720253000
4.2400000000,125.5000000000,0.0723896000
4.2600000000,125.8333000000,0.0727138500
4.2800000000,126.1667000000,0.0730381000
4.3000000000,126.3333000000,0.0733623500
4.3200000000,126.3333000000,0.0737285600
4.3400000000,126.6667000000,0.0740528100
4.3600000000,127.5000000000,0.0743770600
4.3800000000,129.6667000000,0.0747013100
4.4000000000,132.6667000000,0.0750255600
4.4200000000,134.1667000000,0.0753917700
4.4400000000,134.1667000000,0.0757160200
4.4600000000,133.0000000000,0.0760402700
4.4800000000,132.1667000000,0.0763645200
4.5000000000,132.0000000000,0.0766887700
4.5200000000,132.1667000000,0.0770130200
4.5400000000,133.1667000000,0.0773773200
4.5600000000,136.0000000000,0.0777034800
4.5800000000,140.1667000000,0.0780277300
4.6000000000,144.3333000000,0.0783920300
4.6200000000,146.0000000000,0.0787162800
4.6400000000,146.0000000000,0.0790405300
4.6600000000,146.0000000000,0.0793647800
4.6800000000,146.0000000000,0.0797309900
4.7000000000,147.0000000000,0.0800552400
4.7200000000,150.1667000000,0.0803794900
4.7400000000,151.6667000000,0.0807037400
4.7600000000,152.5000000000,0.0810279800
4.7800000000,153.6667000000,0.0813922900
4.8000000000,154.6667000000,0.0817184400
4.8200000000,154.5000000000,0.0820426900
4.8400000000,153.6667000000,0.0823669400
4.8600000000,153.6667000000,0.0826911900
4.8800000000,154.5000000000,0.0830555000
4.9000000000,156.6667000000,0.0833797500
4.9200000000,159.0000000000,0.0837039900
4.9400000000,159.1667000000,0.0840702100
4.9600000000,159.6667000000,0.0843944500
4.9800000000,161.1667000000,0.0847587600
5.0000000000,162.5000000000,0.0850830100
5.0200000000,163.0000000000,0.0854072600
5.0400000000,163.1667000000,0.0857334100
5.0600000000,163.8333000000,0.0860576600
5.0800000000,165.6667000000,0.0864219700
5.1000000000,167.8333000000,0.0867462200
5.1200000000,169.5000000000,0.0870704700
5.1400000000,170.0000000000,0.0873947100
5.1600000000,170.8333000000,0.0877189600
5.1800000000,172.5000000000,0.0880851700
5.2000000000,174.0000000000,0.0884094200
5.2200000000,174.8333000000,0.0887336700
5.2400000000,174.8333000000,0.0890579200
5.2600000000,175.6667000000,0.0894222300
5.2800000000,176.0000000000,0.0897483800
5.3000000000,176.5000000000,0.0900726300
5.3200000000,177.1667000000,0.0904369400
5.3400000000,179.0000000000,0.0907611800
5.3600000000,180.5000000000,0.0910854300
5.3800000000,182.1667000000,0.0914096800
5.4000000000,184.3333000000,0.0917339300
5.4200000000,186.3333000000,0.0920581800
5.4400000000,187.5000000000,0.0924243900
5.4600000000,189.0000000000,0.0927486400
5.4800000000,191.0000000000,0.0930728900
5.5000000000,192.3333000000,0.0933971400
5.5200000000,192.6667000000,0.0937213900
5.5400000000,193.5000000000,0.0940876000
5.5600000000,195.1667000000,0.0944118500
5.5800000000,198.1667000000,0.0947361000
5.6000000000,200.3333000000,0.0950603500
5.6200000000,200.6667000000,0.0954246500
5.6400000000,200.6667000000,0.0957489000
5.6600000000,200.6667000000,0.0960731500
5.6800000000,201.1667000000,0.0963993100
5.7000000000,202.3333000000,0.0967636100
5.7200000000,203.6667000000,0.0970878600
5.7400000000,203.6667000000,0.0974121100
5.7600000000,203.5000000000,0.0977363600
5.7800000000,203.5000000000,0.0980606100
5.8000000000,204.6667000000,0.0983848600
5.8200000000,207.0000000000,0.0987510700
5.8400000000,208.0000000000,0.0990753200
5.8600000000,208.6667000000,0.0993995700
5.8800000000,209.5000000000,0.0997238200
5.9000000000,211.0000000000,0.1000481000
5.9200000000,213.8333000000,0.1004143000
5.9400000000,218.8333000000,0.1007385000
5.9600000000,222.8333000000,0.1010628000
5.9800000000,223.8333000000,0.1014271000
6.0000000000,223.8333000000,0.1017513000
6.0200000000,224.3333000000,0.1020756000
6.0400000000,225.3333000000,0.1023998000
6.0600000000,226.5000000000,0.1027260000
6.0800000000,228.3333000000,0.1030903000
6.1000000000,230.5000000000,0.1034145000
6.1200000000,232.0000000000,0.1037388000
6.1400000000,232.3333000000,0.1040630000
6.1600000000,232.8333000000,0.1043873000
6.1800000000,233.0000000000,0.1047115000
6.2000000000,234.0000000000,0.1050358000
6.2200000000,236.0000000000,0.1054020000
6.2400000000,238.6667000000,0.1057262000
6.2600000000,240.1667000000,0.1060505000
6.2800000000,240.8333000000,0.1063747000
6.3000000000,241.6667000000,0.1067410000
6.3200000000,242.6667000000,0.1070652000
6.3400000000,243.3333000000,0.1073895000
6.3600000000,244.3333000000,0.1077137000
6.3800000000,245.8333000000,0.1080780000
6.4000000000,247.5000000000,0.1084023000
6.4200000000,249.1667000000,0.1087265000
6.4400000000,251.6667000000,0.1090508000
6.4600000000,253.3333000000,0.1093769000
6.4800000000,254.6667000000,0.1097012000
6.5000000000,257.0000000000,0.1100254000
6.5200000000,259.6667000000,0.1103897000
6.5400000000,261.3333000000,0.1107140000
6.5600000000,261.6667000000,0.1110382000
6.5800000000,262.8333000000,0.1113625000
6.6000000000,264.6667000000,0.1117287000
6.6200000000,266.8333000000,0.1120529000
6.6400000000,268.5000000000,0.1123772000
6.6600000000,268.5000000000,0.1127014000
6.6800000000,268.5000000000,0.1130657000
6.7000000000,270.0000000000,0.1133919000
6.7200000000,272.0000000000,0.1137161000
6.7400000000,273.0000000000,0.1140404000
6.7600000000,275.5000000000,0.1143646000
6.7800000000,277.1667000000,0.1146889000
6.8000000000,277.8333000000,0.1150532000
6.8200000000,280.0000000000,0.1153774000
6.8400000000,285.0000000000,0.1157036000
6.8600000000,285.5000000000,0.1160278000
6.8800000000,287.0000000000,0.1163521000
6.9000000000,288.0000000000,0.1167164000
6.9200000000,290.0000000000,0.1170406000
6.9400000000,294.0000000000,0.1173649000
6.9600000000,294.0000000000,0.1177311000
6.9800000000,294.3333000000,0.1180553000
7.0000000000,294.6667000000,0.1183796000
7.0200000000,295.5000000000,0.1187038000
7.0400000000,297.8333000000,0.1190681000
7.0600000000,300.0000000000,0.1193924000
7.0800000000,301.1667000000,0.1197166000
7.1000000000,303.8333000000,0.1200428000
7.1200000000,306.3333000000,0.1203671000
7.1400000000,307.1667000000,0.1206913000
7.1600000000,307.5000000000,0.1210556000
7.1800000000,307.6667000000,0.1213799000
7.2000000000,307.8333000000,0.1217041000
7.2200000000,308.8333000000,0.1220284000
7.2400000000,311.1667000000,0.1223946000
7.2600000000,315.0000000000,0.1227188000
7.2800000000,317.5000000000,0.1230831000
7.3000000000,321.0000000000,0.1234074000
7.3200000000,323.6667000000,0.1237316000
7.3400000000,324.8333000000,0.1240578000
7.3600000000,325.5000000000,0.1244221000
7.3800000000,327.1667000000,0.1247463000
7.4000000000,330.6667000000,0.1250706000
7.4200000000,334.0000000000,0.1253948000
7.4400000000,335.5000000000,0.1257191000
7.4600000000,336.1667000000,0.1260433000
7.4800000000,337.1667000000,0.1264095000
7.5000000000,338.8333000000,0.1267338000
7.5200000000,340.0000000000,0.1270580000
7.5400000000,340.0000000000,0.1273823000
7.5600000000,340.0000000000,0.1277466000
7.5800000000,344.0000000000,0.1280727000
7.6000000000,347.3333000000,0.1283970000
7.6200000000,349.1667000000,0.1287613000
7.6400000000,349.5000000000,0.1290855000
7.6600000000,349.6667000000,0.1294098000
7.6800000000,350.8333000000,0.1297340000
7.7000000000,353.3333000000,0.1301003000
7.7200000000,355.3333000000,0.1304245000
7.7400000000,356.3333000000,0.1307487000
7.7600000000,358.3333000000,0.1310730000
7.7800000000,362.3333000000,0.1313972000
7.8000000000,365.0000000000,0.1317215000
7.8200000000,366.3333000000,0.1320877000
7.8400000000,366.8333000000,0.1324120000
7.8600000000,367.8333000000,0.1327362000
7.8800000000,371.0000000000,0.1330605000
7.9000000000,372.3333000000,0.1334248000
7.9200000000,372.8333000000,0.1337490000
7.9400000000,373.3333000000,0.1340733000
7.9600000000,374.5000000000,0.1343975000
7.9800000000,376.6667000000,0.1347637000
8.0000000000,379.3333000000,0.1350880000
8.0200000000,381.1667000000,0.1354122000
8.0400000000,382.3333000000,0.1357365000
8.0600000000,383.3333000000,0.1361027000
8.0800000000,386.5000000000,0.1364269000
8.1000000000,389.1667000000,0.1367512000
8.1200000000,391.1667000000,0.1370754000
8.1400000000,392.8333000000,0.1373997000
8.1600000000,394.8333000000,0.1377239000
8.1800000000,396.5000000000,0.1380482000
8.2000000000,399.3333000000,0.1384125000
8.2200000000,402.0000000000,0.1387386000
8.2400000000,403.8333000000,0.1390629000
8.2600000000,405.8333000000,0.1394272000
8.2800000000,407.1667000000,0.1397514000
8.3000000000,408.0000000000,0.1400757000
8.3200000000,408.8333000000,0.1403999000
8.3400000000,410.6667000000,0.1407661000
8.3600000000,414.6667000000,0.1410904000
8.3800000000,418.3333000000,0.1414146000
8.4000000000,420.3333000000,0.1417389000
8.4200000000,421.1667000000,0.1420631000
8.4400000000,421.1667000000,0.1423874000
8.4600000000,421.0000000000,0.1427116000
8.4800000000,421.0000000000,0.1430779000
8.5000000000,423.3333000000,0.1434021000
8.5200000000,426.1667000000,0.1437263000
8.5400000000,428.6667000000,0.1440506000
8.5600000000,431.0000000000,0.1444149000
8.5800000000,435.8333000000,0.1447392000
8.6000000000,438.8333000000,0.1450653000
8.6200000000,440.0000000000,0.1453896000
8.6400000000,440.8333000000,0.1457539000
8.6600000000,442.8333000000,0.1460781000
8.6800000000,445.1667000000,0.1464024000
8.7000000000,446.8333000000,0.1467266000
8.7200000000,448.1667000000,0.1470509000
8.7400000000,450.8333000000,0.1473751000
8.7600000000,455.5000000000,0.1477013000
8.7800000000,455.5000000000,0.1480656000
8.8000000000,456.3333000000,0.1483898000
8.8200000000,457.3333000000,0.1487141000
8.8400000000,459.1667000000,0.1490383000
8.8600000000,462.1667000000,0.1493626000
8.8800000000,464.6667000000,0.1496868000
8.9000000000,465.5000000000,0.1500530000
8.9200000000,466.6667000000,0.1503773000
8.9400000000,469.1667000000,0.1507015000
8.9600000000,472.5000000000,0.1510658000
8.9800000000,474.1667000000,0.1513901000
9.0000000000,474.5000000000,0.1517162000
9.0200000000,475.8333000000,0.1520405000
9.0400000000,478.3333000000,0.1523647000
9.0600000000,481.0000000000,0.1526890000
9.0800000000,482.1667000000,0.1530533000
9.1000000000,484.8333000000,0.1533775000
9.1200000000,487.5000000000,0.1537018000
9.1400000000,490.0000000000,0.1540279000
9.1600000000,492.5000000000,0.1543522000
9.1800000000,495.0000000000,0.1546764000
9.2000000000,496.3333000000,0.1550407000
9.2200000000,497.8333000000,0.1553650000
9.2400000000,499.1667000000,0.1556892000
9.2600000000,500.8333000000,0.1560555000
9.2800000000,503.0000000000,0.1563797000
9.3000000000,504.1667000000,0.1567039000
9.3200000000,505.8333000000,0.1570683000
9.3400000000,508.8333000000,0.1573925000
9.3600000000,512.3333000000,0.1577168000
9.3800000000,513.3333000000,0.1580429000
9.4000000000,514.3333000000,0.1583672000
9.4200000000,517.5000000000,0.1586914000
9.4400000000,521.5000000000,0.1590557000
9.4600000000,524.3333000000,0.1593800000
9.4800000000,525.0000000000,0.1597042000
9.5000000000,526.3333000000,0.1600285000
9.5200000000,528.8333000000,0.1603527000
9.5400000000,532.5000000000,0.1607189000
9.5600000000,536.8333000000,0.1610432000
9.5800000000,541.1667000000,0.1613674000
9.6000000000,542.0000000000,0.1617317000
9.6200000000,542.1667000000,0.1620560000
9.6400000000,543.0000000000,0.1623821000
9.6600000000,544.3333000000,0.1627464000
9.6800000000,545.8333000000,0.1630707000
9.7000000000,548.0000000000,0.1633949000
9.7200000000,550.1667000000,0.1637192000
9.7400000000,551.8333000000,0.1640854000
9.7600000000,553.0000000000,0.1644096000
9.7800000000,554.3333000000,0.1647339000
9.8000000000,554.8333000000,0.1650581000
9.8200000000,555.5000000000,0.1653824000
9.8400000000,556.6667000000,0.1657467000
9.8600000000,559.3333000000,0.1660709000
9.8800000000,564.8333000000,0.1663971000
9.9000000000,569.5000000000,0.1667614000
9.9200000000,574.5000000000,0.1670856000
9.9400000000,578.1667000000,0.1674099000
9.9600000000,580.0000000000,0.1677341000
9.9800000000,580.5000000000,0.1681004000
10.0000000000,582.3333000000,0.1684246000
10.0200000000,586.1667000000,0.1687489000
10.0400000000,589.5000000000,0.1690731000
10.0600000000,592.1667000000,0.1694374000
10.0800000000,594.6667000000,0.1697617000
10.1000000000,596.6667000000,0.1700859000
10.1200000000,597.5000000000,0.1704121000
10.1400000000,598.5000000000,0.1707363000
10.1600000000,600.0000000000,0.1710606000
10.1800000000,601.8333000000,0.1714249000
10.2000000000,604.5000000000,0.1717491000
10.2200000000,608.0000000000,0.1720734000
10.2400000000,611.6667000000,0.1723976000
10.2600000000,614.1667000000,0.1727638000
10.2800000000,615.6667000000,0.1730881000
10.3000000000,617.6667000000,0.1734123000
10.3200000000,619.3333000000,0.1737366000
10.3400000000,620.8333000000,0.1741009000
10.3600000000,622.6667000000,0.1744270000
10.3800000000,625.5000000000,0.1747513000
10.4000000000,629.3333000000,0.1750755000
10.4200000000,632.3333000000,0.1753998000
10.4400000000,634.3333000000,0.1757240000
10.4600000000,636.3333000000,0.1760483000
10.4800000000,639.0000000000,0.1764126000
10.5000000000,643.0000000000,0.1767387000
10.5200000000,645.8333000000,0.1770630000
10.5400000000,647.6667000000,0.1773872000
10.5600000000,649.1667000000,0.1777515000
10.5800000000,651.0000000000,0.1780758000
10.6000000000,652.1667000000,0.1784000000
10.6200000000,654.6667000000,0.1787663000
10.6400000000,657.0000000000,0.1790905000
10.6600000000,659.1667000000,0.1794147000
10.6800000000,661.0000000000,0.1797390000
10.7000000000,665.0000000000,0.1800632000
10.7200000000,668.6667000000,0.1804276000
10.7400000000,671.1667000000,0.1807518000
10.7600000000,673.6667000000,0.1810780000
10.7800000000,677.0000000000,0.1814022000
10.8000000000,681.0000000000,0.1817265000
10.8200000000,682.1667000000,0.1820507000
10.8400000000,682.8333000000,0.1823750000
10.8600000000,684.8333000000,0.1827393000
10.8800000000,689.3333000000,0.1830635000
10.9000000000,695.0000000000,0.1833897000
10.9200000000,696.3333000000,0.1837139000
10.9400000000,696.8333000000,0.1840782000
10.9600000000,698.1667000000,0.1844025000
10.9800000000,700.6667000000,0.1847267000
11.0000000000,703.0000000000,0.1850510000
11.0200000000,705.6667000000,0.1854172000
11.0400000000,707.8333000000,0.1857414000
11.0600000000,710.0000000000,0.1860657000
11.0800000000,712.8333000000,0.1863899000
11.1000000000,718.1667000000,0.1867142000
11.1200000000,720.8333000000,0.1870384000
11.1400000000,722.0000000000,0.1873627000
11.1600000000,722.5000000000,0.1876869000
11.1800000000,723.0000000000,0.1880531000
11.2000000000,723.8333000000,0.1883774000
11.2200000000,726.8333000000,0.1887016000
11.2400000000,730.5000000000,0.1890259000
11.2600000000,735.1667000000,0.1893902000
11.2800000000,740.3333000000,0.1897144000
11.3000000000,744.3333000000,0.1900406000
11.3200000000,744.8333000000,0.1903648000
11.3400000000,745.1667000000,0.1907291000
11.3600000000,747.6667000000,0.1910534000
11.3800000000,752.3333000000,0.1913776000
11.4000000000,756.0000000000,0.1917019000
11.4200000000,756.8333000000,0.1920261000
11.4400000000,759.1667000000,0.1923523000
11.4600000000,762.5000000000,0.1926765000
11.4800000000,765.6667000000,0.1930408000
11.5000000000,767.5000000000,0.1933651000
11.5200000000,767.8333000000,0.1936893000
11.5400000000,769.3333000000,0.1940136000
11.5600000000,772.1667000000,0.1943798000
11.5800000000,775.5000000000,0.1947041000
11.6000000000,778.6667000000,0.1950283000
11.6200000000,779.6667000000,0.1953926000
11.6400000000,781.5000000000,0.1957169000
11.6600000000,784.3333000000,0.1960411000
11.6800000000,787.8333000000,0.1963673000
11.7000000000,790.6667000000,0.1967316000
11.7200000000,793.0000000000,0.1970558000
11.7400000000,796.5000000000,0.1973801000
11.7600000000,801.3333000000,0.1977043000
11.7800000000,805.8333000000,0.1980286000
11.8000000000,807.1667000000,0.1983948000
11.8200000000,808.1667000000,0.1987190000
11.8400000000,811.0000000000,0.1990433000
11.8600000000,814.8333000000,0.1993675000
11.8800000000,817.8333000000,0.1997318000
11.9000000000,818.8333000000,0.2000561000
11.9200000000,819.1667000000,0.2003822000
11.9400000000,822.0000000000,0.2007465000
11.9600000000,825.3333000000,0.2010708000
11.9800000000,827.8333000000,0.2013950000
12.0000000000,829.6667000000,0.2017193000
12.0200000000,832.6667000000,0.2020855000
12.0400000000,838.1667000000,0.2024097000
12.0600000000,842.5000000000,0.2027340000
12.0800000000,844.6667000000,0.2030582000
12.1000000000,845.1667000000,0.2033825000
12.1200000000,846.3333000000,0.2037067000
12.1400000000,849.6667000000,0.2040710000
12.1600000000,854.0000000000,0.2043972000
12.1800000000,858.3333000000,0.2047215000
12.2000000000,862.0000000000,0.2050457000
12.2200000000,865.3333000000,0.2054100000
12.2400000000,868.0000000000,0.2057343000
12.2600000000,870.6667000000,0.2060585000
12.2800000000,872.8333000000,0.2064247000
12.3000000000,874.1667000000,0.2067490000
12.3200000000,875.1667000000,0.2070732000
12.3400000000,880.1667000000,0.2073975000
12.3600000000,884.8333000000,0.2077618000
12.3800000000,887.6667000000,0.2080860000
12.4000000000,888.1667000000,0.2084103000
12.4200000000,889.0000000000,0.2087364000
12.4400000000,891.0000000000,0.2090607000
12.4600000000,893.3333000000,0.2093849000
12.4800000000,895.8333000000,0.2097492000
12.5000000000,899.0000000000,0.2100735000
12.5200000000,903.1667000000,0.2103977000
12.5400000000,908.0000000000,0.2107220000
12.5600000000,911.6667000000,0.2110882000
12.5800000000,914.3333000000,0.2114124000
12.6000000000,916.3333000000,0.2117367000
12.6200000000,920.1667000000,0.2121010000
12.6400000000,922.6667000000,0.2124252000
12.6600000000,924.5000000000,0.2127514000
12.6800000000,927.0000000000,0.2130756000
12.7000000000,930.5000000000,0.2133999000
12.7200000000,935.6667000000,0.2137642000
12.7400000000,939.6667000000,0.2140884000
12.7600000000,941.3333000000,0.2144127000
12.7800000000,942.5000000000,0.2147369000
12.8000000000,944.6667000000,0.2150631000
12.8200000000,947.3333000000,0.2153873000
12.8400000000,950.3333000000,0.2157516000
12.8600000000,953.1667000000,0.2160759000
12.8800000000,955.8333000000,0.2164001000
12.9000000000,958.3333000000,0.2167244000
12.9200000000,960.8333000000,0.2170906000
12.9400000000,963.5000000000,0.2174149000
12.9600000000,966.3333000000,0.2177391000
12.9800000000,968.8333000000,0.2180634000
13.0000000000,971.3333000000,0.2184277000
13.0200000000,974.8333000000,0.2187519000
13.0400000000,979.0000000000,0.2190781000
13.0600000000,981.8333000000,0.2194023000
13.0800000000,984.5000000000,0.2197266000
13.1000000000,987.6667000000,0.2200508000
13.1200000000,991.6667000000,0.2203751000
13.1400000000,994.8333000000,0.2207394000
13.1600000000,997.8333000000,0.2210636000
13.1800000000,1000.3330000000,0.2213879000
13.2000000000,1002.3330000000,0.2217140000
13.2200000000,1004.0000000000,0.2220783000
13.2400000000,1007.1670000000,0.2224026000
13.2600000000,1009.6670000000,0.2227268000
13.2800000000,1011.8330000000,0.2230911000
13.3000000000,1014.3330000000,0.2234173000
13.3200000000,1018.3330000000,0.2237415000
13.3400000000,1021.0000000000,0.2240658000
13.3600000000,1023.3330000000,0.2243900000
13.3800000000,1027.1670000000,0.2247143000
13.4000000000,1032.0000000000,0.2250786000
13.4200000000,1035.5000000000,0.2254028000
13.4400000000,1037.3330000000,0.2257290000
13.4600000000,1040.0000000000,0.2260532000
13.4800000000,1042.6670000000,0.2263775000
13.5000000000,1046.0000000000,0.2267017000
13.5200000000,1051.0000000000,0.2270660000
13.5400000000,1054.8330000000,0.2273903000
13.5600000000,1057.1670000000,0.2277145000
13.5800000000,1061.6670000000,0.2280407000
13.6000000000,1066.8330000000,0.2284050000
13.6200000000,1067.6670000000,0.2287292000
13.6400000000,1069.3330000000,0.2290535000
13.6600000000,1071.8330000000,0.2293777000
13.6800000000,1076.0000000000,0.2297440000
13.7000000000,1080.3330000000,0.2300682000
13.7200000000,1082.3330000000,0.2303925000
13.7400000000,1082.6670000000,0.2307167000
13.7600000000,1083.5000000000,0.2310410000
13.7800000000,1084.6670000000,0.2313652000
13.8000000000,1086.3330000000,0.2316895000
13.8200000000,1088.8330000000,0.2320557000
13.8400000000,1093.8330000000,0.2323799000
13.8600000000,1098.6670000000,0.2327042000
13.8800000000,1103.3330000000,0.2330284000
13.9000000000,1107.8330000000,0.2333927000
13.9200000000,1111.5000000000,0.2337170000
13.9400000000,1113.3330000000,0.2340412000
13.9600000000,1115.8330000000,0.2343655000
13.9800000000,1118.5000000000,0.2347317000
14.0000000000,1122.1670000000,0.2350559000
14.0200000000,1127.0000000000,0.2353802000
14.0400000000,1131.3330000000,0.2357044000
14.0600000000,1133.5000000000,0.2360287000
14.0800000000,1136.0000000000,0.2363529000
14.1000000000,1138.5000000000,0.2367191000
14.1200000000,1140.6670000000,0.2370434000
14.1400000000,1142.8330000000,0.2373676000
14.1600000000,1146.6670000000,0.2376919000
14.1800000000,1150.5000000000,0.2380161000
14.2000000000,1153.8330000000,0.2383804000
14.2200000000,1156.8330000000,0.2387066000
14.2400000000,1159.3330000000,0.2390308000
14.2600000000,1163.3330000000,0.2393951000
14.2800000000,1166.8330000000,0.2397194000
14.3000000000,1169.5000000000,0.2400436000
14.3200000000,1171.0000000000,0.2404099000
14.3400000000,1172.6670000000,0.2407341000
14.3600000000,1177.0000000000,0.2410583000
14.3800000000,1182.0000000000,0.2413826000
14.4000000000,1185.8330000000,0.2417068000
14.4200000000,1188.1670000000,0.2420712000
14.4400000000,1191.3330000000,0.2423954000
14.4600000000,1194.5000000000,0.2427216000
14.4800000000,1197.3330000000,0.2430458000
14.5000000000,1200.0000000000,0.2433701000
14.5200000000,1203.0000000000,0.2437344000
14.5400000000,1206.8330000000,0.2440586000
14.5600000000,1210.3330000000,0.2443829000
14.5800000000,1213.6670000000,0.2447491000
14.6000000000,1216.5000000000,0.2450733000
14.6200000000,1218.8330000000,0.2453976000
14.6400000000,1220.0000000000,0.2457619000
14.6600000000,1223.3330000000,0.2460861000
14.6800000000,1226.1670000000,0.2464104000
14.7000000000,1228.8330000000,0.2467365000
14.7200000000,1232.1670000000,0.2470608000
14.7400000000,1238.0000000000,0.2473850000
14.7600000000,1243.0000000000,0.2477493000
14.7800000000,1246.0000000000,0.2480736000
14.8000000000,1247.8330000000,0.2483978000
14.8200000000,1249.8330000000,0.2487221000
14.8400000000,1252.3330000000,0.2490463000
14.8600000000,1255.8330000000,0.2494125000
14.8800000000,1259.8330000000,0.2497368000
14.9000000000,1263.3330000000,0.2500610000
14.9200000000,1266.0000000000,0.2504253000
14.9400000000,1268.3330000000,0.2507496000
14.9600000000,1272.6670000000,0.2510757000
14.9800000000,1276.3330000000,0.2514000000
15.0000000000,1279.0000000000,0.2517643000
15.0200000000,1281.1670000000,0.2520885000
15.0400000000,1283.5000000000,0.2524128000
15.0600000000,1287.3330000000,0.2527370000
15.0800000000,1290.8330000000,0.2530613000
15.1000000000,1293.8330000000,0.2533875000
15.1200000000,1296.8330000000,0.2537518000
15.1400000000,1301.3330000000,0.2540760000
15.1600000000,1303.8330000000,0.2544003000
15.1800000000,1306.0000000000,0.2547245000
15.2000000000,1309.1670000000,0.2550907000
15.2200000000,1313.8330000000,0.2554150000
15.2400000000,1319.8330000000,0.2557392000
15.2600000000,1323.3330000000,0.2560635000
15.2800000000,1324.5000000000,0.2564278000
15.3000000000,1326.1670000000,0.2567520000
15.3200000000,1328.8330000000,0.2570763000
15.3400000000,1332.1670000000,0.2574024000
15.3600000000,1336.1670000000,0.2577267000
15.3800000000,1341.1670000000,0.2580910000
15.4000000000,1346.0000000000,0.2584152000
15.4200000000,1349.8330000000,0.2587395000
15.4400000000,1352.5000000000,0.2590637000
15.4600000000,1353.5000000000,0.2593880000
15.4800000000,1354.5000000000,0.2597122000
15.5000000000,1357.0000000000,0.2600784000
15.5200000000,1360.8330000000,0.2604027000
15.5400000000,1364.5000000000,0.2607269000
15.5600000000,1367.8330000000,0.2610512000
15.5800000000,1370.5000000000,0.2614174000
15.6000000000,1373.3330000000,0.2617416000
15.6200000000,1376.6670000000,0.2620659000
15.6400000000,1380.0000000000,0.2623901000
15.6600000000,1382.0000000000,0.2627544000
15.6800000000,1384.8330000000,0.2630787000
15.7000000000,1389.5000000000,0.2634029000
15.7200000000,1395.1670000000,0.2637272000
15.7400000000,1400.5000000000,0.2640533000
15.7600000000,1401.8330000000,0.2643776000
15.7800000000,1404.3330000000,0.2647419000
15.8000000000,1409.1670000000,0.2650661000
15.8200000000,1414.5000000000,0.2653904000
15.8400000000,1417.5000000000,0.2657146000
15.8600000000,1419.0000000000,0.2660389000
15.8800000000,1421.1670000000,0.2664051000
15.9000000000,1423.5000000000,0.2667294000
15.9200000000,1425.3330000000,0.2670536000
15.9400000000,1427.1670000000,0.2674179000
15.9600000000,1430.0000000000,0.2677422000
15.9800000000,1433.6670000000,0.2680683000
16.0000000000,1437.3330000000,0.2683926000
16.0200000000,1441.8330000000,0.2687168000
16.0400000000,1447.1670000000,0.2690411000
16.0600000000,1450.5000000000,0.2693653000
16.0800000000,1451.8330000000,0.2697296000
16.1000000000,1454.5000000000,0.2700539000
16.1200000000,1457.8330000000,0.2703800000
16.1400000000,1461.3330000000,0.2707043000
16.1600000000,1464.3330000000,0.2710285000
16.1800000000,1472.0000000000,0.2713528000
16.2000000000,1476.5000000000,0.2717171000
16.2200000000,1478.5000000000,0.2720413000
16.2400000000,1479.6670000000,0.2723656000
16.2600000000,1481.6670000000,0.2726898000
16.2800000000,1484.5000000000,0.2730560000
16.3000000000,1486.6670000000,0.2733803000
16.3200000000,1489.3330000000,0.2737045000
16.3400000000,1493.0000000000,0.2740288000
16.3600000000,1497.1670000000,0.2743530000
16.3800000000,1501.6670000000,0.2747192000
16.4000000000,1505.0000000000,0.2750435000
16.4200000000,1507.5000000000,0.2753677000
16.4400000000,1510.0000000000,0.2756920000
16.4600000000,1512.3330000000,0.2760162000
16.4800000000,1516.5000000000,0.2763805000
16.5000000000,1520.6670000000,0.2767048000
16.5200000000,1524.0000000000,0.2770309000
16.5400000000,1526.8330000000,0.2773552000
16.5600000000,1530.6670000000,0.2777195000
16.5800000000,1534.8330000000,0.2780437000
16.6000000000,1539.8330000000,0.2783680000
16.6200000000,1543.5000000000,0.2787342000
16.6400000000,1545.0000000000,0.2790585000
16.6600000000,1545.3330000000,0.2793827000
16.6800000000,1550.6670000000,0.2797470000
16.7000000000,1556.0000000000,0.2800713000
16.7200000000,1559.8330000000,0.2803955000
16.7400000000,1562.6670000000,0.2807198000
16.7600000000,1565.5000000000,0.2810459000
16.7800000000,1568.5000000000,0.2813702000
16.8000000000,1571.6670000000,0.2817345000
16.8200000000,1574.6670000000,0.2820587000
16.8400000000,1578.0000000000,0.2823830000
16.8600000000,1583.0000000000,0.2827072000
16.8800000000,1587.8330000000,0.2830734000
16.9000000000,1590.5000000000,0.2833977000
16.9200000000,1592.3330000000,0.2837219000
16.9400000000,1594.0000000000,0.2840862000
16.9600000000,1596.6670000000,0.2844105000
16.9800000000,1600.0000000000,0.2847347000
17.0000000000,1603.0000000000,0.2850609000
17.0200000000,1606.0000000000,0.2854252000
17.0400000000,1609.6670000000,0.2857494000
17.0600000000,1613.8330000000,0.2860737000
17.0800000000,1618.1670000000,0.2863979000
17.1000000000,1622.5000000000,0.2867222000
17.1200000000,1626.0000000000,0.2870464000
17.1400000000,1629.1670000000,0.2874126000
17.1600000000,1633.0000000000,0.2877369000
17.1800000000,1635.5000000000,0.2880611000
17.2000000000,1637.8330000000,0.2884254000
17.2200000000,1641.0000000000,0.2887497000
17.2400000000,1644.3330000000,0.2890759000
17.2600000000,1645.5000000000,0.2894001000
17.2800000000,1647.3330000000,0.2897644000
17.3000000000,1650.8330000000,0.2900887000
17.3200000000,1655.1670000000,0.2904129000
17.3400000000,1660.0000000000,0.2907372000
17.3600000000,1665.1670000000,0.2910614000
17.3800000000,1672.3330000000,0.2914276000
17.4000000000,1676.3330000000,0.2917519000
17.4200000000,1678.8330000000,0.2920761000
17.4400000000,1680.8330000000,0.2924004000
17.4600000000,1683.1670000000,0.2927246000
17.4800000000,1684.3330000000,0.2930489000
17.5000000000,1689.0000000000,0.2934151000
17.5200000000,1695.5000000000,0.2937393000
17.5400000000,1701.6670000000,0.2940636000
17.5600000000,1704.5000000000,0.2944279000
17.5800000000,1705.1670000000,0.2947521000
17.6000000000,1705.3330000000,0.2950764000
17.6200000000,1707.8330000000,0.2954006000
17.6400000000,1712.0000000000,0.2957668000
17.6600000000,1717.0000000000,0.2960911000
17.6800000000,1720.8330000000,0.2964153000
17.7000000000,1724.0000000000,0.2967396000
17.7200000000,1726.3330000000,0.2970638000
17.7400000000,1728.1670000000,0.2973881000
17.7600000000,1729.0000000000,0.2977543000
17.7800000000,1731.3330000000,0.2980785000
17.8000000000,1736.0000000000,0.2984028000
17.8200000000,1740.3330000000,0.2987270000
17.8400000000,1744.1670000000,0.2990513000
17.8600000000,1748.3330000000,0.2994156000
17.8800000000,1753.0000000000,0.2997417000
17.9000000000,1755.3330000000,0.3000660000
17.9200000000,1758.6670000000,0.3004303000
17.9400000000,1763.0000000000,0.3007545000
17.9600000000,1767.5000000000,0.3010788000
17.9800000000,1770.1670000000,0.3014030000
18.0000000000,1774.0000000000,0.3017273000
18.0200000000,1779.1670000000,0.3020535000
18.0400000000,1784.8330000000,0.3024178000
18.0600000000,1789.6670000000,0.3027420000
18.0800000000,1792.5000000000,0.3030663000
18.1000000000,1794.0000000000,0.3033905000
18.1200000000,1796.6670000000,0.3037148000
18.1400000000,1800.0000000000,0.3040390000
18.1600000000,1803.1670000000,0.3043633000
18.1800000000,1805.3330000000,0.3047295000
18.2000000000,1809.0000000000,0.3050537000
18.2200000000,1812.3330000000,0.3053780000
18.2400000000,1814.3330000000,0.3057423000
18.2600000000,1815.8330000000,0.3060665000
18.2800000000,1819.5000000000,0.3063927000
18.3000000000,1823.5000000000,0.3067169000
18.3200000000,1828.0000000000,0.3070812000
18.3400000000,1832.5000000000,0.3074055000
18.3600000000,1836.5000000000,0.3077297000
18.3800000000,1839.6670000000,0.3080540000
18.4000000000,1842.5000000000,0.3083782000
18.4200000000,1846.0000000000,0.3087044000
18.4400000000,1850.0000000000,0.3090286000
18.4600000000,1853.5000000000,0.3093529000
18.4800000000,1855.5000000000,0.3097172000
18.5000000000,1858.8330000000,0.3100414000
18.5200000000,1863.3330000000,0.3103657000
18.5400000000,1867.1670000000,0.3106899000
18.5600000000,1869.3330000000,0.3110561000
18.5800000000,1870.8330000000,0.3113804000
18.6000000000,1875.8330000000,0.3117046000
18.6200000000,1880.1670000000,0.3120689000
18.6400000000,1883.3330000000,0.3123932000
18.6600000000,1885.6670000000,0.3127193000
18.6800000000,1889.0000000000,0.3130436000
18.7000000000,1892.0000000000,0.3133678000
18.7200000000,1898.8330000000,0.3136921000
18.7400000000,1904.6670000000,0.3140163000
18.7600000000,1907.3330000000,0.3143806000
18.7800000000,1909.0000000000,0.3147049000
18.8000000000,1911.1670000000,0.3150291000
18.8200000000,1915.5000000000,0.3153553000
18.8400000000,1919.5000000000,0.3156796000
18.8600000000,1922.8330000000,0.3160439000
18.8800000000,1926.0000000000,0.3163681000
18.9000000000,1932.3330000000,0.3166924000
18.9200000000,1935.6670000000,0.3170586000
18.9400000000,1937.1670000000,0.3173828000
18.9600000000,1938.0000000000,0.3177071000
18.9800000000,1939.1670000000,0.3180714000
19.0000000000,1944.0000000000,0.3183956000
19.0200000000,1948.1670000000,0.3187199000
19.0400000000,1951.5000000000,0.3190441000
19.0600000000,1955.0000000000,0.3193703000
19.0800000000,1959.5000000000,0.3196945000
19.1000000000,1964.8330000000,0.3200588000
19.1200000000,1968.0000000000,0.3203831000
19.1400000000,1969.3330000000,0.3207073000
19.1600000000,1970.6670000000,0.3210316000
19.1800000000,1973.8330000000,0.3213978000
19.2000000000,1978.5000000000,0.3217220000
19.2200000000,1982.6670000000,0.3220463000
19.2400000000,1985.6670000000,0.3224106000
19.2600000000,1988.3330000000,0.3227348000
19.2800000000,1992.1670000000,0.3230591000
19.3000000000,1996.0000000000,0.3234253000
19.3200000000,1998.6670000000,0.3237495000
19.3400000000,2002.0000000000,0.3240738000
19.3600000000,2006.6670000000,0.3243980000
19.3800000000,2012.5000000000,0.3247223000
19.4000000000,2018.3330000000,0.3250465000
19.4200000000,2020.8330000000,0.3254128000
19.4400000000,2021.6670000000,0.3257370000
19.4600000000,2022.6670000000,0.3260612000
19.4800000000,2025.6670000000,0.3263855000
19.5000000000,2030.0000000000,0.3267498000
19.5200000000,2033.0000000000,0.3270741000
19.5400000000,2036.0000000000,0.3274002000
19.5600000000,2039.5000000000,0.3277245000
19.5800000000,2043.8330000000,0.3280888000
19.6000000000,2047.0000000000,0.3284130000
19.6200000000,2048.6670000000,0.3287373000
19.6400000000,2052.0000000000,0.3291035000
19.6600000000,2056.6670000000,0.3294277000
19.6800000000,2061.1670000000,0.3297520000
19.7000000000,2063.1670000000,0.3300762000
19.7200000000,2065.8330000000,0.3304005000
19.7400000000,2070.5000000000,0.3307247000
19.7600000000,2075.6670000000,0.3310890000
19.7800000000,2079.8330000000,0.3314152000
19.8000000000,2082.1670000000,0.3317394000
19.8200000000,2084.8330000000,0.3320637000
19.8400000000,2087.6670000000,0.3323879000
19.8600000000,2091.3330000000,0.3327522000
19.8800000000,2095.5000000000,0.3330765000
19.9000000000,2098.3330000000,0.3334007000
19.9200000000,2099.8330000000,0.3337669000
19.9400000000,2102.1670000000,0.3340912000
19.9600000000,2105.5000000000,0.3344154000
19.9800000000,2109.5000000000,0.3347397000
20.0000000000,2114.1670000000,0.3351040000
20.0200000000,2118.0000000000,0.3354301000
20.0400000000,2121.3330000000,0.3357544000
20.0600000000,2125.0000000000,0.3360786000
20.0800000000,2129.3330000000,0.3364029000
20.1000000000,2132.3330000000,0.3367271000
20.1200000000,2135.5000000000,0.3370514000
20.1400000000,2140.0000000000,0.3374157000
20.1600000000,2144.3330000000,0.3377399000
20.1800000000,2147.6670000000,0.3380661000
20.2000000000,2150.6670000000,0.3383904000
20.2200000000,2154.6670000000,0.3387547000
20.2400000000,2156.6670000000,0.3390789000
20.2600000000,2158.5000000000,0.3394032000
20.2800000000,2161.1670000000,0.3397274000
20.3000000000,2165.6670000000,0.3400936000
20.3200000000,2170.1670000000,0.3404179000
20.3400000000,2175.5000000000,0.3407421000
20.3600000000,2179.8330000000,0.3410664000
20.3800000000,2182.1670000000,0.3413906000
20.4000000000,2183.0000000000,0.3417149000
20.4200000000,2186.1670000000,0.3420391000
20.4400000000,2189.8330000000,0.3424053000
20.4600000000,2193.6670000000,0.3427296000
20.4800000000,2197.1670000000,0.3430538000
20.5000000000,2200.3330000000,0.3433781000
20.5200000000,2205.1670000000,0.3437023000
20.5400000000,2209.3330000000,0.3440666000
20.5600000000,2211.8330000000,0.3443928000
20.5800000000,2213.3330000000,0.3447170000
20.6000000000,2215.1670000000,0.3450813000
20.6200000000,2219.0000000000,0.3454056000
20.6400000000,2224.3330000000,0.3457298000
20.6600000000,2228.5000000000,0.3460541000
20.6800000000,2231.6670000000,0.3463783000
20.7000000000,2235.5000000000,0.3467026000
20.7200000000,2240.8330000000,0.3470688000
20.7400000000,2244.8330000000,0.3473930000
20.7600000000,2248.0000000000,0.3477173000
20.7800000000,2250.1670000000,0.3480415000
20.8000000000,2251.5000000000,0.3483658000
20.8200000000,2255.3330000000,0.3486900000
20.8400000000,2259.5000000000,0.3490562000
20.8600000000,2262.6670000000,0.3493805000
20.8800000000,2264.6670000000,0.3497047000
20.9000000000,2266.5000000000,0.3500290000
20.9200000000,2270.6670000000,0.3503933000
20.9400000000,2274.3330000000,0.3507175000
20.9600000000,2277.1670000000,0.3510437000
20.9800000000,2279.8330000000,0.3513680000
21.0000000000,2283.5000000000,0.3516922000
21.0200000000,2289.3330000000,0.3520164000
21.0400000000,2293.8330000000,0.3523808000
21.0600000000,2296.5000000000,0.3527050000
21.0800000000,2299.0000000000,0.3530293000
21.1000000000,2303.1670000000,0.3533554000
21.1200000000,2307.3330000000,0.3536797000
21.1400000000,2310.0000000000,0.3540440000
21.1600000000,2312.8330000000,0.3543682000
21.1800000000,2316.3330000000,0.3546925000
21.2000000000,2320.5000000000,0.3550167000
21.2200000000,2324.0000000000,0.3553829000
21.2400000000,2327.0000000000,0.3557072000
21.2600000000,2329.3330000000,0.3560314000
21.2800000000,2332.0000000000,0.3563957000
21.3000000000,2336.0000000000,0.3567200000
21.3200000000,2341.6670000000,0.3570442000
21.3400000000,2345.6670000000,0.3573685000
21.3600000000,2348.5000000000,0.3576946000
21.3800000000,2351.1670000000,0.3580589000
21.4000000000,2355.0000000000,0.3583832000
21.4200000000,2359.5000000000,0.3587074000
21.4400000000,2363.1670000000,0.3590317000
21.4600000000,2365.8330000000,0.3593559000
21.4800000000,2368.1670000000,0.3597221000
21.5000000000,2372.1670000000,0.3600464000
21.5200000000,2378.8330000000,0.3603706000
21.5400000000,2382.5000000000,0.3607349000
21.5600000000,2384.6670000000,0.3610592000
21.5800000000,2386.8330000000,0.3613834000
21.6000000000,2390.3330000000,0.3617496000
21.6200000000,2394.1670000000,0.3620739000
21.6400000000,2397.6670000000,0.3623981000
21.6600000000,2400.6670000000,0.3627625000
21.6800000000,2404.1670000000,0.3630886000
21.7000000000,2408.6670000000,0.3634129000
21.7200000000,2412.5000000000,0.3637371000
21.7400000000,2415.0000000000,0.3640614000
21.7600000000,2416.1670000000,0.3643856000
21.7800000000,2417.0000000000,0.3647499000
21.8000000000,2418.6670000000,0.3650742000
21.8200000000,2422.5000000000,0.3653984000
21.8400000000,2428.0000000000,0.3657246000
21.8600000000,2433.3330000000,0.3660889000
21.8800000000,2438.3330000000,0.3664131000
21.9000000000,2442.5000000000,0.3667374000
21.9200000000,2445.1670000000,0.3671017000
21.9400000000,2447.5000000000,0.3674278000
21.9600000000,2450.6670000000,0.3677521000
21.9800000000,2455.0000000000,0.3680763000
22.0000000000,2460.3330000000,0.3684406000
22.0200000000,2465.6670000000,0.3687649000
22.0400000000,2468.5000000000,0.3690891000
22.0600000000,2473.1670000000,0.3694134000
22.0800000000,2477.5000000000,0.3697395000
22.1000000000,2479.3330000000,0.3700638000
22.1200000000,2480.3330000000,0.3703880000
22.1400000000,2483.0000000000,0.3707523000
22.1600000000,2488.0000000000,0.3710766000
22.1800000000,2492.8330000000,0.3714008000
22.2000000000,2495.3330000000,0.3717251000
22.2200000000,2496.0000000000,0.3720913000
22.2400000000,2498.0000000000,0.3724155000
22.2600000000,2501.1670000000,0.3727398000
22.2800000000,2504.8330000000,0.3731041000
22.3000000000,2508.5000000000,0.3734283000
22.3200000000,2510.8330000000,0.3737545000
22.3400000000,2514.3330000000,0.3740788000
22.3600000000,2519.1670000000,0.3744030000
22.3800000000,2524.1670000000,0.3747272000
22.4000000000,2528.6670000000,0.3750916000
22.4200000000,2531.8330000000,0.3754158000
22.4400000000,2533.6670000000,0.3757401000
22.4600000000,2536.8330000000,0.3760643000
22.4800000000,2540.8330000000,0.3763905000
22.5000000000,2544.6670000000,0.3767548000
22.5200000000,2547.1670000000,0.3770790000
22.5400000000,2550.6670000000,0.3774033000
22.5600000000,2554.8330000000,0.3777275000
22.5800000000,2558.3330000000,0.3780937000
22.6000000000,2560.3330000000,0.3784180000
22.6200000000,2562.1670000000,0.3787422000
22.6400000000,2565.8330000000,0.3790665000
22.6600000000,2569.8330000000,0.3794308000
22.6800000000,2573.6670000000,0.3797550000
22.7000000000,2576.8330000000,0.3800793000
22.7200000000,2579.6670000000,0.3804054000
22.7400000000,2584.6670000000,0.3807297000
22.7600000000,2589.0000000000,0.3810539000
22.7800000000,2592.1670000000,0.3813782000
22.8000000000,2594.3330000000,0.3817425000
22.8200000000,2597.0000000000,0.3820667000
22.8400000000,2603.0000000000,0.3823910000
22.8600000000,2607.6670000000,0.3827171000
22.8800000000,2609.8330000000,0.3830814000
22.9000000000,2610.8330000000,0.3834057000
22.9200000000,2612.8330000000,0.3837299000
22.9400000000,2617.6670000000,0.3840542000
22.9600000000,2621.1670000000,0.3843784000
22.9800000000,2623.1670000000,0.3847446000
23.0000000000,2625.0000000000,0.3850689000
23.0200000000,2628.3330000000,0.3853931000
23.0400000000,2633.3330000000,0.3857174000
23.0600000000,2638.1670000000,0.3860416000
23.0800000000,2641.6670000000,0.3863659000
23.1000000000,2643.8330000000,0.3866901000
23.1200000000,2645.6670000000,0.3870564000
23.1400000000,2648.0000000000,0.3873806000
23.1600000000,2650.6670000000,0.3877048000
23.1800000000,2654.0000000000,0.3880291000
23.2000000000,2658.1670000000,0.3883934000
23.2200000000,2663.0000000000,0.3887177000
23.2400000000,2668.0000000000,0.3890419000
23.2600000000,2671.3330000000,0.3893681000
23.2800000000,2673.6670000000,0.3897324000
23.3000000000,2675.8330000000,0.3900566000
23.3200000000,2678.8330000000,0.3903809000
23.3400000000,2683.8330000000,0.3907051000
23.3600000000,2689.1670000000,0.3910294000
23.3800000000,2693.6670000000,0.3913536000
23.4000000000,2697.1670000000,0.3917198000
23.4200000000,2699.8330000000,0.3920441000
23.4400000000,2703.6670000000,0.3923683000
23.4600000000,2705.6670000000,0.3926926000
23.4800000000,2706.6670000000,0.3930168000
23.5000000000,2708.6670000000,0.3933830000
23.5200000000,2713.1670000000,0.3937073000
23.5400000000,2715.1670000000,0.3940315000
23.5600000000,2716.6670000000,0.3943958000
23.5800000000,2720.0000000000,0.3947201000
23.6000000000,2724.5000000000,0.3950443000
23.6200000000,2729.0000000000,0.3953686000
23.6400000000,2733.0000000000,0.3957348000
23.6600000000,2735.8330000000,0.3960590000
23.6800000000,2738.6670000000,0.3963833000
23.7000000000,2742.5000000000,0.3967075000
23.7200000000,2747.6670000000,0.3970318000
23.7400000000,2752.3330000000,0.3973560000
23.7600000000,2754.5000000000,0.3977222000
23.7800000000,2756.8330000000,0.3980465000
23.8000000000,2760.0000000000,0.3983707000
23.8200000000,2763.8330000000,0.3986950000
23.8400000000,2766.5000000000,0.3990593000
23.8600000000,2768.5000000000,0.3993835000
23.8800000000,2770.8330000000,0.3997097000
23.9000000000,2774.1670000000,0.4000740000
23.9200000000,2777.8330000000,0.4003983000
23.9400000000,2781.0000000000,0.4007225000
23.9600000000,2784.0000000000,0.4010868000
23.9800000000,2786.5000000000,0.4014130000
24.0000000000,2790.3330000000,0.4017372000
24.0200000000,2796.0000000000,0.4020615000
24.0400000000,2799.8330000000,0.4023857000
24.0600000000,2800.8330000000,0.4027100000
24.0800000000,2802.8330000000,0.4030743000
24.1000000000,2806.5000000000,0.4033985000
24.1200000000,2811.6670000000,0.4037228000
24.1400000000,2817.5000000000,0.4040489000
24.1600000000,2822.6670000000,0.4044132000
24.1800000000,2825.6670000000,0.4047375000
24.2000000000,2827.5000000000,0.4050617000
24.2200000000,2828.8330000000,0.4054279000
24.2400000000,2829.6670000000,0.4057522000
24.2600000000,2831.8330000000,0.4060764000
24.2800000000,2835.0000000000,0.4064007000
24.3000000000,2839.1670000000,0.4067650000
24.3200000000,2844.0000000000,0.4070892000
24.3400000000,2847.5000000000,0.4074135000
24.3600000000,2848.6670000000,0.4077377000
24.3800000000,2850.3330000000,0.4080639000
24.4000000000,2853.1670000000,0.4083881000
24.4200000000,2856.8330000000,0.4087524000
24.4400000000,2859.5000000000,0.4090767000
24.4600000000,2862.3330000000,0.4094009000
24.4800000000,2867.0000000000,0.4097252000
24.5000000000,2871.3330000000,0.4100914000
24.5200000000,2874.5000000000,0.4104156000
24.5400000000,2876.5000000000,0.4107399000
24.5600000000,2879.1670000000,0.4110641000
24.5800000000,2882.5000000000,0.4114285000
24.6000000000,2886.3330000000,0.4117527000
24.6200000000,2889.3330000000,0.4120789000
24.6400000000,2891.6670000000,0.4124031000
24.6600000000,2895.6670000000,0.4127274000
24.6800000000,2902.0000000000,0.4130917000
24.7000000000,2907.3330000000,0.4134159000
24.7200000000,2910.5000000000,0.4137402000
24.7400000000,2912.0000000000,0.4140644000
24.7600000000,2915.0000000000,0.4143906000
24.7800000000,2918.0000000000,0.4147148000
24.8000000000,2919.6670000000,0.4150791000
24.8200000000,2921.1670000000,0.4154034000
24.8400000000,2923.6670000000,0.4157276000
24.8600000000,2927.0000000000,0.4160938000
24.8800000000,2929.8330000000,0.4164181000
24.9000000000,2932.8330000000,0.4167423000
24.9200000000,2935.8330000000,0.4170666000
24.9400000000,2937.8330000000,0.4174309000
24.9600000000,2939.8330000000,0.4177551000
24.9800000000,2943.5000000000,0.4180794000
25.0000000000,2947.1670000000,0.4184036000
25.0200000000,2950.1670000000,0.4187298000
25.0400000000,2953.0000000000,0.4190540000
25.0600000000,2957.0000000000,0.4193783000
25.0800000000,2961.3330000000,0.4197426000
25.1000000000,2964.8330000000,0.4200668000
25.1200000000,2967.3330000000,0.4203911000
25.1400000000,2969.8330000000,0.4207153000
25.1600000000,2975.1670000000,0.4210815000
25.1800000000,2979.5000000000,0.4214058000
25.2000000000,2981.6670000000,0.4217300000
25.2200000000,2982.6670000000,0.4220543000
25.2400000000,2984.3330000000,0.4224186000
25.2600000000,2987.8330000000,0.4227448000
25.2800000000,2990.0000000000,0.4230690000
25.3000000000,2992.3330000000,0.4233932000
25.3200000000,2995.6670000000,0.4237175000
25.3400000000,2999.8330000000,0.4240417000
25.3600000000,3004.1670000000,0.4244061000
25.3800000000,3008.1670000000,0.4247303000
25.4000000000,3011.0000000000,0.4250565000
25.4200000000,3013.0000000000,0.4253807000
25.4400000000,3015.6670000000,0.4257050000
25.4600000000,3018.6670000000,0.4260292000
25.4800000000,3023.3330000000,0.4263535000
25.5000000000,3027.6670000000,0.4267178000
25.5200000000,3031.1670000000,0.4270420000
25.5400000000,3033.1670000000,0.4273682000
25.5600000000,3036.0000000000,0.4277325000
25.5800000000,3038.5000000000,0.4280567000
25.6000000000,3041.0000000000,0.4283810000
25.6200000000,3043.1670000000,0.4287052000
25.6400000000,3045.5000000000,0.4290714000
25.6600000000,3049.6670000000,0.4293957000
25.6800000000,3052.5000000000,0.4297199000
25.7000000000,3054.5000000000,0.4300442000
25.7200000000,3056.3330000000,0.4303684000
25.7400000000,3058.5000000000,0.4306927000
25.7600000000,3060.1670000000,0.4310169000
25.7800000000,3062.6670000000,0.4313812000
25.8000000000,3066.0000000000,0.4317074000
25.8200000000,3070.1670000000,0.4320316000
25.8400000000,3075.3330000000,0.4323559000
25.8600000000,3079.8330000000,0.4327202000
25.8800000000,3081.1670000000,0.4330444000
25.9000000000,3083.6670000000,0.4333687000
25.9200000000,3087.3330000000,0.4337349000
25.9400000000,3091.3330000000,0.4340591000
25.9600000000,3093.3330000000,0.4343834000
25.9800000000,3095.8330000000,0.4347076000
26.0000000000,3099.5000000000,0.4350319000
26.0200000000,3104.0000000000,0.4353962000
26.0400000000,3108.8330000000,0.4357224000
26.0600000000,3110.3330000000,0.4360466000
26.0800000000,3110.6670000000,0.4363708000
26.1000000000,3112.1670000000,0.4366951000
26.1200000000,3115.0000000000,0.4370193000
26.1400000000,3118.5000000000,0.4373837000
26.1600000000,3121.0000000000,0.4377079000
26.1800000000,3123.1670000000,0.4380341000
26.2000000000,3125.5000000000,0.4383984000
26.2200000000,3127.8330000000,0.4387226000
26.2400000000,3130.0000000000,0.4390469000
26.2600000000,3132.5000000000,0.4394112000
26.2800000000,3134.8330000000,0.4397373000
26.3000000000,3138.3330000000,0.4400616000
26.3200000000,3142.3330000000,0.4403858000
26.3400000000,3146.0000000000,0.4407101000
26.3600000000,3148.3330000000,0.4410744000
26.3800000000,3151.3330000000,0.4413986000
26.4000000000,3155.3330000000,0.4417229000
26.4200000000,3158.6670000000,0.4420490000
26.4400000000,3160.5000000000,0.4423733000
26.4600000000,3161.8330000000,0.4427376000
26.4800000000,3165.3330000000,0.4430618000
26.5000000000,3168.3330000000,0.4433861000
26.5200000000,3171.0000000000,0.4437523000
26.5400000000,3173.3330000000,0.4440765000
26.5600000000,3175.1670000000,0.4444008000
26.5800000000,3177.3330000000,0.4447651000
26.6000000000,3180.5000000000,0.4450893000
26.6200000000,3183.6670000000,0.4454136000
26.6400000000,3186.5000000000,0.4457378000
26.6600000000,3188.1670000000,0.4461040000
26.6800000000,3191.3330000000,0.4464283000
26.7000000000,3199.1670000000,0.4467525000
26.7200000000,3203.8330000000,0.4470768000
26.7400000000,3204.1670000000,0.4474010000
26.7600000000,3205.8330000000,0.4477253000
26.7800000000,3208.6670000000,0.4480495000
26.8000000000,3212.1670000000,0.4484158000
26.8200000000,3215.0000000000,0.4487400000
26.8400000000,3217.0000000000,0.4490643000
26.8600000000,3219.0000000000,0.4494286000
26.8800000000,3223.8330000000,0.4497528000
26.9000000000,3226.1670000000,0.4500771000
26.9200000000,3227.5000000000,0.4504032000
26.9400000000,3228.1670000000,0.4507675000
26.9600000000,3228.3330000000,0.4510918000
26.9800000000,3231.5000000000,0.4514160000
27.0000000000,3235.3330000000,0.4517403000
27.0200000000,3238.5000000000,0.4520645000
27.0400000000,3240.5000000000,0.4523888000
27.0600000000,3242.5000000000,0.4527149000
27.0800000000,3247.3330000000,0.4530792000
27.1000000000,3250.0000000000,0.4534035000
27.1200000000,3251.0000000000,0.4537277000
27.1400000000,3251.6670000000,0.4540520000
27.1600000000,3254.1670000000,0.4544182000
27.1800000000,3259.6670000000,0.4547424000
27.2000000000,3263.0000000000,0.4550667000
27.2200000000,3264.5000000000,0.4554310000
27.2400000000,3265.8330000000,0.4557552000
27.2600000000,3269.0000000000,0.4560795000
27.2800000000,3271.6670000000,0.4564037000
27.3000000000,3274.0000000000,0.4567299000
27.3200000000,3276.6670000000,0.4570942000
27.3400000000,3281.1670000000,0.4574184000
27.3600000000,3287.6670000000,0.4577427000
27.3800000000,3289.1670000000,0.4580669000
27.4000000000,3290.1670000000,0.4583912000
27.4200000000,3291.1670000000,0.4587154000
27.4400000000,3293.1670000000,0.4590397000
27.4600000000,3296.5000000000,0.4594059000
27.4800000000,3298.5000000000,0.4597301000
27.5000000000,3299.1670000000,0.4600544000
27.5200000000,3300.1670000000,0.4604187000
27.5400000000,3302.0000000000,0.4607449000
27.5600000000,3304.6670000000,0.4610691000
27.5800000000,3308.3330000000,0.4613934000
27.6000000000,3310.8330000000,0.4617577000
27.6200000000,3312.6670000000,0.4620819000
27.6400000000,3314.8330000000,0.4624062000
27.6600000000,3318.3330000000,0.4627304000
27.6800000000,3321.5000000000,0.4630547000
27.7000000000,3323.0000000000,0.4633808000
27.7200000000,3325.5000000000,0.4637051000
27.7400000000,3328.6670000000,0.4640694000
27.7600000000,3332.0000000000,0.4643936000
27.7800000000,3334.3330000000,0.4647179000
27.8000000000,3336.3330000000,0.4650421000
27.8200000000,3338.3330000000,0.4653664000
27.8400000000,3340.0000000000,0.4657326000
27.8600000000,3341.0000000000,0.4660568000
27.8800000000,3342.0000000000,0.4663811000
27.9000000000,3343.5000000000,0.4667454000
27.9200000000,3345.8330000000,0.4670696000
27.9400000000,3349.0000000000,0.4673958000
27.9600000000,3352.6670000000,0.4677200000
27.9800000000,3355.0000000000,0.4680443000
28.0000000000,3357.8330000000,0.4683685000
28.0200000000,3359.6670000000,0.4687328000
28.0400000000,3361.3330000000,0.4690571000
28.0600000000,3363.8330000000,0.4693813000
28.0800000000,3367.1670000000,0.4697075000
28.1000000000,3370.1670000000,0.4700317000
28.1200000000,3374.1670000000,0.4703560000
28.1400000000,3378.6670000000,0.4707203000
28.1600000000,3382.3330000000,0.4710445000
28.1800000000,3382.5000000000,0.4713688000
28.2000000000,3382.8330000000,0.4716930000
28.2200000000,3384.3330000000,0.4720592000
28.2400000000,3386.3330000000,0.4723835000
28.2600000000,3388.1670000000,0.4727077000
28.2800000000,3389.6670000000,0.4730721000
28.3000000000,3391.3330000000,0.4733963000
28.3200000000,3394.8330000000,0.4737206000
28.3400000000,3398.5000000000,0.4740467000
28.3600000000,3400.8330000000,0.4743710000
28.3800000000,3401.1670000000,0.4746952000
28.4000000000,3402.8330000000,0.4750195000
28.4200000000,3404.8330000000,0.4753838000
28.4400000000,3407.3330000000,0.4757080000
28.4600000000,3409.6670000000,0.4760323000
28.4800000000,3411.8330000000,0.4763584000
28.5000000000,3414.3330000000,0.4767227000
28.5200000000,3417.6670000000,0.4770470000
28.5400000000,3419.6670000000,0.4773712000
28.5600000000,3420.3330000000,0.4777355000
28.5800000000,3421.1670000000,0.4780617000
28.6000000000,3424.0000000000,0.4783859000
28.6200000000,3427.5000000000,0.4787502000
28.6400000000,3429.8330000000,0.4790745000
28.6600000000,3432.1670000000,0.4793987000
28.6800000000,3437.0000000000,0.4797230000
28.7000000000,3442.0000000000,0.4800472000
28.7200000000,3443.1670000000,0.4803734000
28.7400000000,3442.5000000000,0.4807377000
28.7600000000,3441.6670000000,0.4810619000
28.7800000000,3441.8330000000,0.4813862000
28.8000000000,3445.5000000000,0.4817104000
28.8200000000,3448.6670000000,0.4820766000
28.8400000000,3450.6670000000,0.4824009000
28.8600000000,3451.8330000000,0.4827251000
28.8800000000,3453.8330000000,0.4830894000
28.9000000000,3455.6670000000,0.4834137000
28.9200000000,3456.3330000000,0.4837379000
28.9400000000,3457.1670000000,0.4840622000
28.9600000000,3458.8330000000,0.4844284000
28.9800000000,3461.6670000000,0.4847527000
29.0000000000,3464.0000000000,0.4850769000
29.0200000000,3467.0000000000,0.4854012000
29.0400000000,3469.8330000000,0.4857254000
29.0600000000,3472.6670000000,0.4860497000
29.0800000000,3475.3330000000,0.4864159000
29.1000000000,3476.6670000000,0.4867401000
29.1200000000,3478.1670000000,0.4870644000
29.1400000000,3479.8330000000,0.4873886000
29.1600000000,3481.5000000000,0.4877529000
29.1800000000,3482.8330000000,0.4880772000
29.2000000000,3484.3330000000,0.4884033000
29.2200000000,3486.1670000000,0.4887676000
29.2400000000,3487.8330000000,0.4890919000
29.2600000000,3489.3330000000,0.4894161000
29.2800000000,3491.0000000000,0.4897404000
29.3000000000,3493.6670000000,0.4900646000
29.3200000000,3496.3330000000,0.4904308000
29.3400000000,3500.0000000000,0.4907551000
29.3600000000,3503.5000000000,0.4910793000
29.3800000000,3505.5000000000,0.4914036000
29.4000000000,3505.6670000000,0.4917278000
29.4200000000,3506.1670000000,0.4920521000
29.4400000000,3507.3330000000,0.4923763000
29.4600000000,3510.0000000000,0.4927425000
29.4800000000,3514.5000000000,0.4930668000
29.5000000000,3519.5000000000,0.4933910000
29.5200000000,3521.1670000000,0.4937553000
29.5400000000,3521.8330000000,0.4940796000
29.5600000000,3522.6670000000,0.4944038000
29.5800000000,3524.0000000000,0.4947281000
29.6000000000,3524.0000000000,0.4950943000
29.6200000000,3524.0000000000,0.4954185000
29.6400000000,3524.5000000000,0.4957428000
29.6600000000,3526.0000000000,0.4960670000
29.6800000000,3528.5000000000,0.4963913000
29.7000000000,3530.8330000000,0.4967155000
29.7200000000,3531.1670000000,0.4970818000
29.7400000000,3531.5000000000,0.4974060000
29.7600000000,3532.1670000000,0.4977303000
29.7800000000,3533.0000000000,0.4980545000
29.8000000000,3536.5000000000,0.4984188000
29.8200000000,3539.5000000000,0.4987431000
29.8400000000,3542.3330000000,0.4990692000
29.8600000000,3544.5000000000,0.4993935000
29.8800000000,3545.0000000000,0.4997578000
29.9000000000,3545.5000000000,0.5000820000
29.9200000000,3547.5000000000,0.5004063000
29.9400000000,3550.6670000000,0.5007305000
29.9600000000,3554.3330000000,0.5010967000
29.9800000000,3557.6670000000,0.5014210000
30.0000000000,3559.6670000000,0.5017452000
30.0200000000,3560.5000000000,0.5020695000
30.0400000000,3562.8330000000,0.5023937000
30.0600000000,3564.8330000000,0.5027180000
30.0800000000,3565.0000000000,0.5030422000
30.1000000000,3566.1670000000,0.5034084000
30.1200000000,3567.3330000000,0.5037327000
30.1400000000,3571.0000000000,0.5040569000
30.1600000000,3573.6670000000,0.5043812000
30.1800000000,3573.0000000000,0.5047455000
30.2000000000,3570.5000000000,0.5050697000
30.2200000000,3570.3330000000,0.5053940000
30.2400000000,3571.3330000000,0.5057201000
30.2600000000,3573.0000000000,0.5060844000
30.2800000000,3574.5000000000,0.5064087000
30.3000000000,3576.0000000000,0.5067329000
30.3200000000,3577.3330000000,0.5070572000
30.3400000000,3580.1670000000,0.5073814000
30.3600000000,3583.6670000000,0.5077057000
30.3800000000,3586.6670000000,0.5080318000
30.4000000000,3588.3330000000,0.5083561000
30.4200000000,3590.3330000000,0.5087204000
30.4400000000,3591.5000000000,0.5090446000
30.4600000000,3592.0000000000,0.5093689000
30.4800000000,3592.3330000000,0.5096931000
30.5000000000,3593.5000000000,0.5100594000
30.5200000000,3595.3330000000,0.5103836000
30.5400000000,3596.5000000000,0.5107079000
30.5600000000,3597.3330000000,0.5110321000
30.5800000000,3597.8330000000,0.5113964000
30.6000000000,3598.1670000000,0.5117207000
30.6200000000,3599.6670000000,0.5120468000
30.6400000000,3601.0000000000,0.5123711000
30.6600000000,3602.1670000000,0.5126953000
30.6800000000,3603.5000000000,0.5130196000
30.7000000000,3606.0000000000,0.5133839000
30.7200000000,3608.0000000000,0.5137081000
30.7400000000,3608.8330000000,0.5140324000
30.7600000000,3609.8330000000,0.5143566000
30.7800000000,3612.3330000000,0.5146828000
30.8000000000,3617.1670000000,0.5150471000
30.8200000000,3620.3330000000,0.5153713000
30.8400000000,3621.0000000000,0.5156956000
30.8600000000,3621.0000000000,0.5160599000
30.8800000000,3621.3330000000,0.5163860000
30.9000000000,3622.1670000000,0.5167103000
30.9200000000,3622.5000000000,0.5170746000
30.9400000000,3622.6670000000,0.5173988000
30.9600000000,3624.0000000000,0.5177231000
30.9800000000,3626.0000000000,0.5180473000
31.0000000000,3627.3330000000,0.5183716000
31.0200000000,3629.5000000000,0.5186977000
31.0400000000,3630.8330000000,0.5190620000
31.0600000000,3631.6670000000,0.5193863000
31.0800000000,3632.1670000000,0.5197105000
31.1000000000,3633.0000000000,0.5200348000
31.1200000000,3634.1670000000,0.5203590000
31.1400000000,3634.5000000000,0.5207253000
31.1600000000,3635.8330000000,0.5210495000
31.1800000000,3638.5000000000,0.5213737000
31.2000000000,3642.0000000000,0.5217381000
31.2200000000,3643.0000000000,0.5220623000
31.2400000000,3643.1670000000,0.5223866000
31.2600000000,3644.1670000000,0.5227528000
31.2800000000,3645.8330000000,0.5230770000
31.3000000000,3647.6670000000,0.5234013000
31.3200000000,3649.1670000000,0.5237255000
31.3400000000,3650.0000000000,0.5240498000
31.3600000000,3651.8330000000,0.5244160000
31.3800000000,3654.3330000000,0.5247402000
31.4000000000,3657.0000000000,0.5250645000
31.4200000000,3657.0000000000,0.5253887000
31.4400000000,3657.0000000000,0.5257130000
31.4600000000,3657.1670000000,0.5260773000
31.4800000000,3658.5000000000,0.5264015000
31.5000000000,3661.5000000000,0.5267277000
31.5200000000,3661.5000000000,0.5270920000
31.5400000000,3661.5000000000,0.5274162000
31.5600000000,3661.6670000000,0.5277405000
31.5800000000,3661.8330000000,0.5281048000
31.6000000000,3662.5000000000,0.5284309000
31.6200000000,3663.3330000000,0.5287552000
31.6400000000,3665.5000000000,0.5290794000
31.6600000000,3668.1670000000,0.5294037000
31.6800000000,3670.3330000000,0.5297279000
31.7000000000,3671.6670000000,0.5300922000
31.7200000000,3672.3330000000,0.5304165000
31.7400000000,3672.6670000000,0.5307426000
31.7600000000,3674.5000000000,0.5310669000
31.7800000000,3676.1670000000,0.5313911000
31.8000000000,3676.3330000000,0.5317554000
31.8200000000,3677.1670000000,0.5320797000
31.8400000000,3678.3330000000,0.5324039000
31.8600000000,3678.6670000000,0.5327702000
31.8800000000,3678.6670000000,0.5330944000
31.9000000000,3678.8330000000,0.5334187000
31.9200000000,3679.6670000000,0.5337429000
31.9400000000,3681.6670000000,0.5341072000
31.9600000000,3683.6670000000,0.5344315000
31.9800000000,3685.1670000000,0.5347557000
32.0000000000,3686.1670000000,0.5350819000
32.0200000000,3687.1670000000,0.5354061000
32.0400000000,3689.0000000000,0.5357304000
32.0600000000,3690.0000000000,0.5360546000
32.0800000000,3690.8330000000,0.5364189000
32.1000000000,3692.5000000000,0.5367432000
32.1200000000,3697.5000000000,0.5370674000
32.1400000000,3700.1670000000,0.5373936000
32.1600000000,3701.0000000000,0.5377579000
32.1800000000,3700.5000000000,0.5380821000
32.2000000000,3699.3330000000,0.5384064000
32.2200000000,3698.5000000000,0.5387306000
32.2400000000,3698.5000000000,0.5390968000
32.2600000000,3699.5000000000,0.5394211000
32.2800000000,3700.8330000000,0.5397453000
32.3000000000,3701.5000000000,0.5400696000
32.3200000000,3702.8330000000,0.5403938000
32.3400000000,3706.6670000000,0.5407181000
32.3600000000,3708.0000000000,0.5410824000
32.3800000000,3707.5000000000,0.5414085000
32.4000000000,3706.8330000000,0.5417328000
32.4200000000,3706.8330000000,0.5420570000
32.4400000000,3709.5000000000,0.5423813000
32.4600000000,3710.8330000000,0.5427456000
32.4800000000,3711.5000000000,0.5430698000
32.5000000000,3712.3330000000,0.5433941000
32.5200000000,3712.3330000000,0.5437183000
32.5400000000,3712.6670000000,0.5440845000
32.5600000000,3713.0000000000,0.5444088000
32.5800000000,3714.0000000000,0.5447330000
32.6000000000,3716.1670000000,0.5450573000
32.6200000000,3719.0000000000,0.5453815000
32.6400000000,3720.5000000000,0.5457478000
32.6600000000,3721.5000000000,0.5460720000
32.6800000000,3723.0000000000,0.5463963000
32.7000000000,3724.3330000000,0.5467205000
32.7200000000,3724.3330000000,0.5470448000
32.7400000000,3724.5000000000,0.5473690000
32.7600000000,3724.5000000000,0.5476933000
32.7800000000,3725.1670000000,0.5480175000
32.8000000000,3727.5000000000,0.5483837000
32.8200000000,3732.5000000000,0.5487080000
32.8400000000,3732.6670000000,0.5490322000
32.8600000000,3731.1670000000,0.5493965000
32.8800000000,3730.1670000000,0.5497208000
32.9000000000,3730.5000000000,0.5500450000
32.9200000000,3731.5000000000,0.5503712000
32.9400000000,3731.5000000000,0.5506954000
32.9600000000,3732.0000000000,0.5510197000
32.9800000000,3732.8330000000,0.5513840000
33.0000000000,3734.3330000000,0.5517082000
33.0200000000,3736.1670000000,0.5520325000
33.0400000000,3738.0000000000,0.5523567000
33.0600000000,3739.5000000000,0.5526810000
33.0800000000,3741.0000000000,0.5530071000
33.1000000000,3742.3330000000,0.5533714000
33.1200000000,3742.5000000000,0.5536957000
33.1400000000,3743.0000000000,0.5540199000
33.1600000000,3743.1670000000,0.5543861000
33.1800000000,3744.5000000000,0.5547104000
33.2000000000,3746.5000000000,0.5550346000
33.2200000000,3746.5000000000,0.5553989000
33.2400000000,3744.6670000000,0.5557232000
33.2600000000,3744.3330000000,0.5560474000
33.2800000000,3746.0000000000,0.5563717000
33.3000000000,3748.3330000000,0.5567379000
33.3200000000,3748.8330000000,0.5570621000
33.3400000000,3750.0000000000,0.5573864000
33.3600000000,3750.6670000000,0.5577106000
33.3800000000,3753.0000000000,0.5580349000
33.4000000000,3755.5000000000,0.5583591000
33.4200000000,3755.5000000000,0.5587254000
33.4400000000,3756.3330000000,0.5590496000
33.4600000000,3757.3330000000,0.5593739000
33.4800000000,3759.5000000000,0.5597382000
33.5000000000,3761.6670000000,0.5600624000
33.5200000000,3761.6670000000,0.5603867000
33.5400000000,3759.8330000000,0.5607529000
33.5600000000,3759.5000000000,0.5610771000
33.5800000000,3760.0000000000,0.5614014000
33.6000000000,3760.6670000000,0.5617256000
33.6200000000,3760.8330000000,0.5620499000
33.6400000000,3761.1670000000,0.5624142000
33.6600000000,3763.6670000000,0.5627403000
33.6800000000,3765.0000000000,0.5630646000
33.7000000000,3764.5000000000,0.5633888000
33.7200000000,3763.1670000000,0.5637131000
33.7400000000,3763.1670000000,0.5640774000
33.7600000000,3763.6670000000,0.5644016000
33.7800000000,3765.6670000000,0.5647259000
33.8000000000,3767.8330000000,0.5650921000
33.8200000000,3768.5000000000,0.5654163000
33.8400000000,3769.0000000000,0.5657406000
33.8600000000,3769.3330000000,0.5660648000
33.8800000000,3769.5000000000,0.5664291000
33.9000000000,3769.6670000000,0.5667553000
33.9200000000,3770.0000000000,0.5670795000
33.9400000000,3773.6670000000,0.5674038000
33.9600000000,3776.5000000000,0.5677681000
33.9800000000,3777.6670000000,0.5680923000
34.0000000000,3777.6670000000,0.5684166000
34.0200000000,3777.6670000000,0.5687408000
34.0400000000,3777.6670000000,0.5690670000
34.0600000000,3778.0000000000,0.5693913000
34.0800000000,3778.3330000000,0.5697556000
34.1000000000,3778.8330000000,0.5700798000
34.1200000000,3779.1670000000,0.5704041000
34.1400000000,3780.3330000000,0.5707283000
34.1600000000,3780.5000000000,0.5710945000
34.1800000000,3780.8330000000,0.5714188000
34.2000000000,3781.1670000000,0.5717430000
34.2200000000,3781.1670000000,0.5721073000
34.2400000000,3781.6670000000,0.5724316000
34.2600000000,3782.5000000000,0.5727558000
34.2800000000,3784.0000000000,0.5730820000
34.3000000000,3785.6670000000,0.5734062000
34.3200000000,3786.6670000000,0.5737305000
34.3400000000,3787.1670000000,0.5740948000
34.3600000000,3787.8330000000,0.5744190000
34.3800000000,3788.1670000000,0.5747433000
34.4000000000,3788.6670000000,0.5750675000
34.4200000000,3789.6670000000,0.5753918000
34.4400000000,3791.0000000000,0.5757179000
34.4600000000,3791.0000000000,0.5760822000
34.4800000000,3791.0000000000,0.5764065000
34.5000000000,3790.8330000000,0.5767307000
34.5200000000,3791.0000000000,0.5770550000
34.5400000000,3791.5000000000,0.5774212000
34.5600000000,3791.5000000000,0.5777454000
34.5800000000,3791.6670000000,0.5780697000
34.6000000000,3792.0000000000,0.5783939000
34.6200000000,3792.8330000000,0.5787582000
34.6400000000,3793.5000000000,0.5790825000
34.6600000000,3794.0000000000,0.5794067000
34.6800000000,3795.0000000000,0.5797329000
34.7000000000,3796.3330000000,0.5800571000
34.7200000000,3798.3330000000,0.5803814000
34.7400000000,3801.0000000000,0.5807457000
34.7600000000,3801.0000000000,0.5810699000
34.7800000000,3801.1670000000,0.5813942000
34.8000000000,3802.5000000000,0.5817184000
34.8200000000,3805.0000000000,0.5820847000
34.8400000000,3806.3330000000,0.5824089000
34.8600000000,3806.3330000000,0.5827332000
34.8800000000,3805.1670000000,0.5830574000
34.9000000000,3804.3330000000,0.5834217000
34.9200000000,3804.3330000000,0.5837479000
34.9400000000,3804.3330000000,0.5840721000
34.9600000000,3804.1670000000,0.5843964000
34.9800000000,3804.1670000000,0.5847206000
35.0000000000,3805.8330000000,0.5850449000
35.0200000000,3808.3330000000,0.5854092000
35.0400000000,3808.3330000000,0.5857334000
35.0600000000,3808.0000000000,0.5860596000
35.0800000000,3807.8330000000,0.5863838000
35.1000000000,3809.3330000000,0.5867081000
35.1200000000,3811.5000000000,0.5870323000
35.1400000000,3811.5000000000,0.5873966000
35.1600000000,3811.0000000000,0.5877209000
35.1800000000,3810.8330000000,0.5880451000
35.2000000000,3811.0000000000,0.5883694000
35.2200000000,3811.0000000000,0.5887356000
35.2400000000,3811.0000000000,0.5890598000
35.2600000000,3811.0000000000,0.5893841000
35.2800000000,3811.8330000000,0.5897083000
35.3000000000,3814.8330000000,0.5900326000
35.3200000000,3818.0000000000,0.5903568000
35.3400000000,3818.3330000000,0.5907230000
35.3600000000,3819.0000000000,0.5910473000
35.3800000000,3819.3330000000,0.5913715000
35.4000000000,3819.3330000000,0.5916958000
35.4200000000,3818.6670000000,0.5920200000
35.4400000000,3817.0000000000,0.5923443000
35.4600000000,3817.0000000000,0.5927105000
35.4800000000,3820.3330000000,0.5930347000
35.5000000000,3822.1670000000,0.5933590000
35.5200000000,3821.0000000000,0.5937233000
35.5400000000,3817.6670000000,0.5940475000
35.5600000000,3817.6670000000,0.5943718000
35.5800000000,3819.8330000000,0.5946960000
35.6000000000,3821.0000000000,0.5950623000
35.6200000000,3821.0000000000,0.5953865000
35.6400000000,3821.3330000000,0.5957108000
35.6600000000,3821.8330000000,0.5960350000
35.6800000000,3823.0000000000,0.5963593000
35.7000000000,3823.8330000000,0.5967255000
35.7200000000,3824.1670000000,0.5970497000
35.7400000000,3824.3330000000,0.5973740000
35.7600000000,3825.0000000000,0.5976982000
35.7800000000,3825.1670000000,0.5980625000
35.8000000000,3825.8330000000,0.5983868000
35.8200000000,3826.5000000000,0.5987110000
35.8400000000,3826.3330000000,0.5990772000
35.8600000000,3825.5000000000,0.5994015000
35.8800000000,3825.3330000000,0.5997257000
35.9000000000,3825.3330000000,0.6000900000
35.9200000000,3825.6670000000,0.6004143000
35.9400000000,3827.1670000000,0.6007404000
35.9600000000,3830.1670000000,0.6010647000
35.9800000000,3830.6670000000,0.6013889000
36.0000000000,3830.3330000000,0.6017532000
36.0200000000,3830.1670000000,0.6020775000
36.0400000000,3830.1670000000,0.6024017000
36.0600000000,3830.3330000000,0.6027260000
36.0800000000,3831.0000000000,0.6030502000
36.1000000000,3833.8330000000,0.6033764000
36.1200000000,3836.1670000000,0.6037407000
36.1400000000,3836.0000000000,0.6040649000
36.1600000000,3835.1670000000,0.6043892000
36.1800000000,3833.0000000000,0.6047535000
36.2000000000,3832.1670000000,0.6050797000
36.2200000000,3833.0000000000,0.6054039000
36.2400000000,3834.8330000000,0.6057281000
36.2600000000,3835.6670000000,0.6060925000
36.2800000000,3835.8330000000,0.6064167000
36.3000000000,3835.8330000000,0.6067410000
36.3200000000,3836.3330000000,0.6070652000
36.3400000000,3837.3330000000,0.6073914000
36.3600000000,3837.3330000000,0.6077557000
36.3800000000,3836.8330000000,0.6080799000
36.4000000000,3836.8330000000,0.6084042000
36.4200000000,3837.6670000000,0.6087284000
36.4400000000,3839.3330000000,0.6090527000
36.4600000000,3839.6670000000,0.6094189000
36.4800000000,3840.3330000000,0.6097431000
36.5000000000,3840.5000000000,0.6100674000
36.5200000000,3840.6670000000,0.6104317000
36.5400000000,3840.6670000000,0.6107559000
36.5600000000,3841.0000000000,0.6110802000
36.5800000000,3841.0000000000,0.6114464000
36.6000000000,3841.8330000000,0.6117706000
36.6200000000,3843.0000000000,0.6120949000
36.6400000000,3844.0000000000,0.6124191000
36.6600000000,3844.8330000000,0.6127434000
36.6800000000,3845.0000000000,0.6130676000
36.7000000000,3845.5000000000,0.6133919000
36.7200000000,3845.6670000000,0.6137581000
36.7400000000,3845.5000000000,0.6140823000
36.7600000000,3845.0000000000,0.6144066000
36.7800000000,3845.0000000000,0.6147308000
36.8000000000,3848.0000000000,0.6150551000
36.8200000000,3849.8330000000,0.6154213000
36.8400000000,3848.6670000000,0.6157455000
36.8600000000,3844.3330000000,0.6160698000
36.8800000000,3844.3330000000,0.6164341000
36.9000000000,3844.5000000000,0.6167583000
36.9200000000,3844.6670000000,0.6170826000
36.9400000000,3844.8330000000,0.6174068000
36.9600000000,3845.1670000000,0.6177311000
36.9800000000,3845.6670000000,0.6180573000
37.0000000000,3846.5000000000,0.6183815000
37.0200000000,3847.6670000000,0.6187458000
37.0400000000,3849.3330000000,0.6190701000
37.0600000000,3850.6670000000,0.6193943000
37.0800000000,3850.6670000000,0.6197186000
37.1000000000,3850.6670000000,0.6200428000
37.1200000000,3850.5000000000,0.6204090000
37.1400000000,3850.5000000000,0.6207333000
37.1600000000,3850.3330000000,0.6210575000
37.1800000000,3849.6670000000,0.6214218000
37.2000000000,3849.5000000000,0.6217461000
37.2200000000,3849.5000000000,0.6220722000
37.2400000000,3849.8330000000,0.6223965000
37.2600000000,3850.5000000000,0.6227207000
37.2800000000,3851.1670000000,0.6230850000
37.3000000000,3851.5000000000,0.6234093000
37.3200000000,3852.0000000000,0.6237335000
37.3400000000,3853.3330000000,0.6240578000
37.3600000000,3855.3330000000,0.6243839000
37.3800000000,3855.3330000000,0.6247082000
37.4000000000,3855.0000000000,0.6250324000
37.4200000000,3854.8330000000,0.6253567000
37.4400000000,3855.0000000000,0.6257210000
37.4600000000,3855.3330000000,0.6260452000
37.4800000000,3857.1670000000,0.6263695000
37.5000000000,3857.5000000000,0.6267357000
37.5200000000,3856.3330000000,0.6270599000
37.5400000000,3855.1670000000,0.6273842000
37.5600000000,3855.1670000000,0.6277084000
37.5800000000,3855.3330000000,0.6280727000
37.6000000000,3855.3330000000,0.6283989000
37.6200000000,3855.3330000000,0.6287231000
37.6400000000,3856.1670000000,0.6290474000
37.6600000000,3857.8330000000,0.6293716000
37.6800000000,3857.8330000000,0.6296959000
37.7000000000,3857.8330000000,0.6300201000
37.7200000000,3856.6670000000,0.6303844000
37.7400000000,3855.6670000000,0.6307087000
37.7600000000,3855.8330000000,0.6310349000
37.7800000000,3856.6670000000,0.6313591000
37.8000000000,3856.8330000000,0.6317234000
37.8200000000,3856.5000000000,0.6320477000
37.8400000000,3856.3330000000,0.6323719000
37.8600000000,3856.5000000000,0.6326962000
37.8800000000,3857.5000000000,0.6330624000
37.9000000000,3857.8330000000,0.6333866000
37.9200000000,3858.3330000000,0.6337109000
37.9400000000,3859.8330000000,0.6340351000
37.9600000000,3862.1670000000,0.6343994000
37.9800000000,3862.1670000000,0.6347237000
38.0000000000,3862.1670000000,0.6350498000
38.0200000000,3862.0000000000,0.6353741000
38.0400000000,3861.8330000000,0.6356983000
38.0600000000,3861.0000000000,0.6360226000
38.0800000000,3856.8330000000,0.6363869000
38.1000000000,3856.6670000000,0.6367111000
38.1200000000,3858.8330000000,0.6370354000
38.1400000000,3860.6670000000,0.6373615000
38.1600000000,3859.6670000000,0.6377258000
38.1800000000,3854.8330000000,0.6380501000
38.2000000000,3853.1670000000,0.6384144000
38.2200000000,3852.8330000000,0.6387386000
38.2400000000,3853.0000000000,0.6390648000
38.2600000000,3853.3330000000,0.6393890000
38.2800000000,3854.0000000000,0.6397533000
38.3000000000,3854.3330000000,0.6400776000
38.3200000000,3854.5000000000,0.6404018000
38.3400000000,3854.1670000000,0.6407261000
38.3600000000,3853.1670000000,0.6410503000
38.3800000000,3851.8330000000,0.6414165000
38.4000000000,3851.5000000000,0.6417408000
38.4200000000,3851.1670000000,0.6420650000
38.4400000000,3850.3330000000,0.6423893000
38.4600000000,3848.8330000000,0.6427536000
38.4800000000,3847.5000000000,0.6430798000
38.5000000000,3845.3330000000,0.6434040000
38.5200000000,3843.6670000000,0.6437683000
38.5400000000,3841.6670000000,0.6440926000
38.5600000000,3839.5000000000,0.6444168000
38.5800000000,3837.8330000000,0.6447411000
38.6000000000,3836.1670000000,0.6450653000
38.6200000000,3833.5000000000,0.6454315000
38.6400000000,3828.5000000000,0.6458778000
38.6600000000,3641.1670000000,0.6462021000
38.6800000000,2957.1670000000,0.6465263000
38.7000000000,1422.0000000000,0.6468105000
38.7200000000,375.3333000000,0.6471348000
