"PlayTime","LoadValue","PositionValue"
"s","N","mm"
0.0000000000,5.6666670000,0.0017032620
0.0200000000,7.8333330000,0.0019874570
0.0400000000,9.6666670000,0.0023117070
0.0600000000,10.8333300000,0.0026359560
0.0800000000,10.8333300000,0.0029602050
0.1000000000,10.8333300000,0.0032844540
0.1200000000,13.0000000000,0.0036087040
0.1400000000,15.1666700000,0.0039348600
0.1600000000,16.5000000000,0.0042991640
0.1800000000,18.1666700000,0.0046234130
0.2000000000,22.0000000000,0.0049877170
0.2200000000,23.5000000000,0.0053119660
0.2400000000,24.3333300000,0.0056381230
0.2600000000,25.3333300000,0.0060024260
0.2800000000,26.0000000000,0.0063266750
0.3000000000,26.8333300000,0.0066509250
0.3200000000,27.1666700000,0.0069751740
0.3400000000,27.1666700000,0.0073413850
0.3600000000,27.3333300000,0.0076656340
0.3800000000,28.0000000000,0.0079898830
0.4000000000,28.0000000000,0.0083141330
0.4200000000,27.0000000000,0.0086383820
0.4400000000,26.3333300000,0.0090026860
0.4600000000,26.8333300000,0.0093269350
0.4800000000,28.8333300000,0.0096530910
0.5000000000,28.8333300000,0.0099773410
0.5200000000,29.0000000000,0.0103416400
0.5400000000,28.8333300000,0.0106658900
0.5600000000,28.3333300000,0.0109901400
0.5800000000,28.3333300000,0.0113143900
0.6000000000,28.0000000000,0.0116806000
0.6200000000,28.0000000000,0.0120048500
0.6400000000,28.1666700000,0.0123291000
0.6600000000,28.8333300000,0.0126533500
0.6800000000,29.6666700000,0.0129776000
0.7000000000,30.6666700000,0.0133018500
0.7200000000,30.8333300000,0.0136261000
0.7400000000,32.0000000000,0.0139923100
0.7600000000,33.6666700000,0.0143165600
0.7800000000,33.6666700000,0.0146408100
0.8000000000,32.1666700000,0.0149650600
0.8200000000,31.1666700000,0.0153293600
0.8400000000,30.6666700000,0.0156536100
0.8600000000,31.0000000000,0.0159797700
0.8800000000,31.6666700000,0.0163440700
0.9000000000,32.0000000000,0.0166683200
0.9200000000,32.8333300000,0.0169925700
0.9400000000,34.3333300000,0.0173168200
0.9600000000,35.5000000000,0.0176410700
0.9800000000,35.3333300000,0.0180072800
1.0000000000,34.6666700000,0.0183315300
1.0200000000,34.5000000000,0.0186557800
1.0400000000,35.5000000000,0.0189800300
1.0600000000,36.6666700000,0.0193042800
1.0800000000,36.6666700000,0.0196285200
1.1000000000,37.0000000000,0.0199928300
1.1200000000,37.0000000000,0.0203189800
1.1400000000,39.0000000000,0.0206432300
1.1600000000,41.1666700000,0.0210075400
1.1800000000,41.0000000000,0.0213317900
1.2000000000,40.3333300000,0.0216560400
1.2200000000,40.1666700000,0.0220222500
1.2400000000,40.0000000000,0.0223465000
1.2600000000,40.0000000000,0.0226707500
1.2800000000,39.8333300000,0.0229950000
1.3000000000,39.8333300000,0.0233593000
1.3200000000,38.0000000000,0.0236835500
1.3400000000,36.3333300000,0.0240078000
1.3600000000,35.6666700000,0.0243339500
1.3800000000,35.6666700000,0.0246582000
1.4000000000,35.3333300000,0.0250225100
1.4200000000,35.3333300000,0.0253467600
1.4400000000,35.3333300000,0.0256710100
1.4600000000,36.3333300000,0.0259952500
1.4800000000,38.8333300000,0.0263614700
1.5000000000,42.1666700000,0.0266857100
1.5200000000,43.1666700000,0.0270099600
1.5400000000,43.5000000000,0.0273742700
1.5600000000,43.5000000000,0.0276985200
1.5800000000,43.6666700000,0.0280227700
1.6000000000,44.0000000000,0.0283489200
1.6200000000,45.1666700000,0.0286731700
1.6400000000,45.5000000000,0.0290374800
1.6600000000,45.5000000000,0.0293617200
1.6800000000,45.6666700000,0.0296859700
1.7000000000,46.6666700000,0.0300102200
1.7200000000,46.6666700000,0.0303344700
1.7400000000,46.0000000000,0.0306606300
1.7600000000,45.5000000000,0.0310249300
1.7800000000,45.8333300000,0.0313491800
1.8000000000,47.3333300000,0.0316734300
1.8200000000,47.6666700000,0.0320377300
1.8400000000,47.6666700000,0.0323638900
1.8600000000,47.0000000000,0.0326881400
1.8800000000,46.0000000000,0.0330123900
1.9000000000,46.0000000000,0.0333766900
1.9200000000,47.0000000000,0.0337009400
1.9400000000,47.1666700000,0.0340251900
1.9600000000,47.1666700000,0.0343494400
1.9800000000,47.6666700000,0.0346736900
2.0000000000,49.6666700000,0.0350399000
2.0200000000,50.0000000000,0.0353641500
2.0400000000,50.0000000000,0.0356884000
2.0600000000,50.0000000000,0.0360126500
2.0800000000,50.5000000000,0.0363369000
2.1000000000,52.1666700000,0.0366611500
2.1200000000,53.5000000000,0.0370273600
2.1400000000,53.8333300000,0.0373516100
2.1600000000,53.0000000000,0.0376758600
2.1800000000,51.6666700000,0.0380401600
2.2000000000,51.5000000000,0.0383644100
2.2200000000,51.5000000000,0.0386886600
2.2400000000,51.5000000000,0.0390148200
2.2600000000,52.1666700000,0.0393791200
2.2800000000,53.0000000000,0.0397033700
2.3000000000,53.1666700000,0.0400276200
2.3200000000,57.5000000000,0.0403518700
2.3400000000,58.5000000000,0.0406761200
2.3600000000,57.0000000000,0.0410003700
2.3800000000,55.0000000000,0.0413265200
2.4000000000,55.0000000000,0.0416507700
2.4200000000,55.6666700000,0.0420150800
2.4400000000,56.0000000000,0.0423393200
2.4600000000,56.5000000000,0.0426635700
2.4800000000,57.8333300000,0.0430297900
2.5000000000,61.3333300000,0.0433540300
2.5200000000,61.3333300000,0.0436782800
2.5400000000,61.0000000000,0.0440025300
2.5600000000,60.8333300000,0.0443668400
2.5800000000,61.0000000000,0.0446910900
2.6000000000,61.5000000000,0.0450153400
2.6200000000,62.0000000000,0.0453414900
2.6400000000,62.6666700000,0.0456657400
2.6600000000,62.8333300000,0.0459899900
2.6800000000,62.8333300000,0.0463142400
2.7000000000,62.8333300000,0.0466384900
2.7200000000,62.8333300000,0.0470027900
2.7400000000,62.6666700000,0.0473270400
2.7600000000,62.5000000000,0.0476512900
2.7800000000,62.5000000000,0.0479774500
2.8000000000,62.5000000000,0.0483017000
2.8200000000,63.0000000000,0.0486660000
2.8400000000,64.5000000000,0.0489902500
2.8600000000,65.6666600000,0.0493145000
2.8800000000,66.3333400000,0.0496807100
2.9000000000,66.3333400000,0.0500049600
2.9200000000,66.3333400000,0.0503292100
2.9400000000,67.3333400000,0.0506534600
2.9600000000,68.0000000000,0.0509777100
2.9800000000,68.5000000000,0.0513019600
3.0000000000,69.0000000000,0.0516662600
3.0200000000,69.5000000000,0.0519924200
3.0400000000,69.5000000000,0.0523166700
3.0600000000,69.5000000000,0.0526409100
3.0800000000,69.5000000000,0.0529651600
3.1000000000,69.5000000000,0.0532894100
3.1200000000,70.0000000000,0.0536537200
3.1400000000,70.6666600000,0.0539779700
3.1600000000,71.6666600000,0.0543041200
3.1800000000,72.3333400000,0.0546684300
3.2000000000,72.3333400000,0.0549926800
3.2200000000,72.1666600000,0.0553169300
3.2400000000,72.0000000000,0.0556411700
3.2600000000,72.0000000000,0.0560073900
3.2800000000,72.6666600000,0.0563316300
3.3000000000,74.1666600000,0.0566558800
3.3200000000,75.3333400000,0.0569801300
3.3400000000,76.6666600000,0.0573043800
3.3600000000,78.0000000000,0.0576686900
3.3800000000,78.8333400000,0.0579929400
3.4000000000,78.6666600000,0.0583190900
3.4200000000,78.1666600000,0.0586433400
3.4400000000,78.1666600000,0.0590076400
3.4600000000,78.1666600000,0.0593318900
3.4800000000,78.5000000000,0.0596561400
3.5000000000,79.3333400000,0.0600223500
3.5200000000,79.3333400000,0.0603466000
3.5400000000,79.5000000000,0.0606708500
3.5600000000,79.6666600000,0.0610351600
3.5800000000,80.3333400000,0.0613594100
3.6000000000,81.5000000000,0.0616836500
3.6200000000,81.6666600000,0.0620079000
3.6400000000,82.0000000000,0.0623321500
3.6600000000,83.0000000000,0.0626983600
3.6800000000,83.8333400000,0.0630226100
3.7000000000,83.8333400000,0.0633468600
3.7200000000,83.8333400000,0.0636711100
3.7400000000,84.0000000000,0.0639953600
3.7600000000,86.0000000000,0.0643615700
3.7800000000,87.5000000000,0.0646858200
3.8000000000,87.5000000000,0.0650100700
3.8200000000,87.5000000000,0.0653343200
3.8400000000,86.8333400000,0.0656986200
3.8600000000,86.6666600000,0.0660228700
3.8800000000,87.3333400000,0.0663471200
3.9000000000,88.6666600000,0.0667133300
3.9200000000,89.5000000000,0.0670375800
3.9400000000,91.0000000000,0.0673618300
3.9600000000,92.3333400000,0.0676860800
3.9800000000,93.0000000000,0.0680103300
4.0000000000,92.8333400000,0.0683345800
4.0200000000,91.6666600000,0.0687007900
4.0400000000,90.8333400000,0.0690250400
4.0600000000,90.6666600000,0.0693492900
4.0800000000,91.5000000000,0.0696735400
4.1000000000,93.0000000000,0.0699977900
4.1200000000,94.0000000000,0.0703620900
4.1400000000,95.3333400000,0.0706882500
4.1600000000,96.5000000000,0.0710125000
4.1800000000,97.0000000000,0.0713768000
4.2000000000,97.0000000000,0.0717010500
4.2200000000,97.0000000000,0.0720253000
4.2400000000,99.1666600000,0.0723495500
4.2600000000,100.3333000000,0.0727157600
4.2800000000,101.0000000000,0.0730400100
4.3000000000,101.6667000000,0.0733642600
4.3200000000,103.5000000000,0.0736885100
4.3400000000,103.5000000000,0.0740127600
4.3600000000,104.5000000000,0.0743370100
4.3800000000,105.1667000000,0.0746612500
4.4000000000,105.5000000000,0.0750274700
4.4200000000,106.1667000000,0.0753517200
4.4400000000,106.1667000000,0.0756759600
4.4600000000,107.8333000000,0.0760002100
4.4800000000,108.6667000000,0.0763645200
4.5000000000,108.8333000000,0.0766887700
4.5200000000,108.6667000000,0.0770149200
4.5400000000,108.3333000000,0.0773792300
4.5600000000,108.0000000000,0.0777034800
4.5800000000,108.0000000000,0.0780277300
4.6000000000,108.3333000000,0.0783519700
4.6200000000,109.8333000000,0.0786762200
4.6400000000,111.8333000000,0.0790004700
4.6600000000,112.1667000000,0.0793666800
4.6800000000,112.5000000000,0.0796909300
4.7000000000,113.5000000000,0.0800151800
4.7200000000,115.5000000000,0.0803394300
4.7400000000,116.0000000000,0.0806636800
4.7600000000,116.0000000000,0.0809879300
4.7800000000,116.0000000000,0.0813541400
4.8000000000,116.3333000000,0.0816783900
4.8200000000,117.1667000000,0.0820026400
4.8400000000,118.3333000000,0.0823669400
4.8600000000,118.6667000000,0.0826911900
4.8800000000,119.1667000000,0.0830154400
4.9000000000,120.1667000000,0.0833396900
4.9200000000,121.8333000000,0.0836658500
4.9400000000,123.1667000000,0.0840301500
4.9600000000,123.3333000000,0.0843544000
4.9800000000,124.1667000000,0.0846786500
5.0000000000,125.6667000000,0.0850029000
5.0200000000,127.1667000000,0.0853271500
5.0400000000,127.8333000000,0.0856514000
5.0600000000,127.8333000000,0.0859775500
5.0800000000,127.8333000000,0.0863018000
5.1000000000,128.8333000000,0.0866661100
5.1200000000,131.1667000000,0.0869903600
5.1400000000,133.1667000000,0.0873146100
5.1600000000,133.5000000000,0.0876808200
5.1800000000,133.5000000000,0.0880050700
5.2000000000,133.8333000000,0.0883293200
5.2200000000,134.0000000000,0.0886535600
5.2400000000,134.1667000000,0.0890178700
5.2600000000,135.3333000000,0.0893421200
5.2800000000,136.5000000000,0.0896663700
5.3000000000,137.1667000000,0.0899906200
5.3200000000,137.3333000000,0.0903167700
5.3400000000,137.5000000000,0.0906410200
5.3600000000,137.5000000000,0.0909652700
5.3800000000,137.8333000000,0.0913295700
5.4000000000,138.3333000000,0.0916538200
5.4200000000,138.6667000000,0.0919780700
5.4400000000,139.8333000000,0.0923023200
5.4600000000,141.8333000000,0.0926685300
5.4800000000,144.0000000000,0.0929927800
5.5000000000,146.6667000000,0.0933170300
5.5200000000,149.3333000000,0.0936813400
5.5400000000,149.3333000000,0.0940055800
5.5600000000,150.3333000000,0.0943317400
5.5800000000,151.0000000000,0.0946559900
5.6000000000,152.3333000000,0.0949802400
5.6200000000,154.3333000000,0.0953445400
5.6400000000,155.5000000000,0.0956687900
5.6600000000,155.6667000000,0.0959930400
5.6800000000,155.6667000000,0.0963172900
5.7000000000,155.6667000000,0.0966434500
5.7200000000,155.6667000000,0.0969677000
5.7400000000,155.8333000000,0.0973320000
5.7600000000,157.3333000000,0.0976562500
5.7800000000,159.0000000000,0.0979805000
5.8000000000,160.6667000000,0.0983047500
5.8200000000,162.0000000000,0.0986709600
5.8400000000,162.0000000000,0.0989952100
5.8600000000,162.0000000000,0.0993194600
5.8800000000,162.1667000000,0.0996837600
5.9000000000,162.6667000000,0.1000080000
5.9200000000,163.6667000000,0.1003323000
5.9400000000,164.3333000000,0.1006584000
5.9600000000,166.1667000000,0.1010227000
5.9800000000,169.6667000000,0.1013470000
6.0000000000,172.5000000000,0.1016712000
6.0200000000,173.8333000000,0.1019955000
6.0400000000,174.5000000000,0.1023197000
6.0600000000,174.5000000000,0.1026859000
6.0800000000,177.3333000000,0.1030102000
6.1000000000,179.6667000000,0.1033344000
6.1200000000,180.3333000000,0.1036587000
6.1400000000,180.5000000000,0.1040230000
6.1600000000,180.5000000000,0.1043472000
6.1800000000,182.1667000000,0.1046734000
6.2000000000,183.6667000000,0.1050377000
6.2200000000,184.5000000000,0.1053619000
6.2400000000,184.8333000000,0.1056862000
6.2600000000,184.8333000000,0.1060104000
6.2800000000,187.6667000000,0.1063766000
6.3000000000,191.3333000000,0.1067009000
6.3200000000,194.0000000000,0.1070251000
6.3400000000,194.0000000000,0.1073494000
6.3600000000,194.0000000000,0.1076736000
6.3800000000,195.3333000000,0.1079979000
6.4000000000,196.5000000000,0.1083622000
6.4200000000,197.5000000000,0.1086864000
6.4400000000,198.0000000000,0.1090126000
6.4600000000,200.5000000000,0.1093369000
6.4800000000,203.1667000000,0.1097012000
6.5000000000,205.8333000000,0.1100254000
6.5200000000,207.6667000000,0.1103497000
6.5400000000,208.0000000000,0.1106739000
6.5600000000,209.0000000000,0.1110401000
6.5800000000,209.6667000000,0.1113644000
6.6000000000,211.1667000000,0.1116886000
6.6200000000,212.8333000000,0.1120129000
6.6400000000,213.0000000000,0.1123371000
6.6600000000,214.8333000000,0.1126614000
6.6800000000,217.8333000000,0.1130276000
6.7000000000,219.3333000000,0.1133518000
6.7200000000,219.1667000000,0.1136761000
6.7400000000,218.6667000000,0.1140003000
6.7600000000,218.6667000000,0.1143646000
6.7800000000,221.6667000000,0.1146889000
6.8000000000,224.1667000000,0.1150131000
6.8200000000,225.8333000000,0.1153393000
6.8400000000,227.5000000000,0.1157036000
6.8600000000,230.5000000000,0.1160278000
6.8800000000,233.8333000000,0.1163521000
6.9000000000,235.3333000000,0.1167164000
6.9200000000,235.6667000000,0.1170425000
6.9400000000,236.5000000000,0.1173668000
6.9600000000,237.1667000000,0.1176910000
6.9800000000,239.5000000000,0.1180153000
7.0000000000,241.5000000000,0.1183395000
7.0200000000,242.8333000000,0.1186638000
7.0400000000,244.1667000000,0.1189880000
7.0600000000,246.1667000000,0.1193542000
7.0800000000,247.5000000000,0.1196785000
7.1000000000,249.0000000000,0.1200027000
7.1200000000,250.6667000000,0.1203270000
7.1400000000,252.3333000000,0.1206913000
7.1600000000,255.0000000000,0.1210155000
7.1800000000,256.8333000000,0.1213398000
7.2000000000,257.8333000000,0.1217060000
7.2200000000,258.3333000000,0.1220303000
7.2400000000,259.5000000000,0.1223545000
7.2600000000,262.1667000000,0.1226788000
7.2800000000,264.5000000000,0.1230030000
7.3000000000,266.3333000000,0.1233273000
7.3200000000,268.6667000000,0.1236515000
7.3400000000,271.6667000000,0.1240177000
7.3600000000,273.1667000000,0.1243420000
7.3800000000,273.6667000000,0.1246662000
7.4000000000,274.8333000000,0.1249905000
7.4200000000,276.5000000000,0.1253147000
7.4400000000,278.5000000000,0.1256790000
7.4600000000,280.6667000000,0.1260052000
7.4800000000,282.5000000000,0.1263294000
7.5000000000,283.1667000000,0.1266537000
7.5200000000,284.1667000000,0.1270180000
7.5400000000,286.5000000000,0.1273422000
7.5600000000,289.6667000000,0.1276665000
7.5800000000,291.0000000000,0.1279907000
7.6000000000,292.0000000000,0.1283569000
7.6200000000,293.5000000000,0.1286812000
7.6400000000,296.0000000000,0.1290054000
7.6600000000,298.6667000000,0.1293297000
7.6800000000,299.8333000000,0.1296539000
7.7000000000,301.5000000000,0.1299782000
7.7200000000,303.6667000000,0.1303024000
7.7400000000,306.3333000000,0.1306267000
7.7600000000,308.5000000000,0.1309929000
7.7800000000,310.8333000000,0.1313171000
7.8000000000,312.8333000000,0.1316414000
7.8200000000,315.1667000000,0.1319656000
7.8400000000,317.1667000000,0.1323299000
7.8600000000,317.5000000000,0.1326561000
7.8800000000,318.1667000000,0.1329803000
7.9000000000,319.8333000000,0.1333447000
7.9200000000,322.3333000000,0.1336689000
7.9400000000,325.3333000000,0.1339931000
7.9600000000,328.3333000000,0.1343174000
7.9800000000,328.8333000000,0.1346416000
8.0000000000,329.5000000000,0.1349678000
8.0200000000,329.8333000000,0.1352921000
8.0400000000,330.3333000000,0.1356564000
8.0600000000,332.3333000000,0.1359806000
8.0800000000,336.6667000000,0.1363049000
8.1000000000,340.0000000000,0.1366291000
8.1200000000,342.8333000000,0.1369953000
8.1400000000,345.6667000000,0.1373196000
8.1600000000,348.6667000000,0.1376438000
8.1800000000,349.5000000000,0.1380081000
8.2000000000,350.3333000000,0.1383324000
8.2200000000,352.1667000000,0.1386566000
8.2400000000,354.6667000000,0.1390228000
8.2600000000,357.0000000000,0.1393471000
8.2800000000,359.8333000000,0.1396713000
8.3000000000,364.0000000000,0.1399956000
8.3200000000,367.3333000000,0.1403198000
8.3400000000,369.1667000000,0.1406441000
8.3600000000,369.1667000000,0.1410103000
8.3800000000,369.1667000000,0.1413345000
8.4000000000,371.1667000000,0.1416588000
8.4200000000,374.6667000000,0.1419830000
8.4400000000,378.0000000000,0.1423473000
8.4600000000,378.8333000000,0.1426716000
8.4800000000,379.1667000000,0.1429977000
8.5000000000,381.5000000000,0.1433620000
8.5200000000,384.1667000000,0.1436863000
8.5400000000,385.8333000000,0.1440105000
8.5600000000,386.5000000000,0.1443748000
8.5800000000,387.8333000000,0.1447010000
8.6000000000,390.5000000000,0.1450253000
8.6200000000,393.1667000000,0.1453495000
8.6400000000,396.0000000000,0.1456738000
8.6600000000,399.1667000000,0.1459980000
8.6800000000,402.5000000000,0.1463623000
8.7000000000,405.0000000000,0.1466866000
8.7200000000,406.8333000000,0.1470127000
8.7400000000,408.5000000000,0.1473370000
8.7600000000,409.8333000000,0.1477013000
8.7800000000,411.1667000000,0.1480255000
8.8000000000,412.8333000000,0.1483498000
8.8200000000,415.1667000000,0.1486740000
8.8400000000,417.3333000000,0.1490402000
8.8600000000,418.8333000000,0.1493645000
8.8800000000,420.1667000000,0.1496887000
8.9000000000,423.6667000000,0.1500130000
8.9200000000,427.1667000000,0.1503773000
8.9400000000,430.0000000000,0.1507015000
8.9600000000,431.8333000000,0.1510258000
8.9800000000,433.3333000000,0.1513519000
9.0000000000,436.0000000000,0.1516762000
9.0200000000,438.1667000000,0.1520004000
9.0400000000,439.1667000000,0.1523247000
9.0600000000,439.5000000000,0.1526890000
9.0800000000,441.5000000000,0.1530132000
9.1000000000,444.8333000000,0.1533375000
9.1200000000,449.6667000000,0.1537037000
9.1400000000,454.0000000000,0.1540279000
9.1600000000,456.0000000000,0.1543522000
9.1800000000,456.5000000000,0.1546764000
9.2000000000,458.3333000000,0.1550407000
9.2200000000,459.6667000000,0.1553669000
9.2400000000,460.8333000000,0.1556911000
9.2600000000,462.8333000000,0.1560154000
9.2800000000,465.5000000000,0.1563396000
9.3000000000,466.3333000000,0.1567039000
9.3200000000,466.8333000000,0.1570282000
9.3400000000,468.0000000000,0.1573524000
9.3600000000,470.5000000000,0.1576786000
9.3800000000,471.3333000000,0.1580029000
9.4000000000,472.1667000000,0.1583271000
9.4200000000,475.1667000000,0.1586914000
9.4400000000,479.6667000000,0.1590157000
9.4600000000,484.8333000000,0.1593399000
9.4800000000,490.5000000000,0.1596642000
9.5000000000,493.3333000000,0.1600304000
9.5200000000,494.1667000000,0.1603546000
9.5400000000,494.8333000000,0.1606789000
9.5600000000,496.8333000000,0.1610432000
9.5800000000,501.1667000000,0.1613674000
9.6000000000,505.3333000000,0.1616936000
9.6200000000,507.5000000000,0.1620178000
9.6400000000,509.1667000000,0.1623421000
9.6600000000,511.0000000000,0.1626663000
9.6800000000,513.0000000000,0.1629906000
9.7000000000,513.8333000000,0.1633148000
9.7200000000,515.6667000000,0.1636791000
9.7400000000,518.3333000000,0.1640034000
9.7600000000,521.6667000000,0.1643295000
9.7800000000,525.0000000000,0.1646538000
9.8000000000,527.6667000000,0.1650181000
9.8200000000,529.0000000000,0.1653423000
9.8400000000,529.8333000000,0.1656666000
9.8600000000,531.3333000000,0.1659908000
9.8800000000,534.1667000000,0.1663570000
9.9000000000,536.5000000000,0.1666813000
9.9200000000,538.6667000000,0.1670055000
9.9400000000,541.1667000000,0.1673298000
9.9600000000,544.5000000000,0.1676540000
9.9800000000,549.0000000000,0.1679783000
10.0000000000,552.1667000000,0.1683025000
10.0200000000,554.0000000000,0.1686687000
10.0400000000,555.1667000000,0.1689930000
10.0600000000,557.0000000000,0.1693172000
10.0800000000,560.6667000000,0.1696415000
10.1000000000,563.5000000000,0.1699657000
10.1200000000,564.5000000000,0.1703300000
10.1400000000,566.5000000000,0.1706562000
10.1600000000,570.0000000000,0.1709805000
10.1800000000,573.5000000000,0.1713448000
10.2000000000,574.6667000000,0.1716690000
10.2200000000,576.3333000000,0.1719933000
10.2400000000,578.6667000000,0.1723175000
10.2600000000,581.8333000000,0.1726418000
10.2800000000,584.3333000000,0.1730080000
10.3000000000,587.0000000000,0.1733322000
10.3200000000,588.8333000000,0.1736565000
10.3400000000,590.8333000000,0.1739807000
10.3600000000,593.5000000000,0.1743050000
10.3800000000,596.5000000000,0.1746292000
10.4000000000,598.6667000000,0.1749954000
10.4200000000,602.3333000000,0.1753197000
10.4400000000,606.5000000000,0.1756439000
10.4600000000,609.6667000000,0.1759682000
10.4800000000,611.0000000000,0.1763325000
10.5000000000,612.8333000000,0.1766567000
10.5200000000,615.0000000000,0.1769810000
10.5400000000,617.3333000000,0.1773472000
10.5600000000,619.6667000000,0.1776714000
10.5800000000,623.0000000000,0.1779957000
10.6000000000,625.1667000000,0.1783199000
10.6200000000,627.6667000000,0.1786442000
10.6400000000,631.3333000000,0.1789684000
10.6600000000,635.5000000000,0.1793346000
10.6800000000,637.8333000000,0.1796589000
10.7000000000,638.3333000000,0.1799831000
10.7200000000,639.6667000000,0.1803074000
10.7400000000,641.5000000000,0.1806717000
10.7600000000,644.0000000000,0.1809959000
10.7800000000,646.8333000000,0.1813221000
10.8000000000,650.3333000000,0.1816864000
10.8200000000,654.0000000000,0.1820107000
10.8400000000,657.6667000000,0.1823349000
10.8600000000,660.5000000000,0.1826992000
10.8800000000,661.8333000000,0.1830254000
10.9000000000,663.5000000000,0.1833496000
10.9200000000,666.6667000000,0.1836739000
10.9400000000,670.1667000000,0.1839981000
10.9600000000,673.5000000000,0.1843624000
10.9800000000,676.5000000000,0.1846867000
11.0000000000,678.6667000000,0.1850109000
11.0200000000,680.6667000000,0.1853371000
11.0400000000,684.1667000000,0.1856613000
11.0600000000,687.5000000000,0.1859856000
11.0800000000,689.6667000000,0.1863499000
11.1000000000,690.6667000000,0.1866741000
11.1200000000,694.1667000000,0.1869984000
11.1400000000,698.0000000000,0.1873646000
11.1600000000,700.8333000000,0.1876888000
11.1800000000,702.3333000000,0.1880131000
11.2000000000,703.8333000000,0.1883774000
11.2200000000,707.0000000000,0.1887016000
11.2400000000,709.6667000000,0.1890259000
11.2600000000,712.0000000000,0.1893520000
11.2800000000,714.8333000000,0.1896763000
11.3000000000,719.1667000000,0.1900406000
11.3200000000,723.5000000000,0.1903648000
11.3400000000,727.3333000000,0.1906891000
11.3600000000,730.0000000000,0.1910133000
11.3800000000,731.3333000000,0.1913376000
11.4000000000,733.3333000000,0.1916618000
11.4200000000,737.1667000000,0.1920280000
11.4400000000,740.0000000000,0.1923523000
11.4600000000,742.1667000000,0.1926765000
11.4800000000,743.5000000000,0.1930408000
11.5000000000,745.1667000000,0.1933651000
11.5200000000,747.5000000000,0.1936913000
11.5400000000,751.0000000000,0.1940155000
11.5600000000,754.5000000000,0.1943798000
11.5800000000,757.6667000000,0.1947041000
11.6000000000,761.6667000000,0.1950283000
11.6200000000,765.3333000000,0.1953526000
11.6400000000,767.1667000000,0.1956768000
11.6600000000,768.5000000000,0.1960030000
11.6800000000,770.6667000000,0.1963272000
11.7000000000,774.1667000000,0.1966915000
11.7200000000,776.3333000000,0.1970158000
11.7400000000,780.0000000000,0.1973400000
11.7600000000,784.1667000000,0.1976643000
11.7800000000,788.1667000000,0.1980305000
11.8000000000,790.5000000000,0.1983547000
11.8200000000,793.5000000000,0.1986790000
11.8400000000,795.3333000000,0.1990433000
11.8600000000,796.8333000000,0.1993675000
11.8800000000,799.3333000000,0.1996918000
11.9000000000,803.8333000000,0.2000179000
11.9200000000,809.1667000000,0.2003422000
11.9400000000,811.8333000000,0.2006664000
11.9600000000,813.0000000000,0.2010307000
11.9800000000,814.5000000000,0.2013550000
12.0000000000,817.3333000000,0.2016792000
12.0200000000,819.5000000000,0.2020035000
12.0400000000,822.6667000000,0.2023296000
12.0600000000,826.5000000000,0.2026539000
12.0800000000,830.0000000000,0.2030182000
12.1000000000,833.3333000000,0.2033424000
12.1200000000,837.6667000000,0.2036667000
12.1400000000,839.8333000000,0.2039909000
12.1600000000,841.8333000000,0.2043571000
12.1800000000,844.6667000000,0.2046814000
12.2000000000,848.0000000000,0.2050056000
12.2200000000,849.5000000000,0.2053299000
12.2400000000,851.6667000000,0.2056942000
12.2600000000,855.6667000000,0.2060184000
12.2800000000,861.0000000000,0.2063427000
12.3000000000,866.5000000000,0.2066689000
12.3200000000,868.0000000000,0.2069931000
12.3400000000,868.3333000000,0.2073174000
12.3600000000,870.1667000000,0.2076416000
12.3800000000,873.3333000000,0.2079659000
12.4000000000,876.3333000000,0.2083302000
12.4200000000,879.6667000000,0.2086544000
12.4400000000,882.5000000000,0.2089806000
12.4600000000,885.3333000000,0.2093048000
12.4800000000,888.0000000000,0.2096691000
12.5000000000,890.1667000000,0.2099934000
12.5200000000,892.3333000000,0.2103176000
12.5400000000,895.1667000000,0.2106419000
12.5600000000,898.1667000000,0.2110081000
12.5800000000,901.3333000000,0.2113323000
12.6000000000,905.0000000000,0.2116566000
12.6200000000,908.1667000000,0.2119808000
12.6400000000,910.6667000000,0.2123051000
12.6600000000,914.6667000000,0.2126293000
12.6800000000,919.1667000000,0.2129536000
12.7000000000,922.6667000000,0.2133198000
12.7200000000,924.5000000000,0.2136440000
12.7400000000,926.5000000000,0.2139683000
12.7600000000,929.6667000000,0.2142925000
12.7800000000,933.1667000000,0.2146568000
12.8000000000,935.6667000000,0.2149811000
12.8200000000,936.5000000000,0.2153053000
12.8400000000,939.3333000000,0.2156715000
12.8600000000,943.3333000000,0.2159958000
12.8800000000,946.6667000000,0.2163200000
12.9000000000,949.0000000000,0.2166443000
12.9200000000,951.1667000000,0.2170105000
12.9400000000,957.0000000000,0.2173347000
12.9600000000,962.0000000000,0.2176590000
12.9800000000,964.5000000000,0.2179832000
13.0000000000,964.8333000000,0.2183075000
13.0200000000,966.5000000000,0.2186317000
13.0400000000,970.5000000000,0.2189960000
13.0600000000,974.5000000000,0.2193203000
13.0800000000,978.1667000000,0.2196465000
13.1000000000,981.0000000000,0.2199707000
13.1200000000,984.3333000000,0.2203350000
13.1400000000,988.3333000000,0.2206593000
13.1600000000,991.6667000000,0.2210236000
13.1800000000,994.0000000000,0.2213497000
13.2000000000,995.8333000000,0.2216740000
13.2200000000,998.3333000000,0.2219982000
13.2400000000,1002.3330000000,0.2223625000
13.2600000000,1006.8330000000,0.2226868000
13.2800000000,1010.3330000000,0.2230110000
13.3000000000,1011.6670000000,0.2233353000
13.3200000000,1012.1670000000,0.2236614000
13.3400000000,1013.8330000000,0.2240257000
13.3600000000,1016.0000000000,0.2243500000
13.3800000000,1019.0000000000,0.2246742000
13.4000000000,1022.8330000000,0.2249985000
13.4200000000,1027.0000000000,0.2253647000
13.4400000000,1033.5000000000,0.2256889000
13.4600000000,1038.6670000000,0.2260132000
13.4800000000,1041.3330000000,0.2263775000
13.5000000000,1042.0000000000,0.2267017000
13.5200000000,1043.6670000000,0.2270260000
13.5400000000,1046.8330000000,0.2273502000
13.5600000000,1051.1670000000,0.2277164000
13.5800000000,1055.5000000000,0.2280407000
13.6000000000,1058.8330000000,0.2283649000
13.6200000000,1061.1670000000,0.2286892000
13.6400000000,1064.3330000000,0.2290134000
13.6600000000,1068.0000000000,0.2293377000
13.6800000000,1071.0000000000,0.2296619000
13.7000000000,1073.1670000000,0.2300282000
13.7200000000,1075.8330000000,0.2303524000
13.7400000000,1079.0000000000,0.2306767000
13.7600000000,1081.8330000000,0.2310009000
13.7800000000,1085.1670000000,0.2313652000
13.8000000000,1088.5000000000,0.2316914000
13.8200000000,1091.1670000000,0.2320156000
13.8400000000,1094.8330000000,0.2323799000
13.8600000000,1098.0000000000,0.2327042000
13.8800000000,1100.1670000000,0.2330284000
13.9000000000,1102.8330000000,0.2333527000
13.9200000000,1107.5000000000,0.2336769000
13.9400000000,1113.1670000000,0.2340012000
13.9600000000,1116.1670000000,0.2343674000
13.9800000000,1118.3330000000,0.2346916000
14.0000000000,1120.6670000000,0.2350159000
14.0200000000,1124.3330000000,0.2353401000
14.0400000000,1127.6670000000,0.2356644000
14.0600000000,1130.8330000000,0.2360306000
14.0800000000,1133.3330000000,0.2363548000
14.1000000000,1135.3330000000,0.2366791000
14.1200000000,1137.6670000000,0.2370033000
14.1400000000,1141.1670000000,0.2373676000
14.1600000000,1144.3330000000,0.2376919000
14.1800000000,1147.0000000000,0.2380161000
14.2000000000,1149.5000000000,0.2383823000
14.2200000000,1152.8330000000,0.2387066000
14.2400000000,1156.3330000000,0.2390308000
14.2600000000,1158.6670000000,0.2393551000
14.2800000000,1161.6670000000,0.2396793000
14.3000000000,1166.0000000000,0.2400036000
14.3200000000,1170.6670000000,0.2403278000
14.3400000000,1173.8330000000,0.2406540000
14.3600000000,1176.0000000000,0.2410183000
14.3800000000,1178.3330000000,0.2413425000
14.4000000000,1181.5000000000,0.2416668000
14.4200000000,1186.5000000000,0.2419910000
14.4400000000,1191.0000000000,0.2423573000
14.4600000000,1193.6670000000,0.2426815000
14.4800000000,1195.8330000000,0.2430058000
14.5000000000,1198.1670000000,0.2433300000
14.5200000000,1201.0000000000,0.2436943000
14.5400000000,1203.6670000000,0.2440186000
14.5600000000,1206.0000000000,0.2443428000
14.5800000000,1208.5000000000,0.2446690000
14.6000000000,1211.3330000000,0.2449932000
14.6200000000,1215.1670000000,0.2453175000
14.6400000000,1218.5000000000,0.2456417000
14.6600000000,1221.1670000000,0.2459660000
14.6800000000,1224.1670000000,0.2463303000
14.7000000000,1226.8330000000,0.2466545000
14.7200000000,1229.0000000000,0.2469788000
14.7400000000,1233.0000000000,0.2473049000
14.7600000000,1236.6670000000,0.2476692000
14.7800000000,1239.8330000000,0.2479935000
14.8000000000,1244.0000000000,0.2483177000
14.8200000000,1249.1670000000,0.2486420000
14.8400000000,1251.3330000000,0.2490082000
14.8600000000,1251.8330000000,0.2493324000
14.8800000000,1254.5000000000,0.2496567000
14.9000000000,1258.8330000000,0.2499809000
14.9200000000,1264.0000000000,0.2503052000
14.9400000000,1267.8330000000,0.2506294000
14.9600000000,1270.6670000000,0.2509937000
14.9800000000,1274.5000000000,0.2513199000
15.0000000000,1279.5000000000,0.2516441000
15.0200000000,1284.0000000000,0.2519684000
15.0400000000,1284.0000000000,0.2522926000
15.0600000000,1284.3330000000,0.2526569000
15.0800000000,1286.5000000000,0.2529812000
15.1000000000,1290.8330000000,0.2533054000
15.1200000000,1295.6670000000,0.2536316000
15.1400000000,1297.6670000000,0.2539959000
15.1600000000,1298.5000000000,0.2543201000
15.1800000000,1301.3330000000,0.2546444000
15.2000000000,1305.0000000000,0.2550087000
15.2200000000,1308.8330000000,0.2553349000
15.2400000000,1311.3330000000,0.2556591000
15.2600000000,1314.5000000000,0.2559834000
15.2800000000,1319.1670000000,0.2563477000
15.3000000000,1323.8330000000,0.2566719000
15.3200000000,1327.6670000000,0.2569962000
15.3400000000,1329.5000000000,0.2573204000
15.3600000000,1330.6670000000,0.2576447000
15.3800000000,1333.8330000000,0.2580109000
15.4000000000,1338.5000000000,0.2583351000
15.4200000000,1343.1670000000,0.2586594000
15.4400000000,1345.1670000000,0.2590237000
15.4600000000,1346.3330000000,0.2593498000
15.4800000000,1349.0000000000,0.2596741000
15.5000000000,1352.5000000000,0.2599983000
15.5200000000,1356.0000000000,0.2603626000
15.5400000000,1358.8330000000,0.2606869000
15.5600000000,1363.1670000000,0.2610111000
15.5800000000,1367.0000000000,0.2613354000
15.6000000000,1370.1670000000,0.2617016000
15.6200000000,1373.0000000000,0.2620258000
15.6400000000,1375.8330000000,0.2623501000
15.6600000000,1378.1670000000,0.2626743000
15.6800000000,1381.5000000000,0.2629986000
15.7000000000,1385.3330000000,0.2633228000
15.7200000000,1389.1670000000,0.2636890000
15.7400000000,1393.1670000000,0.2640133000
15.7600000000,1397.1670000000,0.2643375000
15.7800000000,1401.5000000000,0.2647018000
15.8000000000,1404.8330000000,0.2650261000
15.8200000000,1406.8330000000,0.2653503000
15.8400000000,1407.3330000000,0.2656746000
15.8600000000,1410.1670000000,0.2660408000
15.8800000000,1414.5000000000,0.2663651000
15.9000000000,1419.3330000000,0.2666893000
15.9200000000,1422.8330000000,0.2670135000
15.9400000000,1423.8330000000,0.2673378000
15.9600000000,1424.8330000000,0.2677040000
15.9800000000,1427.1670000000,0.2680283000
16.0000000000,1430.0000000000,0.2683525000
16.0200000000,1433.5000000000,0.2686768000
16.0400000000,1437.8330000000,0.2690010000
16.0600000000,1442.3330000000,0.2693653000
16.0800000000,1447.1670000000,0.2696896000
16.1000000000,1450.5000000000,0.2700157000
16.1200000000,1452.5000000000,0.2703400000
16.1400000000,1453.8330000000,0.2707043000
16.1600000000,1457.8330000000,0.2710285000
16.1800000000,1461.5000000000,0.2713528000
16.2000000000,1464.3330000000,0.2717190000
16.2200000000,1467.1670000000,0.2720432000
16.2400000000,1471.1670000000,0.2723675000
16.2600000000,1477.3330000000,0.2726917000
16.2800000000,1483.3330000000,0.2730160000
16.3000000000,1486.3330000000,0.2733402000
16.3200000000,1487.0000000000,0.2736645000
16.3400000000,1487.3330000000,0.2740307000
16.3600000000,1488.5000000000,0.2743549000
16.3800000000,1492.1670000000,0.2746792000
16.4000000000,1496.0000000000,0.2750034000
16.4200000000,1499.1670000000,0.2753277000
16.4400000000,1501.5000000000,0.2756920000
16.4600000000,1504.1670000000,0.2760162000
16.4800000000,1507.3330000000,0.2763405000
16.5000000000,1510.8330000000,0.2767067000
16.5200000000,1514.3330000000,0.2770309000
16.5400000000,1516.6670000000,0.2773552000
16.5600000000,1521.1670000000,0.2776794000
16.5800000000,1525.5000000000,0.2780037000
16.6000000000,1528.0000000000,0.2783279000
16.6200000000,1530.0000000000,0.2786942000
16.6400000000,1533.0000000000,0.2790184000
16.6600000000,1537.5000000000,0.2793427000
16.6800000000,1542.1670000000,0.2796669000
16.7000000000,1545.5000000000,0.2799911000
16.7200000000,1547.8330000000,0.2803154000
16.7400000000,1549.6670000000,0.2806816000
16.7600000000,1552.5000000000,0.2810059000
16.7800000000,1555.5000000000,0.2813301000
16.8000000000,1558.6670000000,0.2816944000
16.8200000000,1561.3330000000,0.2820187000
16.8400000000,1563.6670000000,0.2823429000
16.8600000000,1567.1670000000,0.2826672000
16.8800000000,1571.5000000000,0.2829933000
16.9000000000,1574.6670000000,0.2833576000
16.9200000000,1577.5000000000,0.2836819000
16.9400000000,1581.5000000000,0.2840061000
16.9600000000,1587.5000000000,0.2843304000
16.9800000000,1591.0000000000,0.2846546000
17.0000000000,1593.1670000000,0.2849789000
17.0200000000,1595.6670000000,0.2853031000
17.0400000000,1599.0000000000,0.2856693000
17.0600000000,1604.8330000000,0.2859936000
17.0800000000,1609.1670000000,0.2863178000
17.1000000000,1612.0000000000,0.2866421000
17.1200000000,1614.8330000000,0.2870083000
17.1400000000,1618.3330000000,0.2873325000
17.1600000000,1620.8330000000,0.2876568000
17.1800000000,1623.5000000000,0.2879810000
17.2000000000,1626.0000000000,0.2883453000
17.2200000000,1629.0000000000,0.2886696000
17.2400000000,1633.0000000000,0.2889938000
17.2600000000,1638.5000000000,0.2893181000
17.2800000000,1640.3330000000,0.2896442000
17.3000000000,1640.6670000000,0.2899685000
17.3200000000,1641.1670000000,0.2902927000
17.3400000000,1642.3330000000,0.2906570000
17.3600000000,1644.5000000000,0.2909813000
17.3800000000,1650.1670000000,0.2913055000
17.4000000000,1655.0000000000,0.2916298000
17.4200000000,1659.5000000000,0.2919960000
17.4400000000,1664.0000000000,0.2923203000
17.4600000000,1667.6670000000,0.2926445000
17.4800000000,1668.8330000000,0.2930088000
17.5000000000,1672.0000000000,0.2933331000
17.5200000000,1676.0000000000,0.2936592000
17.5400000000,1680.0000000000,0.2939835000
17.5600000000,1684.3330000000,0.2943478000
17.5800000000,1688.6670000000,0.2946720000
17.6000000000,1693.1670000000,0.2949963000
17.6200000000,1697.0000000000,0.2953205000
17.6400000000,1699.3330000000,0.2956448000
17.6600000000,1700.3330000000,0.2959709000
17.6800000000,1702.3330000000,0.2963352000
17.7000000000,1704.8330000000,0.2966595000
17.7200000000,1707.8330000000,0.2969837000
17.7400000000,1710.8330000000,0.2973080000
17.7600000000,1714.0000000000,0.2976742000
17.7800000000,1718.5000000000,0.2979984000
17.8000000000,1721.6670000000,0.2983227000
17.8200000000,1724.3330000000,0.2986870000
17.8400000000,1727.0000000000,0.2990112000
17.8600000000,1729.8330000000,0.2993355000
17.8800000000,1732.0000000000,0.2997017000
17.9000000000,1734.8330000000,0.3000259000
17.9200000000,1739.1670000000,0.3003502000
17.9400000000,1744.1670000000,0.3006744000
17.9600000000,1748.3330000000,0.3009987000
17.9800000000,1751.3330000000,0.3013229000
18.0000000000,1755.1670000000,0.3016891000
18.0200000000,1759.0000000000,0.3020134000
18.0400000000,1761.8330000000,0.3023376000
18.0600000000,1763.8330000000,0.3026619000
18.0800000000,1767.6670000000,0.3030262000
18.1000000000,1771.8330000000,0.3033504000
18.1200000000,1775.3330000000,0.3036747000
18.1400000000,1777.6670000000,0.3040409000
18.1600000000,1778.8330000000,0.3043652000
18.1800000000,1780.6670000000,0.3046894000
18.2000000000,1785.0000000000,0.3050137000
18.2200000000,1789.1670000000,0.3053780000
18.2400000000,1792.1670000000,0.3057041000
18.2600000000,1794.1670000000,0.3060284000
18.2800000000,1799.8330000000,0.3063526000
18.3000000000,1805.8330000000,0.3066769000
18.3200000000,1808.6670000000,0.3070011000
18.3400000000,1809.3330000000,0.3073254000
18.3600000000,1810.3330000000,0.3076897000
18.3800000000,1815.3330000000,0.3080139000
18.4000000000,1820.3330000000,0.3083401000
18.4200000000,1823.8330000000,0.3086643000
18.4400000000,1826.3330000000,0.3090286000
18.4600000000,1828.5000000000,0.3093529000
18.4800000000,1830.5000000000,0.3096771000
18.5000000000,1833.3330000000,0.3100433000
18.5200000000,1837.3330000000,0.3103676000
18.5400000000,1841.1670000000,0.3106918000
18.5600000000,1844.1670000000,0.3110161000
18.5800000000,1847.1670000000,0.3113403000
18.6000000000,1851.0000000000,0.3117046000
18.6200000000,1853.6670000000,0.3120289000
18.6400000000,1856.1670000000,0.3123550000
18.6600000000,1859.3330000000,0.3126793000
18.6800000000,1864.0000000000,0.3130035000
18.7000000000,1867.5000000000,0.3133278000
18.7200000000,1871.0000000000,0.3136921000
18.7400000000,1874.8330000000,0.3140163000
18.7600000000,1878.6670000000,0.3143406000
18.7800000000,1882.5000000000,0.3147068000
18.8000000000,1887.0000000000,0.3150311000
18.8200000000,1889.8330000000,0.3153553000
18.8400000000,1892.0000000000,0.3156796000
18.8600000000,1894.6670000000,0.3160439000
18.8800000000,1899.0000000000,0.3163700000
18.9000000000,1902.5000000000,0.3166943000
18.9200000000,1905.6670000000,0.3170185000
18.9400000000,1909.6670000000,0.3173428000
18.9600000000,1914.5000000000,0.3176670000
18.9800000000,1918.5000000000,0.3179913000
19.0000000000,1921.0000000000,0.3183556000
19.0200000000,1922.0000000000,0.3186798000
19.0400000000,1923.0000000000,0.3190060000
19.0600000000,1925.1670000000,0.3193302000
19.0800000000,1930.6670000000,0.3196545000
19.1000000000,1935.6670000000,0.3200188000
19.1200000000,1937.5000000000,0.3203430000
19.1400000000,1938.5000000000,0.3206673000
19.1600000000,1940.3330000000,0.3210335000
19.1800000000,1944.3330000000,0.3213577000
19.2000000000,1947.6670000000,0.3216820000
19.2200000000,1950.6670000000,0.3220062000
19.2400000000,1954.8330000000,0.3223305000
19.2600000000,1960.1670000000,0.3226547000
19.2800000000,1965.1670000000,0.3230209000
19.3000000000,1967.3330000000,0.3233452000
19.3200000000,1969.8330000000,0.3236694000
19.3400000000,1972.8330000000,0.3239937000
19.3600000000,1976.1670000000,0.3243179000
19.3800000000,1979.6670000000,0.3246422000
19.4000000000,1982.1670000000,0.3250065000
19.4200000000,1984.3330000000,0.3253326000
19.4400000000,1987.1670000000,0.3256569000
19.4600000000,1990.5000000000,0.3259811000
19.4800000000,1993.5000000000,0.3263454000
19.5000000000,1996.1670000000,0.3266697000
19.5200000000,1999.1670000000,0.3269939000
19.5400000000,2003.3330000000,0.3273182000
19.5600000000,2008.3330000000,0.3276844000
19.5800000000,2013.0000000000,0.3280087000
19.6000000000,2014.5000000000,0.3283329000
19.6200000000,2016.6670000000,0.3286572000
19.6400000000,2019.5000000000,0.3289814000
19.6600000000,2022.5000000000,0.3293056000
19.6800000000,2025.8330000000,0.3296299000
19.7000000000,2029.0000000000,0.3299961000
19.7200000000,2033.0000000000,0.3303204000
19.7400000000,2037.6670000000,0.3306446000
19.7600000000,2042.1670000000,0.3309689000
19.7800000000,2044.8330000000,0.3313332000
19.8000000000,2046.6670000000,0.3316574000
19.8200000000,2048.8330000000,0.3319836000
19.8400000000,2051.8330000000,0.3323078000
19.8600000000,2055.5000000000,0.3326721000
19.8800000000,2058.8330000000,0.3329964000
19.9000000000,2061.5000000000,0.3333206000
19.9200000000,2065.6670000000,0.3336449000
19.9400000000,2070.0000000000,0.3339691000
19.9600000000,2074.3330000000,0.3342953000
19.9800000000,2077.8330000000,0.3346596000
20.0000000000,2080.3330000000,0.3349838000
20.0200000000,2082.8330000000,0.3353081000
20.0400000000,2085.6670000000,0.3356323000
20.0600000000,2089.0000000000,0.3359985000
20.0800000000,2092.1670000000,0.3363228000
20.1000000000,2095.0000000000,0.3366470000
20.1200000000,2097.5000000000,0.3370113000
20.1400000000,2100.6670000000,0.3373356000
20.1600000000,2104.5000000000,0.3376598000
20.1800000000,2108.6670000000,0.3380260000
20.2000000000,2112.0000000000,0.3383503000
20.2200000000,2117.0000000000,0.3386745000
20.2400000000,2123.1670000000,0.3389988000
20.2600000000,2128.3330000000,0.3393631000
20.2800000000,2130.5000000000,0.3396873000
20.3000000000,2130.8330000000,0.3400135000
20.3200000000,2133.6670000000,0.3403378000
20.3400000000,2136.8330000000,0.3406620000
20.3600000000,2139.8330000000,0.3410263000
20.3800000000,2142.1670000000,0.3413506000
20.4000000000,2144.5000000000,0.3416748000
20.4200000000,2150.5000000000,0.3419991000
20.4400000000,2155.1670000000,0.3423653000
20.4600000000,2157.6670000000,0.3426895000
20.4800000000,2158.3330000000,0.3430138000
20.5000000000,2160.0000000000,0.3433781000
20.5200000000,2162.3330000000,0.3437023000
20.5400000000,2165.8330000000,0.3440285000
20.5600000000,2169.6670000000,0.3443527000
20.5800000000,2173.1670000000,0.3446770000
20.6000000000,2176.0000000000,0.3450012000
20.6200000000,2180.6670000000,0.3453655000
20.6400000000,2184.6670000000,0.3456898000
20.6600000000,2187.6670000000,0.3460140000
20.6800000000,2190.6670000000,0.3463383000
20.7000000000,2194.6670000000,0.3466644000
20.7200000000,2198.6670000000,0.3470287000
20.7400000000,2202.0000000000,0.3473530000
20.7600000000,2204.6670000000,0.3476772000
20.7800000000,2206.6670000000,0.3480015000
20.8000000000,2208.8330000000,0.3483677000
20.8200000000,2212.1670000000,0.3486919000
20.8400000000,2215.6670000000,0.3490162000
20.8600000000,2218.6670000000,0.3493805000
20.8800000000,2221.5000000000,0.3497047000
20.9000000000,2226.0000000000,0.3500290000
20.9200000000,2233.0000000000,0.3503532000
20.9400000000,2236.5000000000,0.3506794000
20.9600000000,2238.0000000000,0.3510036000
20.9800000000,2239.0000000000,0.3513279000
21.0000000000,2242.3330000000,0.3516922000
21.0200000000,2246.5000000000,0.3520164000
21.0400000000,2250.1670000000,0.3523407000
21.0600000000,2254.0000000000,0.3526649000
21.0800000000,2257.6670000000,0.3530312000
21.1000000000,2260.1670000000,0.3533554000
21.1200000000,2263.0000000000,0.3536797000
21.1400000000,2266.5000000000,0.3540039000
21.1600000000,2269.3330000000,0.3543682000
21.1800000000,2272.0000000000,0.3546944000
21.2000000000,2275.6670000000,0.3550186000
21.2200000000,2279.1670000000,0.3553429000
21.2400000000,2282.3330000000,0.3556671000
21.2600000000,2285.5000000000,0.3560314000
21.2800000000,2288.5000000000,0.3563557000
21.3000000000,2290.8330000000,0.3566799000
21.3200000000,2293.3330000000,0.3570061000
21.3400000000,2296.8330000000,0.3573303000
21.3600000000,2299.6670000000,0.3576546000
21.3800000000,2302.5000000000,0.3580189000
21.4000000000,2307.0000000000,0.3583431000
21.4200000000,2311.6670000000,0.3586674000
21.4400000000,2314.3330000000,0.3590336000
21.4600000000,2317.1670000000,0.3593578000
21.4800000000,2320.8330000000,0.3596821000
21.5000000000,2324.3330000000,0.3600063000
21.5200000000,2327.8330000000,0.3603706000
21.5400000000,2332.0000000000,0.3606949000
21.5600000000,2335.8330000000,0.3610210000
21.5800000000,2339.3330000000,0.3613453000
21.6000000000,2344.0000000000,0.3616695000
21.6200000000,2348.6670000000,0.3619938000
21.6400000000,2350.0000000000,0.3623180000
21.6600000000,2351.5000000000,0.3626423000
21.6800000000,2354.5000000000,0.3630066000
21.7000000000,2359.5000000000,0.3633308000
21.7200000000,2362.5000000000,0.3636570000
21.7400000000,2364.1670000000,0.3639812000
21.7600000000,2366.6670000000,0.3643456000
21.7800000000,2370.0000000000,0.3646698000
21.8000000000,2373.6670000000,0.3649940000
21.8200000000,2375.5000000000,0.3653183000
21.8400000000,2377.8330000000,0.3656845000
21.8600000000,2381.1670000000,0.3660088000
21.8800000000,2385.1670000000,0.3663330000
21.9000000000,2389.0000000000,0.3666573000
21.9200000000,2392.5000000000,0.3669815000
21.9400000000,2396.5000000000,0.3673058000
21.9600000000,2400.5000000000,0.3676300000
21.9800000000,2404.5000000000,0.3679962000
22.0000000000,2407.8330000000,0.3683205000
22.0200000000,2410.5000000000,0.3686447000
22.0400000000,2414.0000000000,0.3689690000
22.0600000000,2417.0000000000,0.3693333000
22.0800000000,2419.6670000000,0.3696575000
22.1000000000,2422.0000000000,0.3699837000
22.1200000000,2424.5000000000,0.3703079000
22.1400000000,2427.1670000000,0.3706722000
22.1600000000,2430.3330000000,0.3709965000
22.1800000000,2434.0000000000,0.3713207000
22.2000000000,2438.0000000000,0.3716450000
22.2200000000,2441.6670000000,0.3720112000
22.2400000000,2444.0000000000,0.3723354000
22.2600000000,2448.5000000000,0.3726597000
22.2800000000,2453.0000000000,0.3729839000
22.3000000000,2455.3330000000,0.3733082000
22.3200000000,2455.5000000000,0.3736324000
22.3400000000,2459.5000000000,0.3739967000
22.3600000000,2463.1670000000,0.3743229000
22.3800000000,2466.1670000000,0.3746471000
22.4000000000,2469.6670000000,0.3749714000
22.4200000000,2475.3330000000,0.3753357000
22.4400000000,2480.6670000000,0.3756599000
22.4600000000,2483.6670000000,0.3759842000
22.4800000000,2484.8330000000,0.3763504000
22.5000000000,2485.8330000000,0.3766747000
22.5200000000,2488.5000000000,0.3769989000
22.5400000000,2491.3330000000,0.3773632000
22.5600000000,2494.3330000000,0.3776875000
22.5800000000,2497.3330000000,0.3780117000
22.6000000000,2500.1670000000,0.3783379000
22.6200000000,2503.5000000000,0.3786621000
22.6400000000,2507.6670000000,0.3789864000
22.6600000000,2511.0000000000,0.3793507000
22.6800000000,2513.5000000000,0.3796749000
22.7000000000,2515.8330000000,0.3799992000
22.7200000000,2519.8330000000,0.3803234000
22.7400000000,2524.6670000000,0.3806896000
22.7600000000,2528.3330000000,0.3810139000
22.7800000000,2530.8330000000,0.3813381000
22.8000000000,2532.6670000000,0.3817024000
22.8200000000,2535.0000000000,0.3820267000
22.8400000000,2538.6670000000,0.3823528000
22.8600000000,2542.3330000000,0.3826771000
22.8800000000,2545.6670000000,0.3830414000
22.9000000000,2549.1670000000,0.3833656000
22.9200000000,2553.3330000000,0.3836899000
22.9400000000,2557.6670000000,0.3840141000
22.9600000000,2560.8330000000,0.3843384000
22.9800000000,2563.0000000000,0.3846645000
23.0000000000,2564.5000000000,0.3850288000
23.0200000000,2566.3330000000,0.3853531000
23.0400000000,2568.8330000000,0.3856773000
23.0600000000,2571.5000000000,0.3860016000
23.0800000000,2574.6670000000,0.3863678000
23.1000000000,2578.3330000000,0.3866920000
23.1200000000,2582.0000000000,0.3870163000
23.1400000000,2585.3330000000,0.3873806000
23.1600000000,2587.6670000000,0.3877048000
23.1800000000,2590.3330000000,0.3880291000
23.2000000000,2593.8330000000,0.3883533000
23.2200000000,2598.3330000000,0.3886795000
23.2400000000,2602.8330000000,0.3890038000
23.2600000000,2605.8330000000,0.3893681000
23.2800000000,2608.0000000000,0.3896923000
23.3000000000,2610.6670000000,0.3900166000
23.3200000000,2614.6670000000,0.3903408000
23.3400000000,2618.6670000000,0.3906651000
23.3600000000,2621.3330000000,0.3910313000
23.3800000000,2624.1670000000,0.3913555000
23.4000000000,2627.5000000000,0.3916798000
23.4200000000,2630.1670000000,0.3920040000
23.4400000000,2631.8330000000,0.3923683000
23.4600000000,2633.8330000000,0.3926926000
23.4800000000,2635.6670000000,0.3930187000
23.5000000000,2638.5000000000,0.3933830000
23.5200000000,2642.8330000000,0.3937073000
23.5400000000,2646.1670000000,0.3940315000
23.5600000000,2649.1670000000,0.3943558000
23.5800000000,2652.3330000000,0.3946800000
23.6000000000,2655.8330000000,0.3950043000
23.6200000000,2659.5000000000,0.3953304000
23.6400000000,2662.3330000000,0.3956947000
23.6600000000,2664.6670000000,0.3960190000
23.6800000000,2668.6670000000,0.3963432000
23.7000000000,2673.6670000000,0.3966675000
23.7200000000,2678.5000000000,0.3969917000
23.7400000000,2680.6670000000,0.3973579000
23.7600000000,2681.3330000000,0.3976822000
23.7800000000,2683.0000000000,0.3980064000
23.8000000000,2685.8330000000,0.3983707000
23.8200000000,2689.6670000000,0.3986950000
23.8400000000,2692.8330000000,0.3990192000
23.8600000000,2694.6670000000,0.3993454000
23.8800000000,2697.6670000000,0.3996696000
23.9000000000,2701.8330000000,0.3999939000
23.9200000000,2706.1670000000,0.4003582000
23.9400000000,2707.3330000000,0.4006824000
23.9600000000,2709.5000000000,0.4010067000
23.9800000000,2712.5000000000,0.4013309000
24.0000000000,2716.3330000000,0.4016552000
24.0200000000,2720.3330000000,0.4019814000
24.0400000000,2723.6670000000,0.4023457000
24.0600000000,2724.8330000000,0.4026699000
24.0800000000,2727.0000000000,0.4029942000
24.1000000000,2730.5000000000,0.4033184000
24.1200000000,2734.8330000000,0.4036846000
24.1400000000,2736.1670000000,0.4040089000
24.1600000000,2738.3330000000,0.4043331000
24.1800000000,2741.8330000000,0.4046574000
24.2000000000,2746.5000000000,0.4050217000
24.2200000000,2751.1670000000,0.4053459000
24.2400000000,2755.8330000000,0.4056702000
24.2600000000,2758.5000000000,0.4059963000
24.2800000000,2760.5000000000,0.4063206000
24.3000000000,2762.1670000000,0.4066448000
24.3200000000,2763.6670000000,0.4069691000
24.3400000000,2765.6670000000,0.4072933000
24.3600000000,2767.6670000000,0.4076576000
24.3800000000,2771.6670000000,0.4079819000
24.4000000000,2776.6670000000,0.4083080000
24.4200000000,2780.8330000000,0.4086323000
24.4400000000,2780.8330000000,0.4089966000
24.4600000000,2782.5000000000,0.4093208000
24.4800000000,2785.5000000000,0.4096451000
24.5000000000,2788.5000000000,0.4099693000
24.5200000000,2790.5000000000,0.4103355000
24.5400000000,2793.5000000000,0.4106598000
24.5600000000,2796.6670000000,0.4109840000
24.5800000000,2800.5000000000,0.4113083000
24.6000000000,2804.3330000000,0.4116325000
24.6200000000,2806.8330000000,0.4119968000
24.6400000000,2808.1670000000,0.4123230000
24.6600000000,2811.8330000000,0.4126472000
24.6800000000,2815.5000000000,0.4129715000
24.7000000000,2818.3330000000,0.4132957000
24.7200000000,2820.3330000000,0.4136600000
24.7400000000,2823.0000000000,0.4139843000
24.7600000000,2827.0000000000,0.4143085000
24.7800000000,2830.8330000000,0.4146748000
24.8000000000,2833.6670000000,0.4149990000
24.8200000000,2834.8330000000,0.4153233000
24.8400000000,2836.0000000000,0.4156876000
24.8600000000,2839.1670000000,0.4160118000
24.8800000000,2842.3330000000,0.4163361000
24.9000000000,2845.5000000000,0.4166622000
24.9200000000,2848.8330000000,0.4169865000
24.9400000000,2851.6670000000,0.4173508000
24.9600000000,2855.8330000000,0.4176750000
24.9800000000,2859.6670000000,0.4179993000
25.0000000000,2862.3330000000,0.4183235000
25.0200000000,2863.5000000000,0.4186478000
25.0400000000,2865.1670000000,0.4190140000
25.0600000000,2871.5000000000,0.4193382000
25.0800000000,2875.5000000000,0.4196625000
25.1000000000,2877.1670000000,0.4200268000
25.1200000000,2878.0000000000,0.4203510000
25.1400000000,2880.5000000000,0.4206772000
25.1600000000,2883.1670000000,0.4210415000
25.1800000000,2885.8330000000,0.4213657000
25.2000000000,2888.1670000000,0.4216900000
25.2200000000,2890.5000000000,0.4220142000
25.2400000000,2893.6670000000,0.4223804000
25.2600000000,2897.1670000000,0.4227047000
25.2800000000,2900.1670000000,0.4230289000
25.3000000000,2902.3330000000,0.4233532000
25.3200000000,2904.1670000000,0.4236774000
25.3400000000,2906.0000000000,0.4240017000
25.3600000000,2908.6670000000,0.4243660000
25.3800000000,2912.1670000000,0.4246922000
25.4000000000,2915.3330000000,0.4250164000
25.4200000000,2917.8330000000,0.4253807000
25.4400000000,2920.1670000000,0.4257050000
25.4600000000,2923.3330000000,0.4260292000
25.4800000000,2926.1670000000,0.4263954000
25.5000000000,2928.6670000000,0.4267197000
25.5200000000,2931.1670000000,0.4270439000
25.5400000000,2934.3330000000,0.4273682000
25.5600000000,2938.5000000000,0.4276924000
25.5800000000,2942.3330000000,0.4280167000
25.6000000000,2945.0000000000,0.4283409000
25.6200000000,2946.5000000000,0.4286652000
25.6400000000,2948.0000000000,0.4290314000
25.6600000000,2950.8330000000,0.4293556000
25.6800000000,2953.1670000000,0.4296799000
25.7000000000,2955.8330000000,0.4300041000
25.7200000000,2960.0000000000,0.4303684000
25.7400000000,2965.3330000000,0.4306927000
25.7600000000,2965.3330000000,0.4310188000
25.7800000000,2966.5000000000,0.4313431000
25.8000000000,2967.3330000000,0.4317074000
25.8200000000,2968.1670000000,0.4320316000
25.8400000000,2970.3330000000,0.4323559000
25.8600000000,2974.5000000000,0.4326801000
25.8800000000,2978.1670000000,0.4330044000
25.9000000000,2981.3330000000,0.4333706000
25.9200000000,2984.1670000000,0.4336948000
25.9400000000,2987.0000000000,0.4340191000
25.9600000000,2989.1670000000,0.4343433000
25.9800000000,2990.1670000000,0.4346676000
26.0000000000,2992.5000000000,0.4349918000
26.0200000000,2995.8330000000,0.4353580000
26.0400000000,2998.8330000000,0.4356823000
26.0600000000,3000.3330000000,0.4360065000
26.0800000000,3002.5000000000,0.4363308000
26.1000000000,3004.5000000000,0.4366951000
26.1200000000,3007.0000000000,0.4370193000
26.1400000000,3010.0000000000,0.4373436000
26.1600000000,3012.3330000000,0.4376698000
26.1800000000,3014.0000000000,0.4380341000
26.2000000000,3016.5000000000,0.4383583000
26.2200000000,3019.6670000000,0.4386826000
26.2400000000,3023.0000000000,0.4390068000
26.2600000000,3025.6670000000,0.4393311000
26.2800000000,3027.8330000000,0.4396553000
26.3000000000,3029.8330000000,0.4399815000
26.3200000000,3032.1670000000,0.4403458000
26.3400000000,3034.8330000000,0.4406700000
26.3600000000,3037.0000000000,0.4409943000
26.3800000000,3039.5000000000,0.4413185000
26.4000000000,3043.0000000000,0.4416428000
26.4200000000,3047.0000000000,0.4420090000
26.4400000000,3050.6670000000,0.4423332000
26.4600000000,3050.6670000000,0.4426575000
26.4800000000,3050.6670000000,0.4429817000
26.5000000000,3052.0000000000,0.4433460000
26.5200000000,3053.6670000000,0.4436703000
26.5400000000,3055.5000000000,0.4439945000
26.5600000000,3057.8330000000,0.4443207000
26.5800000000,3061.3330000000,0.4446449000
26.6000000000,3064.0000000000,0.4449692000
26.6200000000,3066.6670000000,0.4452934000
26.6400000000,3069.3330000000,0.4456577000
26.6600000000,3070.8330000000,0.4459820000
26.6800000000,3071.0000000000,0.4463062000
26.7000000000,3073.5000000000,0.4466324000
26.7200000000,3077.0000000000,0.4469967000
26.7400000000,3080.0000000000,0.4473209000
26.7600000000,3081.6670000000,0.4476452000
26.7800000000,3084.5000000000,0.4480095000
26.8000000000,3088.3330000000,0.4483356000
26.8200000000,3091.0000000000,0.4486599000
26.8400000000,3092.3330000000,0.4489841000
26.8600000000,3093.8330000000,0.4493084000
26.8800000000,3098.6670000000,0.4496727000
26.9000000000,3101.6670000000,0.4499969000
26.9200000000,3102.8330000000,0.4503212000
26.9400000000,3103.5000000000,0.4506474000
26.9600000000,3105.8330000000,0.4509716000
26.9800000000,3107.8330000000,0.4512959000
27.0000000000,3109.0000000000,0.4516602000
27.0200000000,3110.3330000000,0.4519844000
27.0400000000,3112.5000000000,0.4523087000
27.0600000000,3115.1670000000,0.4526749000
27.0800000000,3118.0000000000,0.4529991000
27.1000000000,3119.8330000000,0.4533234000
27.1200000000,3121.3330000000,0.4536877000
27.1400000000,3122.8330000000,0.4540119000
27.1600000000,3124.8330000000,0.4543362000
27.1800000000,3127.5000000000,0.4546623000
27.2000000000,3130.3330000000,0.4550266000
27.2200000000,3132.8330000000,0.4553509000
27.2400000000,3135.3330000000,0.4556751000
27.2600000000,3138.6670000000,0.4559994000
27.2800000000,3141.6670000000,0.4563236000
27.3000000000,3142.8330000000,0.4566479000
27.3200000000,3143.1670000000,0.4570141000
27.3400000000,3144.1670000000,0.4573383000
27.3600000000,3146.5000000000,0.4576626000
27.3800000000,3149.8330000000,0.4580269000
27.4000000000,3150.6670000000,0.4583511000
27.4200000000,3151.1670000000,0.4586773000
27.4400000000,3152.8330000000,0.4590416000
27.4600000000,3156.1670000000,0.4593658000
27.4800000000,3158.0000000000,0.4596901000
27.5000000000,3159.6670000000,0.4600143000
27.5200000000,3161.8330000000,0.4603806000
27.5400000000,3164.3330000000,0.4607048000
27.5600000000,3166.5000000000,0.4610291000
27.5800000000,3168.6670000000,0.4613533000
27.6000000000,3170.5000000000,0.4616776000
27.6200000000,3171.6670000000,0.4620018000
27.6400000000,3173.6670000000,0.4623260000
27.6600000000,3177.8330000000,0.4626904000
27.6800000000,3181.3330000000,0.4630165000
27.7000000000,3182.6670000000,0.4633408000
27.7200000000,3184.1670000000,0.4636650000
27.7400000000,3186.1670000000,0.4640293000
27.7600000000,3188.0000000000,0.4643536000
27.7800000000,3189.8330000000,0.4646778000
27.8000000000,3190.5000000000,0.4650440000
27.8200000000,3191.0000000000,0.4653683000
27.8400000000,3192.5000000000,0.4656925000
27.8600000000,3196.1670000000,0.4660168000
27.8800000000,3200.0000000000,0.4663410000
27.9000000000,3200.8330000000,0.4667053000
27.9200000000,3201.0000000000,0.4670315000
27.9400000000,3202.1670000000,0.4673557000
27.9600000000,3204.3330000000,0.4676800000
27.9800000000,3206.8330000000,0.4680042000
28.0000000000,3208.0000000000,0.4683285000
28.0200000000,3209.1670000000,0.4686928000
28.0400000000,3210.6670000000,0.4690170000
28.0600000000,3213.0000000000,0.4693432000
28.0800000000,3215.1670000000,0.4696674000
28.1000000000,3216.5000000000,0.4700317000
28.1200000000,3218.0000000000,0.4703560000
28.1400000000,3220.1670000000,0.4706802000
28.1600000000,3222.5000000000,0.4710464000
28.1800000000,3223.8330000000,0.4713707000
28.2000000000,3224.5000000000,0.4716949000
28.2200000000,3227.1670000000,0.4720192000
28.2400000000,3231.3330000000,0.4723434000
28.2600000000,3235.5000000000,0.4726677000
28.2800000000,3235.5000000000,0.4729919000
28.3000000000,3235.8330000000,0.4733582000
28.3200000000,3236.0000000000,0.4736824000
28.3400000000,3236.8330000000,0.4740067000
28.3600000000,3238.5000000000,0.4743309000
28.3800000000,3239.5000000000,0.4746952000
28.4000000000,3240.8330000000,0.4750195000
28.4200000000,3241.8330000000,0.4753437000
28.4400000000,3243.1670000000,0.4756680000
28.4600000000,3244.8330000000,0.4760342000
28.4800000000,3246.8330000000,0.4763584000
28.5000000000,3248.3330000000,0.4766827000
28.5200000000,3250.6670000000,0.4770069000
28.5400000000,3253.0000000000,0.4773312000
28.5600000000,3255.0000000000,0.4776974000
28.5800000000,3256.3330000000,0.4780216000
28.6000000000,3259.3330000000,0.4783459000
28.6200000000,3262.3330000000,0.4786701000
28.6400000000,3264.0000000000,0.4789944000
28.6600000000,3264.1670000000,0.4793186000
28.6800000000,3264.3330000000,0.4796829000
28.7000000000,3267.5000000000,0.4800091000
28.7200000000,3270.1670000000,0.4803333000
28.7400000000,3271.5000000000,0.4806576000
28.7600000000,3271.5000000000,0.4810219000
28.7800000000,3271.5000000000,0.4813461000
28.8000000000,3271.6670000000,0.4816704000
28.8200000000,3273.6670000000,0.4819946000
28.8400000000,3275.8330000000,0.4823208000
28.8600000000,3277.6670000000,0.4826851000
28.8800000000,3279.0000000000,0.4830093000
28.9000000000,3283.6670000000,0.4833336000
28.9200000000,3285.1670000000,0.4836578000
28.9400000000,3285.6670000000,0.4839821000
28.9600000000,3286.1670000000,0.4843063000
28.9800000000,3286.1670000000,0.4846306000
29.0000000000,3289.1670000000,0.4849567000
29.0200000000,3292.3330000000,0.4853210000
29.0400000000,3294.1670000000,0.4856453000
29.0600000000,3295.1670000000,0.4859695000
29.0800000000,3297.0000000000,0.4863358000
29.1000000000,3299.3330000000,0.4866600000
29.1200000000,3300.0000000000,0.4869843000
29.1400000000,3300.1670000000,0.4873085000
29.1600000000,3300.6670000000,0.4876728000
29.1800000000,3302.1670000000,0.4879971000
29.2000000000,3303.0000000000,0.4883213000
29.2200000000,3305.3330000000,0.4886456000
29.2400000000,3306.6670000000,0.4889717000
29.2600000000,3307.0000000000,0.4892960000
29.2800000000,3308.3330000000,0.4896603000
29.3000000000,3308.5000000000,0.4899845000
29.3200000000,3309.6670000000,0.4903088000
29.3400000000,3310.3330000000,0.4906330000
29.3600000000,3311.1670000000,0.4909992000
29.3800000000,3313.5000000000,0.4913235000
29.4000000000,3316.8330000000,0.4916477000
29.4200000000,3317.3330000000,0.4920120000
29.4400000000,3317.3330000000,0.4923363000
29.4600000000,3317.6670000000,0.4926605000
29.4800000000,3318.5000000000,0.4930267000
29.5000000000,3320.8330000000,0.4933510000
29.5200000000,3323.5000000000,0.4936752000
29.5400000000,3326.3330000000,0.4939995000
29.5600000000,3329.0000000000,0.4943237000
29.5800000000,3330.8330000000,0.4946899000
29.6000000000,3331.5000000000,0.4950142000
29.6200000000,3331.6670000000,0.4953384000
29.6400000000,3331.6670000000,0.4956627000
29.6600000000,3332.1670000000,0.4959869000
29.6800000000,3333.6670000000,0.4963112000
29.7000000000,3336.6670000000,0.4966755000
29.7200000000,3337.1670000000,0.4970016000
29.7400000000,3337.3330000000,0.4973259000
29.7600000000,3337.3330000000,0.4976902000
29.7800000000,3337.3330000000,0.4980145000
29.8000000000,3338.1670000000,0.4983387000
29.8200000000,3339.1670000000,0.4987049000
29.8400000000,3340.1670000000,0.4990292000
29.8600000000,3342.1670000000,0.4993534000
29.8800000000,3345.5000000000,0.4996777000
29.9000000000,3349.1670000000,0.5000019000
29.9200000000,3349.6670000000,0.5003262000
29.9400000000,3349.6670000000,0.5006905000
29.9600000000,3350.1670000000,0.5010166000
29.9800000000,3351.0000000000,0.5013409000
30.0000000000,3352.0000000000,0.5016651000
30.0200000000,3352.3330000000,0.5020294000
30.0400000000,3353.0000000000,0.5023537000
30.0600000000,3354.5000000000,0.5026779000
30.0800000000,3356.5000000000,0.5030441000
30.1000000000,3356.6670000000,0.5033684000
30.1200000000,3357.1670000000,0.5036926000
30.1400000000,3357.6670000000,0.5040169000
30.1600000000,3358.5000000000,0.5043812000
30.1800000000,3359.8330000000,0.5047054000
30.2000000000,3361.3330000000,0.5050297000
30.2200000000,3362.8330000000,0.5053558000
30.2400000000,3366.1670000000,0.5056801000
30.2600000000,3368.5000000000,0.5060043000
30.2800000000,3368.1670000000,0.5063686000
30.3000000000,3366.6670000000,0.5066929000
30.3200000000,3366.6670000000,0.5070171000
30.3400000000,3369.8330000000,0.5073414000
30.3600000000,3372.1670000000,0.5076675000
30.3800000000,3372.5000000000,0.5080318000
30.4000000000,3373.8330000000,0.5083561000
30.4200000000,3373.8330000000,0.5086803000
30.4400000000,3375.1670000000,0.5090446000
30.4600000000,3376.0000000000,0.5093708000
30.4800000000,3376.0000000000,0.5096951000
30.5000000000,3376.1670000000,0.5100193000
30.5200000000,3376.3330000000,0.5103436000
30.5400000000,3377.5000000000,0.5106678000
30.5600000000,3378.6670000000,0.5110321000
30.5800000000,3380.0000000000,0.5113564000
30.6000000000,3381.1670000000,0.5116825000
30.6200000000,3381.3330000000,0.5120068000
30.6400000000,3382.3330000000,0.5123310000
30.6600000000,3383.8330000000,0.5126553000
30.6800000000,3385.1670000000,0.5130196000
30.7000000000,3385.5000000000,0.5133438000
30.7200000000,3385.8330000000,0.5136681000
30.7400000000,3388.3330000000,0.5140343000
30.7600000000,3389.8330000000,0.5143585000
30.7800000000,3390.0000000000,0.5146828000
30.8000000000,3390.5000000000,0.5150070000
30.8200000000,3390.5000000000,0.5153713000
30.8400000000,3390.5000000000,0.5156975000
30.8600000000,3391.1670000000,0.5160217000
30.8800000000,3392.5000000000,0.5163460000
30.9000000000,3394.6670000000,0.5166702000
30.9200000000,3398.6670000000,0.5169945000
30.9400000000,3399.5000000000,0.5173187000
30.9600000000,3398.6670000000,0.5176830000
30.9800000000,3397.6670000000,0.5180073000
31.0000000000,3397.8330000000,0.5183334000
31.0200000000,3399.6670000000,0.5186577000
31.0400000000,3400.1670000000,0.5189819000
31.0600000000,3401.0000000000,0.5193462000
31.0800000000,3402.1670000000,0.5196705000
31.1000000000,3403.0000000000,0.5199947000
31.1200000000,3403.0000000000,0.5203609000
31.1400000000,3402.5000000000,0.5206852000
31.1600000000,3402.3330000000,0.5210094000
31.1800000000,3402.8330000000,0.5213337000
31.2000000000,3404.6670000000,0.5216579000
31.2200000000,3408.5000000000,0.5219822000
31.2400000000,3409.1670000000,0.5223484000
31.2600000000,3409.1670000000,0.5226727000
31.2800000000,3409.1670000000,0.5229969000
31.3000000000,3409.3330000000,0.5233212000
31.3200000000,3411.0000000000,0.5236454000
31.3400000000,3411.6670000000,0.5239697000
31.3600000000,3411.8330000000,0.5243340000
31.3800000000,3412.0000000000,0.5246601000
31.4000000000,3412.1670000000,0.5249844000
31.4200000000,3412.3330000000,0.5253086000
31.4400000000,3413.0000000000,0.5256729000
31.4600000000,3413.3330000000,0.5259972000
31.4800000000,3413.8330000000,0.5263214000
31.5000000000,3415.3330000000,0.5266457000
31.5200000000,3416.6670000000,0.5270119000
31.5400000000,3416.8330000000,0.5273361000
31.5600000000,3416.8330000000,0.5276604000
31.5800000000,3417.5000000000,0.5279846000
31.6000000000,3419.0000000000,0.5283089000
31.6200000000,3420.5000000000,0.5286331000
31.6400000000,3420.8330000000,0.5289993000
31.6600000000,3421.5000000000,0.5293236000
31.6800000000,3422.6670000000,0.5296478000
31.7000000000,3424.3330000000,0.5299721000
31.7200000000,3424.3330000000,0.5303364000
31.7400000000,3424.6670000000,0.5306606000
31.7600000000,3425.1670000000,0.5309849000
31.7800000000,3425.6670000000,0.5313511000
31.8000000000,3426.3330000000,0.5316753000
31.8200000000,3427.5000000000,0.5319996000
31.8400000000,3428.3330000000,0.5323238000
31.8600000000,3428.8330000000,0.5326881000
31.8800000000,3429.5000000000,0.5330143000
31.9000000000,3430.3330000000,0.5333385000
31.9200000000,3430.3330000000,0.5336628000
31.9400000000,3430.5000000000,0.5339870000
31.9600000000,3430.6670000000,0.5343513000
31.9800000000,3431.1670000000,0.5346756000
32.0000000000,3432.5000000000,0.5349998000
32.0200000000,3432.5000000000,0.5353260000
32.0400000000,3432.5000000000,0.5356903000
32.0600000000,3433.3330000000,0.5360146000
32.0800000000,3434.6670000000,0.5363388000
32.1000000000,3435.5000000000,0.5367031000
32.1200000000,3435.5000000000,0.5370293000
32.1400000000,3435.5000000000,0.5373535000
32.1600000000,3435.8330000000,0.5376778000
32.1800000000,3436.5000000000,0.5380421000
32.2000000000,3437.6670000000,0.5383663000
32.2200000000,3438.6670000000,0.5386906000
32.2400000000,3441.0000000000,0.5390148000
32.2600000000,3442.3330000000,0.5393410000
32.2800000000,3442.6670000000,0.5396652000
32.3000000000,3442.6670000000,0.5400295000
32.3200000000,3442.6670000000,0.5403538000
32.3400000000,3442.8330000000,0.5406780000
32.3600000000,3444.3330000000,0.5410023000
32.3800000000,3445.5000000000,0.5413685000
32.4000000000,3445.3330000000,0.5416927000
32.4200000000,3444.5000000000,0.5420170000
32.4400000000,3443.8330000000,0.5423813000
32.4600000000,3443.5000000000,0.5427055000
32.4800000000,3443.3330000000,0.5430298000
32.5000000000,3443.3330000000,0.5433559000
32.5200000000,3443.6670000000,0.5436802000
32.5400000000,3445.1670000000,0.5440044000
32.5600000000,3445.6670000000,0.5443287000
32.5800000000,3446.1670000000,0.5446930000
32.6000000000,3447.1670000000,0.5450172000
32.6200000000,3448.8330000000,0.5453415000
32.6400000000,3449.5000000000,0.5456657000
32.6600000000,3449.8330000000,0.5460320000
32.6800000000,3450.5000000000,0.5463562000
32.7000000000,3451.5000000000,0.5466805000
32.7200000000,3452.3330000000,0.5470047000
32.7400000000,3452.3330000000,0.5473709000
32.7600000000,3452.3330000000,0.5476952000
32.7800000000,3452.3330000000,0.5480194000
32.8000000000,3452.1670000000,0.5483437000
32.8200000000,3452.1670000000,0.5487080000
32.8400000000,3453.6670000000,0.5490322000
32.8600000000,3454.8330000000,0.5493565000
32.8800000000,3455.5000000000,0.5496807000
32.9000000000,3455.5000000000,0.5500069000
32.9200000000,3455.5000000000,0.5503311000
32.9400000000,3456.5000000000,0.5506554000
32.9600000000,3456.8330000000,0.5510197000
32.9800000000,3456.8330000000,0.5513439000
33.0000000000,3457.0000000000,0.5516682000
33.0200000000,3457.0000000000,0.5519924000
33.0400000000,3460.0000000000,0.5523586000
33.0600000000,3460.6670000000,0.5526829000
33.0800000000,3460.3330000000,0.5530071000
33.1000000000,3459.6670000000,0.5533314000
33.1200000000,3459.5000000000,0.5536957000
33.1400000000,3458.6670000000,0.5540218000
33.1600000000,3458.6670000000,0.5543461000
33.1800000000,3459.0000000000,0.5546703000
33.2000000000,3460.3330000000,0.5549946000
33.2200000000,3462.6670000000,0.5553589000
33.2400000000,3462.6670000000,0.5556831000
33.2600000000,3462.3330000000,0.5560074000
33.2800000000,3461.3330000000,0.5563335000
33.3000000000,3460.5000000000,0.5566578000
33.3200000000,3460.6670000000,0.5569820000
33.3400000000,3462.6670000000,0.5573463000
33.3600000000,3463.0000000000,0.5576706000
33.3800000000,3463.0000000000,0.5579948000
33.4000000000,3462.8330000000,0.5583611000
33.4200000000,3462.8330000000,0.5586853000
33.4400000000,3463.3330000000,0.5590096000
33.4600000000,3463.8330000000,0.5593338000
33.4800000000,3464.1670000000,0.5596981000
33.5000000000,3464.5000000000,0.5600224000
33.5200000000,3465.5000000000,0.5603466000
33.5400000000,3468.3330000000,0.5606728000
33.5600000000,3469.0000000000,0.5609970000
33.5800000000,3469.0000000000,0.5613213000
33.6000000000,3469.0000000000,0.5616455000
33.6200000000,3468.8330000000,0.5620098000
33.6400000000,3468.8330000000,0.5623341000
33.6600000000,3469.1670000000,0.5626583000
33.6800000000,3470.1670000000,0.5629845000
33.7000000000,3471.0000000000,0.5633087000
33.7200000000,3470.8330000000,0.5636730000
33.7400000000,3469.0000000000,0.5639973000
33.7600000000,3468.6670000000,0.5643215000
33.7800000000,3468.5000000000,0.5646458000
33.8000000000,3468.6670000000,0.5650120000
33.8200000000,3469.3330000000,0.5653362000
33.8400000000,3470.1670000000,0.5656605000
33.8600000000,3470.6670000000,0.5659847000
33.8800000000,3471.1670000000,0.5663090000
33.9000000000,3471.8330000000,0.5666332000
33.9200000000,3472.1670000000,0.5669575000
33.9400000000,3472.1670000000,0.5673237000
33.9600000000,3473.1670000000,0.5676479000
33.9800000000,3473.8330000000,0.5679722000
34.0000000000,3474.0000000000,0.5682964000
34.0200000000,3474.0000000000,0.5686607000
34.0400000000,3474.0000000000,0.5689850000
34.0600000000,3473.8330000000,0.5693092000
34.0800000000,3473.5000000000,0.5696754000
34.1000000000,3473.3330000000,0.5699997000
34.1200000000,3473.1670000000,0.5703239000
34.1400000000,3473.1670000000,0.5706882000
34.1600000000,3473.6670000000,0.5710144000
34.1800000000,3475.0000000000,0.5713387000
34.2000000000,3476.1670000000,0.5716629000
34.2200000000,3476.8330000000,0.5719872000
34.2400000000,3477.0000000000,0.5723114000
34.2600000000,3478.8330000000,0.5726757000
34.2800000000,3479.3330000000,0.5730000000
34.3000000000,3479.1670000000,0.5733242000
34.3200000000,3478.6670000000,0.5736504000
34.3400000000,3478.6670000000,0.5740147000
34.3600000000,3479.8330000000,0.5743389000
34.3800000000,3480.6670000000,0.5746632000
34.4000000000,3481.0000000000,0.5750275000
34.4200000000,3481.0000000000,0.5753536000
34.4400000000,3480.1670000000,0.5756779000
34.4600000000,3479.6670000000,0.5760021000
34.4800000000,3479.5000000000,0.5763664000
34.5000000000,3479.3330000000,0.5766907000
34.5200000000,3479.3330000000,0.5770149000
34.5400000000,3479.6670000000,0.5773392000
34.5600000000,3481.0000000000,0.5776653000
34.5800000000,3481.3330000000,0.5780296000
34.6000000000,3481.1670000000,0.5783539000
34.6200000000,3480.8330000000,0.5786781000
34.6400000000,3480.8330000000,0.5790024000
34.6600000000,3480.8330000000,0.5793266000
34.6800000000,3480.6670000000,0.5796928000
34.7000000000,3480.6670000000,0.5800171000
34.7200000000,3480.8330000000,0.5803413000
34.7400000000,3481.5000000000,0.5807056000
34.7600000000,3483.0000000000,0.5810299000
34.7800000000,3483.5000000000,0.5813541000
34.8000000000,3483.1670000000,0.5816803000
34.8200000000,3482.6670000000,0.5820446000
34.8400000000,3482.6670000000,0.5823689000
34.8600000000,3484.8330000000,0.5826931000
34.8800000000,3486.6670000000,0.5830173000
34.9000000000,3487.3330000000,0.5833416000
34.9200000000,3487.0000000000,0.5836658000
34.9400000000,3486.0000000000,0.5839920000
34.9600000000,3485.1670000000,0.5843563000
34.9800000000,3484.1670000000,0.5846806000
35.0000000000,3483.6670000000,0.5850048000
35.0200000000,3484.1670000000,0.5853691000
35.0400000000,3486.8330000000,0.5856953000
35.0600000000,3486.8330000000,0.5860195000
35.0800000000,3485.3330000000,0.5863438000
35.1000000000,3484.0000000000,0.5867081000
35.1200000000,3483.3330000000,0.5870323000
35.1400000000,3483.3330000000,0.5873566000
35.1600000000,3483.3330000000,0.5876808000
35.1800000000,3483.6670000000,0.5880470000
35.2000000000,3484.3330000000,0.5883713000
35.2200000000,3485.1670000000,0.5886955000
35.2400000000,3485.6670000000,0.5890198000
35.2600000000,3486.1670000000,0.5893440000
35.2800000000,3486.5000000000,0.5896683000
35.3000000000,3487.3330000000,0.5900345000
35.3200000000,3488.5000000000,0.5903587000
35.3400000000,3488.3330000000,0.5906830000
35.3600000000,3487.0000000000,0.5910072000
35.3800000000,3486.1670000000,0.5913715000
35.4000000000,3485.8330000000,0.5916958000
35.4200000000,3485.8330000000,0.5920200000
35.4400000000,3485.8330000000,0.5923462000
35.4600000000,3486.5000000000,0.5927105000
35.4800000000,3487.0000000000,0.5930347000
35.5000000000,3487.6670000000,0.5933590000
35.5200000000,3488.5000000000,0.5936832000
35.5400000000,3488.3330000000,0.5940075000
35.5600000000,3488.1670000000,0.5943317000
35.5800000000,3488.0000000000,0.5946579000
35.6000000000,3488.0000000000,0.5950222000
35.6200000000,3488.5000000000,0.5953465000
35.6400000000,3490.0000000000,0.5956707000
35.6600000000,3492.1670000000,0.5959949000
35.6800000000,3492.5000000000,0.5963192000
35.7000000000,3492.3330000000,0.5966854000
35.7200000000,3491.8330000000,0.5970097000
35.7400000000,3491.3330000000,0.5973339000
35.7600000000,3490.5000000000,0.5976982000
35.7800000000,3489.5000000000,0.5980225000
35.8000000000,3489.1670000000,0.5983467000
35.8200000000,3489.1670000000,0.5986729000
35.8400000000,3489.1670000000,0.5989971000
35.8600000000,3489.5000000000,0.5993214000
35.8800000000,3489.5000000000,0.5996456000
35.9000000000,3489.5000000000,0.6000099000
35.9200000000,3489.5000000000,0.6003342000
35.9400000000,3489.5000000000,0.6006584000
35.9600000000,3489.5000000000,0.6009827000
35.9800000000,3490.3330000000,0.6013088000
36.0000000000,3490.8330000000,0.6016331000
36.0200000000,3491.0000000000,0.6019974000
36.0400000000,3491.0000000000,0.6023216000
36.0600000000,3490.5000000000,0.6026459000
36.0800000000,3490.3330000000,0.6030121000
36.1000000000,3490.1670000000,0.6033363000
36.1200000000,3490.1670000000,0.6036606000
36.1400000000,3490.1670000000,0.6039848000
36.1600000000,3490.8330000000,0.6043491000
36.1800000000,3491.1670000000,0.6046734000
36.2000000000,3493.5000000000,0.6049976000
36.2200000000,3495.5000000000,0.6053238000
36.2400000000,3495.3330000000,0.6056480000
36.2600000000,3495.1670000000,0.6059723000
36.2800000000,3495.0000000000,0.6062965000
36.3000000000,3494.5000000000,0.6066208000
36.3200000000,3493.8330000000,0.6069851000
36.3400000000,3493.0000000000,0.6073093000
36.3600000000,3492.8330000000,0.6076355000
36.3800000000,3491.6670000000,0.6079998000
36.4000000000,3491.1670000000,0.6083241000
36.4200000000,3491.3330000000,0.6086483000
36.4400000000,3491.5000000000,0.6089725000
36.4600000000,3491.5000000000,0.6093388000
36.4800000000,3491.3330000000,0.6096630000
36.5000000000,3491.3330000000,0.6099873000
36.5200000000,3491.6670000000,0.6103115000
36.5400000000,3492.6670000000,0.6106358000
36.5600000000,3494.1670000000,0.6110001000
36.5800000000,3494.6670000000,0.6113243000
36.6000000000,3494.8330000000,0.6116486000
36.6200000000,3494.6670000000,0.6119747000
36.6400000000,3494.5000000000,0.6122990000
36.6600000000,3494.5000000000,0.6126633000
36.6800000000,3495.0000000000,0.6129875000
36.7000000000,3495.1670000000,0.6133118000
36.7200000000,3494.3330000000,0.6136780000
36.7400000000,3493.1670000000,0.6140022000
36.7600000000,3493.1670000000,0.6143665000
36.7800000000,3494.1670000000,0.6146908000
36.8000000000,3494.3330000000,0.6150150000
36.8200000000,3494.3330000000,0.6153393000
36.8400000000,3494.1670000000,0.6157055000
36.8600000000,3494.1670000000,0.6160297000
36.8800000000,3495.5000000000,0.6163540000
36.9000000000,3495.8330000000,0.6166782000
36.9200000000,3495.0000000000,0.6170025000
36.9400000000,3493.5000000000,0.6173267000
36.9600000000,3493.5000000000,0.6176929000
36.9800000000,3494.5000000000,0.6180172000
37.0000000000,3496.1670000000,0.6183414000
37.0200000000,3497.5000000000,0.6186657000
37.0400000000,3498.0000000000,0.6190300000
37.0600000000,3498.6670000000,0.6193542000
37.0800000000,3498.6670000000,0.6196785000
37.1000000000,3496.5000000000,0.6200447000
37.1200000000,3494.6670000000,0.6203690000
37.1400000000,3494.0000000000,0.6206932000
37.1600000000,3494.0000000000,0.6210175000
37.1800000000,3494.1670000000,0.6213417000
37.2000000000,3494.5000000000,0.6217079000
37.2200000000,3495.5000000000,0.6220322000
37.2400000000,3496.6670000000,0.6223564000
37.2600000000,3496.6670000000,0.6226807000
37.2800000000,3495.5000000000,0.6230049000
37.3000000000,3495.3330000000,0.6233292000
37.3200000000,3495.1670000000,0.6236935000
37.3400000000,3495.1670000000,0.6240196000
37.3600000000,3495.1670000000,0.6243439000
37.3800000000,3495.0000000000,0.6247082000
37.4000000000,3494.5000000000,0.6250324000
37.4200000000,3494.1670000000,0.6253567000
37.4400000000,3494.6670000000,0.6257229000
37.4600000000,3495.8330000000,0.6260471000
37.4800000000,3496.3330000000,0.6263714000
37.5000000000,3497.8330000000,0.6266956000
37.5200000000,3498.5000000000,0.6270199000
37.5400000000,3498.5000000000,0.6273441000
37.5600000000,3498.3330000000,0.6277084000
37.5800000000,3496.6670000000,0.6280346000
37.6000000000,3496.3330000000,0.6283588000
37.6200000000,3496.6670000000,0.6286831000
37.6400000000,3496.8330000000,0.6290073000
37.6600000000,3496.8330000000,0.6293316000
37.6800000000,3496.1670000000,0.6296959000
37.7000000000,3496.0000000000,0.6300201000
37.7200000000,3496.0000000000,0.6303444000
37.7400000000,3495.3330000000,0.6307106000
37.7600000000,3493.3330000000,0.6310349000
37.7800000000,3493.1670000000,0.6313591000
37.8000000000,3493.1670000000,0.6316833000
37.8200000000,3494.1670000000,0.6320496000
37.8400000000,3495.0000000000,0.6323738000
37.8600000000,3495.0000000000,0.6326981000
37.8800000000,3495.1670000000,0.6330223000
37.9000000000,3495.3330000000,0.6333466000
37.9200000000,3495.3330000000,0.6336708000
37.9400000000,3495.1670000000,0.6339951000
37.9600000000,3494.5000000000,0.6343193000
37.9800000000,3494.5000000000,0.6346855000
38.0000000000,3495.6670000000,0.6350098000
38.0200000000,3496.1670000000,0.6353340000
38.0400000000,3495.5000000000,0.6356983000
38.0600000000,3494.0000000000,0.6360226000
38.0800000000,3494.0000000000,0.6363468000
38.1000000000,3494.0000000000,0.6366711000
38.1200000000,3493.6670000000,0.6369972000
38.1400000000,3493.5000000000,0.6373615000
38.1600000000,3493.6670000000,0.6376858000
38.1800000000,3494.3330000000,0.6380100000
38.2000000000,3494.3330000000,0.6383343000
38.2200000000,3494.0000000000,0.6386585000
38.2400000000,3493.5000000000,0.6389828000
38.2600000000,3493.8330000000,0.6393070000
38.2800000000,3495.5000000000,0.6396732000
38.3000000000,3495.5000000000,0.6399975000
38.3200000000,3494.5000000000,0.6403217000
38.3400000000,3493.6670000000,0.6406460000
38.3600000000,3494.0000000000,0.6410122000
38.3800000000,3495.0000000000,0.6413364000
38.4000000000,3495.1670000000,0.6416607000
38.4200000000,3492.8330000000,0.6419849000
38.4400000000,3490.8330000000,0.6423492000
38.4600000000,3490.6670000000,0.6426735000
38.4800000000,3490.6670000000,0.6429977000
38.5000000000,3490.6670000000,0.6433220000
38.5200000000,3490.8330000000,0.6436481000
38.5400000000,3490.8330000000,0.6439724000
38.5600000000,3490.8330000000,0.6443367000
38.5800000000,3490.8330000000,0.6446609000
38.6000000000,3489.6670000000,0.6449852000
38.6200000000,3488.8330000000,0.6453094000
38.6400000000,3488.5000000000,0.6456337000
38.6600000000,3488.5000000000,0.6459999000
38.6800000000,3488.5000000000,0.6463242000
38.7000000000,3488.5000000000,0.6466484000
38.7200000000,3488.5000000000,0.6469727000
38.7400000000,3488.3330000000,0.6473370000
38.7600000000,3488.3330000000,0.6476631000
38.7800000000,3488.3330000000,0.6479874000
38.8000000000,3488.1670000000,0.6483116000
38.8200000000,3487.5000000000,0.6486759000
38.8400000000,3487.1670000000,0.6490002000
38.8600000000,3487.5000000000,0.6493244000
38.8800000000,3489.1670000000,0.6496487000
38.9000000000,3489.1670000000,0.6499748000
38.9200000000,3488.0000000000,0.6502991000
38.9400000000,3487.0000000000,0.6506233000
38.9600000000,3486.5000000000,0.6509876000
38.9800000000,3485.5000000000,0.6513119000
39.0000000000,3485.5000000000,0.6516361000
39.0200000000,3485.1670000000,0.6520023000
39.0400000000,3485.0000000000,0.6523266000
39.0600000000,3484.5000000000,0.6526508000
39.0800000000,3482.6670000000,0.6530151000
39.1000000000,3482.6670000000,0.6533394000
39.1200000000,3483.0000000000,0.6536636000
39.1400000000,3483.5000000000,0.6540298000
39.1600000000,3483.6670000000,0.6543541000
39.1800000000,3483.6670000000,0.6546783000
39.2000000000,3483.8330000000,0.6550026000
39.2200000000,3484.5000000000,0.6553268000
39.2400000000,3484.8330000000,0.6556931000
39.2600000000,3484.3330000000,0.6560173000
39.2800000000,3482.5000000000,0.6563416000
39.3000000000,3482.5000000000,0.6566658000
39.3200000000,3482.1670000000,0.6570301000
39.3400000000,3482.0000000000,0.6573544000
39.3600000000,3481.5000000000,0.6576786000
39.3800000000,3480.1670000000,0.6580448000
39.4000000000,3479.8330000000,0.6583691000
39.4200000000,3478.8330000000,0.6586933000
39.4400000000,3477.8330000000,0.6590176000
39.4600000000,3477.3330000000,0.6593819000
39.4800000000,3477.5000000000,0.6597080000
39.5000000000,3479.0000000000,0.6600323000
39.5200000000,3479.3330000000,0.6603565000
39.5400000000,3478.3330000000,0.6606808000
39.5600000000,3477.3330000000,0.6610050000
39.5800000000,3477.5000000000,0.6613693000
39.6000000000,3477.8330000000,0.6616936000
39.6200000000,3477.8330000000,0.6620178000
39.6400000000,3477.5000000000,0.6623440000
39.6600000000,3477.1670000000,0.6626682000
39.6800000000,3476.8330000000,0.6630325000
39.7000000000,3476.6670000000,0.6633568000
39.7200000000,3476.0000000000,0.6636810000
39.7400000000,3474.6670000000,0.6640053000
39.7600000000,3473.3330000000,0.6643715000
39.7800000000,3472.8330000000,0.6646957000
39.8000000000,3472.5000000000,0.6650200000
39.8200000000,3472.5000000000,0.6653442000
39.8400000000,3472.5000000000,0.6657085000
39.8600000000,3473.0000000000,0.6660328000
39.8800000000,3474.0000000000,0.6663589000
39.9000000000,3473.8330000000,0.6666832000
39.9200000000,3473.8330000000,0.6670074000
39.9400000000,3472.3330000000,0.6673317000
39.9600000000,3470.8330000000,0.6676960000
39.9800000000,3470.8330000000,0.6680202000
40.0000000000,3470.8330000000,0.6683445000
40.0200000000,3470.0000000000,0.6686707000
40.0400000000,3469.1670000000,0.6690350000
40.0600000000,3468.5000000000,0.6693592000
40.0800000000,3468.1670000000,0.6696835000
40.1000000000,3468.1670000000,0.6700478000
40.1200000000,3468.5000000000,0.6703739000
40.1400000000,3469.0000000000,0.6706982000
40.1600000000,3469.5000000000,0.6710224000
40.1800000000,3470.1670000000,0.6713467000
40.2000000000,3471.6670000000,0.6717110000
40.2200000000,3471.8330000000,0.6720352000
40.2400000000,3470.6670000000,0.6723595000
40.2600000000,3469.6670000000,0.6726856000
40.2800000000,3469.0000000000,0.6730099000
40.3000000000,3467.0000000000,0.6733341000
40.3200000000,3466.3330000000,0.6736584000
40.3400000000,3465.5000000000,0.6740227000
40.3600000000,3464.8330000000,0.6743469000
40.3800000000,3464.3330000000,0.6746712000
40.4000000000,3461.5000000000,0.6750374000
40.4200000000,3461.1670000000,0.6753616000
40.4400000000,3460.8330000000,0.6756859000
40.4600000000,3460.5000000000,0.6760101000
40.4800000000,3459.6670000000,0.6763344000
40.5000000000,3458.6670000000,0.6766586000
40.5200000000,3458.6670000000,0.6769829000
40.5400000000,3459.3330000000,0.6773491000
40.5600000000,3459.8330000000,0.6776733000
40.5800000000,3459.5000000000,0.6779976000
40.6000000000,3458.6670000000,0.6783218000
40.6200000000,3458.6670000000,0.6786461000
40.6400000000,3459.5000000000,0.6789703000
40.6600000000,3460.0000000000,0.6793365000
40.6800000000,3459.1670000000,0.6796608000
40.7000000000,3456.0000000000,0.6799850000
40.7200000000,3454.3330000000,0.6803493000
40.7400000000,3453.5000000000,0.6806736000
40.7600000000,3453.1670000000,0.6809978000
40.7800000000,3452.6670000000,0.6813221000
40.8000000000,3451.3330000000,0.6816483000
40.8200000000,3451.3330000000,0.6820126000
40.8400000000,3451.5000000000,0.6823368000
40.8600000000,3451.8330000000,0.6826611000
40.8800000000,3452.0000000000,0.6829853000
40.9000000000,3452.0000000000,0.6833096000
40.9200000000,3451.5000000000,0.6836338000
40.9400000000,3450.6670000000,0.6839581000
40.9600000000,3449.5000000000,0.6843243000
40.9800000000,3448.0000000000,0.6846485000
41.0000000000,3446.5000000000,0.6849728000
41.0200000000,3446.5000000000,0.6852970000
41.0400000000,3446.5000000000,0.6856613000
41.0600000000,3445.3330000000,0.6859875000
41.0800000000,3442.5000000000,0.6863117000
41.1000000000,3438.5000000000,0.6866760000
41.1200000000,3437.1670000000,0.6870003000
41.1400000000,3436.3330000000,0.6873245000
41.1600000000,3434.8330000000,0.6876488000
41.1800000000,3432.5000000000,0.6879730000
41.2000000000,3429.0000000000,0.6884613000
41.2200000000,3424.1670000000,0.6887856000
41.2400000000,2609.5000000000,0.6890697000
41.2600000000,1359.8330000000,0.6893940000
41.2800000000,321.5000000000,0.6896763000
