"PlayTime","LoadValue","PositionValue"
"s","N","mm"
0.0000000000,5.8333330000,0.0017032620
0.0200000000,6.0000000000,0.0020275120
0.0400000000,6.0000000000,0.0023517610
0.0600000000,6.6666670000,0.0026760100
0.0800000000,7.3333330000,0.0030002590
0.1000000000,7.5000000000,0.0033245090
0.1200000000,7.8333330000,0.0036487580
0.1400000000,10.1666700000,0.0040149690
0.1600000000,11.0000000000,0.0043392180
0.1800000000,10.5000000000,0.0046634670
0.2000000000,9.3333330000,0.0050277710
0.2200000000,9.3333330000,0.0053520200
0.2400000000,10.3333300000,0.0057182310
0.2600000000,10.6666700000,0.0060424800
0.2800000000,10.6666700000,0.0063667300
0.3000000000,10.6666700000,0.0066909790
0.3200000000,11.3333300000,0.0070552830
0.3400000000,12.6666700000,0.0073795320
0.3600000000,13.0000000000,0.0077037810
0.3800000000,12.5000000000,0.0080299380
0.4000000000,11.6666700000,0.0083541870
0.4200000000,11.6666700000,0.0087184910
0.4400000000,12.5000000000,0.0090427400
0.4600000000,12.6666700000,0.0093669890
0.4800000000,12.1666700000,0.0097332000
0.5000000000,11.1666700000,0.0100574500
0.5200000000,11.1666700000,0.0103817000
0.5400000000,12.0000000000,0.0107059500
0.5600000000,13.1666700000,0.0110702500
0.5800000000,13.8333300000,0.0113945000
0.6000000000,14.1666700000,0.0117187500
0.6200000000,15.0000000000,0.0120449100
0.6400000000,15.3333300000,0.0123691600
0.6600000000,15.3333300000,0.0126934100
0.6800000000,14.6666700000,0.0130577100
0.7000000000,13.5000000000,0.0133819600
0.7200000000,13.5000000000,0.0137062100
0.7400000000,15.1666700000,0.0140304600
0.7600000000,16.5000000000,0.0143547100
0.7800000000,17.5000000000,0.0147209200
0.8000000000,18.1666700000,0.0150451700
0.8200000000,18.6666700000,0.0153694200
0.8400000000,18.6666700000,0.0157337200
0.8600000000,17.8333300000,0.0160598800
0.8800000000,17.5000000000,0.0163841200
0.9000000000,17.6666700000,0.0167083700
0.9200000000,18.5000000000,0.0170326200
0.9400000000,18.5000000000,0.0173969300
0.9600000000,17.5000000000,0.0177211800
0.9800000000,16.5000000000,0.0180454300
1.0000000000,15.6666700000,0.0183696700
1.0200000000,14.1666700000,0.0186958300
1.0400000000,14.1666700000,0.0190200800
1.0600000000,15.1666700000,0.0193443300
1.0800000000,16.1666700000,0.0197086300
1.1000000000,17.3333300000,0.0200328800
1.1200000000,18.6666700000,0.0203571300
1.1400000000,20.5000000000,0.0207233400
1.1600000000,20.8333300000,0.0210475900
1.1800000000,20.6666700000,0.0213718400
1.2000000000,20.5000000000,0.0216960900
1.2200000000,20.6666700000,0.0220603900
1.2400000000,21.6666700000,0.0223846400
1.2600000000,22.1666700000,0.0227108000
1.2800000000,23.3333300000,0.0230350500
1.3000000000,24.6666700000,0.0233593000
1.3200000000,25.1666700000,0.0236835500
1.3400000000,25.1666700000,0.0240078000
1.3600000000,24.8333300000,0.0243320500
1.3800000000,24.6666700000,0.0246563000
1.4000000000,24.8333300000,0.0250225100
1.4200000000,25.3333300000,0.0253467600
1.4400000000,25.3333300000,0.0256710100
1.4600000000,25.1666700000,0.0259952500
1.4800000000,25.1666700000,0.0263595600
1.5000000000,25.3333300000,0.0266838100
1.5200000000,25.8333300000,0.0270080600
1.5400000000,25.8333300000,0.0273742700
1.5600000000,24.8333300000,0.0276985200
1.5800000000,24.3333300000,0.0280227700
1.6000000000,24.6666700000,0.0283470200
1.6200000000,25.8333300000,0.0286712600
1.6400000000,26.3333300000,0.0289955100
1.6600000000,26.5000000000,0.0293617200
1.6800000000,27.3333300000,0.0296859700
1.7000000000,29.0000000000,0.0300102200
1.7200000000,31.1666700000,0.0303344700
1.7400000000,31.1666700000,0.0306587200
1.7600000000,30.5000000000,0.0310230300
1.7800000000,30.3333300000,0.0313472700
1.8000000000,30.3333300000,0.0316734300
1.8200000000,30.3333300000,0.0320377300
1.8400000000,30.3333300000,0.0323619800
1.8600000000,30.1666700000,0.0326862300
1.8800000000,30.0000000000,0.0330505400
1.9000000000,30.1666700000,0.0333766900
1.9200000000,30.5000000000,0.0337009400
1.9400000000,31.0000000000,0.0340251900
1.9600000000,32.6666700000,0.0343895000
1.9800000000,34.1666700000,0.0347137500
2.0000000000,35.0000000000,0.0350379900
2.0200000000,35.0000000000,0.0353622400
2.0400000000,34.8333300000,0.0356884000
2.0600000000,34.8333300000,0.0360126500
2.0800000000,36.8333300000,0.0363769500
2.1000000000,38.5000000000,0.0367012000
2.1200000000,38.6666700000,0.0370254500
2.1400000000,39.0000000000,0.0373916600
2.1600000000,39.3333300000,0.0377159100
2.1800000000,39.3333300000,0.0380401600
2.2000000000,39.0000000000,0.0383644100
2.2200000000,38.3333300000,0.0387287100
2.2400000000,38.3333300000,0.0390529600
2.2600000000,38.5000000000,0.0393772100
2.2800000000,39.1666700000,0.0397033700
2.3000000000,40.1666700000,0.0400276200
2.3200000000,41.3333300000,0.0403919200
2.3400000000,41.3333300000,0.0407161700
2.3600000000,41.6666700000,0.0410404200
2.3800000000,41.8333300000,0.0413646700
2.4000000000,42.0000000000,0.0416889200
2.4200000000,42.5000000000,0.0420551300
2.4400000000,42.8333300000,0.0423793800
2.4600000000,45.6666700000,0.0427036300
2.4800000000,49.0000000000,0.0430679300
2.5000000000,50.8333300000,0.0433921800
2.5200000000,50.3333300000,0.0437183400
2.5400000000,48.1666700000,0.0440826400
2.5600000000,48.1666700000,0.0444068900
2.5800000000,49.3333300000,0.0447311400
2.6000000000,50.5000000000,0.0450553900
2.6200000000,51.3333300000,0.0453796400
2.6400000000,52.0000000000,0.0457038900
2.6600000000,54.1666700000,0.0460701000
2.6800000000,54.6666700000,0.0463943500
2.7000000000,54.6666700000,0.0467186000
2.7200000000,54.6666700000,0.0470428500
2.7400000000,54.6666700000,0.0473671000
2.7600000000,56.5000000000,0.0477314000
2.7800000000,57.8333300000,0.0480575600
2.8000000000,58.5000000000,0.0483818100
2.8200000000,58.5000000000,0.0487060500
2.8400000000,58.6666700000,0.0490703600
2.8600000000,60.5000000000,0.0493946100
2.8800000000,60.8333300000,0.0497188600
2.9000000000,60.8333300000,0.0500431100
2.9200000000,61.5000000000,0.0504093200
2.9400000000,63.5000000000,0.0507335700
2.9600000000,65.3333400000,0.0510578200
2.9800000000,66.3333400000,0.0513820600
3.0000000000,67.5000000000,0.0517063100
3.0200000000,68.6666600000,0.0520305600
3.0400000000,69.6666600000,0.0523548100
3.0600000000,70.5000000000,0.0527210200
3.0800000000,70.6666600000,0.0530452700
3.1000000000,70.0000000000,0.0533695200
3.1200000000,69.0000000000,0.0537338300
3.1400000000,69.1666600000,0.0540580700
3.1600000000,70.5000000000,0.0543842300
3.1800000000,70.8333400000,0.0547084800
3.2000000000,71.0000000000,0.0550727800
3.2200000000,72.1666600000,0.0553970300
3.2400000000,75.1666600000,0.0557212800
3.2600000000,76.3333400000,0.0560455300
3.2800000000,76.8333400000,0.0563697800
3.3000000000,77.3333400000,0.0566959400
3.3200000000,77.6666600000,0.0570201900
3.3400000000,78.0000000000,0.0573844900
3.3600000000,79.0000000000,0.0577087400
3.3800000000,80.0000000000,0.0580329900
3.4000000000,80.6666600000,0.0583572400
3.4200000000,81.8333400000,0.0586814900
3.4400000000,84.5000000000,0.0590477000
3.4600000000,86.6666600000,0.0593719500
3.4800000000,87.0000000000,0.0596962000
3.5000000000,87.0000000000,0.0600204500
3.5200000000,87.0000000000,0.0603847500
3.5400000000,87.3333400000,0.0607090000
3.5600000000,89.8333400000,0.0610351600
3.5800000000,90.8333400000,0.0613594100
3.6000000000,91.8333400000,0.0616836500
3.6200000000,93.3333400000,0.0620479600
3.6400000000,95.3333400000,0.0623722100
3.6600000000,95.3333400000,0.0626964600
3.6800000000,95.0000000000,0.0630207100
3.7000000000,94.8333400000,0.0633468600
3.7200000000,95.3333400000,0.0636711100
3.7400000000,97.0000000000,0.0639953600
3.7600000000,98.6666600000,0.0643596600
3.7800000000,98.8333400000,0.0646839100
3.8000000000,99.8333400000,0.0650081600
3.8200000000,101.8333000000,0.0653324100
3.8400000000,104.1667000000,0.0656986200
3.8600000000,104.1667000000,0.0660228700
3.8800000000,104.1667000000,0.0663471200
3.9000000000,104.3333000000,0.0666713700
3.9200000000,105.5000000000,0.0670356800
3.9400000000,107.8333000000,0.0673618300
3.9600000000,109.6667000000,0.0676860800
3.9800000000,109.8333000000,0.0680103300
4.0000000000,110.1667000000,0.0683345800
4.0200000000,111.1667000000,0.0686588300
4.0400000000,112.6667000000,0.0690231300
4.0600000000,112.6667000000,0.0693473800
4.0800000000,112.6667000000,0.0696716300
4.1000000000,113.6667000000,0.0699977900
4.1200000000,116.5000000000,0.0703620900
4.1400000000,120.1667000000,0.0706863400
4.1600000000,120.1667000000,0.0710105900
4.1800000000,119.8333000000,0.0713768000
4.2000000000,119.8333000000,0.0717010500
4.2200000000,120.1667000000,0.0720253000
4.2400000000,120.8333000000,0.0723495500
4.2600000000,121.5000000000,0.0726738000
4.2800000000,123.0000000000,0.0730381000
4.3000000000,125.3333000000,0.0733623500
4.3200000000,127.3333000000,0.0736866000
4.3400000000,128.6667000000,0.0740127600
4.3600000000,128.8333000000,0.0743370100
4.3800000000,129.8333000000,0.0747013100
4.4000000000,131.3333000000,0.0750255600
4.4200000000,132.3333000000,0.0753498100
4.4400000000,132.8333000000,0.0756740600
4.4600000000,132.8333000000,0.0760402700
4.4800000000,133.0000000000,0.0763645200
4.5000000000,133.6667000000,0.0767288200
4.5200000000,134.8333000000,0.0770530700
4.5400000000,136.3333000000,0.0773773200
4.5600000000,137.0000000000,0.0777015700
4.5800000000,137.6667000000,0.0780277300
4.6000000000,139.6667000000,0.0783920300
4.6200000000,141.6667000000,0.0787162800
4.6400000000,143.0000000000,0.0790405300
4.6600000000,143.0000000000,0.0793647800
4.6800000000,144.0000000000,0.0796890300
4.7000000000,145.5000000000,0.0800132800
4.7200000000,146.6667000000,0.0803794900
4.7400000000,147.5000000000,0.0807037400
4.7600000000,148.5000000000,0.0810279800
4.7800000000,151.8333000000,0.0813922900
4.8000000000,153.5000000000,0.0817165400
4.8200000000,154.0000000000,0.0820426900
4.8400000000,154.0000000000,0.0824070000
4.8600000000,154.1667000000,0.0827312500
4.8800000000,155.5000000000,0.0830555000
4.9000000000,158.3333000000,0.0833797500
4.9200000000,159.6667000000,0.0837039900
4.9400000000,159.3333000000,0.0840702100
4.9600000000,158.5000000000,0.0843944500
4.9800000000,158.5000000000,0.0847187000
5.0000000000,158.8333000000,0.0850429500
5.0200000000,159.5000000000,0.0853672000
5.0400000000,161.0000000000,0.0856914500
5.0600000000,163.6667000000,0.0860576600
5.0800000000,164.8333000000,0.0863819100
5.1000000000,166.0000000000,0.0867061600
5.1200000000,168.5000000000,0.0870704700
5.1400000000,171.6667000000,0.0873947100
5.1600000000,173.8333000000,0.0877189600
5.1800000000,174.8333000000,0.0880851700
5.2000000000,176.0000000000,0.0884094200
5.2200000000,177.6667000000,0.0887336700
5.2400000000,179.8333000000,0.0890579200
5.2600000000,182.5000000000,0.0893821700
5.2800000000,185.0000000000,0.0897064200
5.3000000000,185.3333000000,0.0900726300
5.3200000000,185.5000000000,0.0903968800
5.3400000000,185.6667000000,0.0907211300
5.3600000000,186.0000000000,0.0910453800
5.3800000000,188.6667000000,0.0913696300
5.4000000000,191.1667000000,0.0916938800
5.4200000000,192.1667000000,0.0920581800
5.4400000000,193.0000000000,0.0923824300
5.4600000000,195.3333000000,0.0927085900
5.4800000000,197.3333000000,0.0930328400
5.5000000000,197.6667000000,0.0933971400
5.5200000000,197.6667000000,0.0937213900
5.5400000000,198.3333000000,0.0940456400
5.5600000000,200.5000000000,0.0943698900
5.5800000000,203.1667000000,0.0947361000
5.6000000000,205.0000000000,0.0950603500
5.6200000000,206.5000000000,0.0953846000
5.6400000000,207.5000000000,0.0957088500
5.6600000000,208.3333000000,0.0960331000
5.6800000000,211.1667000000,0.0963573500
5.7000000000,213.6667000000,0.0966815900
5.7200000000,215.0000000000,0.0970478100
5.7400000000,216.3333000000,0.0973720600
5.7600000000,218.8333000000,0.0976963000
5.7800000000,221.8333000000,0.0980606100
5.8000000000,222.1667000000,0.0983848600
5.8200000000,222.0000000000,0.0987091100
5.8400000000,221.8333000000,0.0990352600
5.8600000000,222.1667000000,0.0993995700
5.8800000000,223.6667000000,0.0997238200
5.9000000000,225.6667000000,0.1000481000
5.9200000000,227.1667000000,0.1003723000
5.9400000000,229.0000000000,0.1006966000
5.9600000000,231.6667000000,0.1010208000
5.9800000000,235.1667000000,0.1013870000
6.0000000000,235.5000000000,0.1017113000
6.0200000000,235.6667000000,0.1020355000
6.0400000000,236.5000000000,0.1023598000
6.0600000000,238.0000000000,0.1026840000
6.0800000000,240.3333000000,0.1030083000
6.1000000000,242.0000000000,0.1033745000
6.1200000000,243.1667000000,0.1036987000
6.1400000000,244.6667000000,0.1040230000
6.1600000000,246.6667000000,0.1043873000
6.1800000000,247.6667000000,0.1047115000
6.2000000000,248.1667000000,0.1050358000
6.2200000000,249.8333000000,0.1053600000
6.2400000000,251.3333000000,0.1056862000
6.2600000000,252.1667000000,0.1060104000
6.2800000000,253.8333000000,0.1063347000
6.3000000000,256.0000000000,0.1066589000
6.3200000000,257.5000000000,0.1070232000
6.3400000000,258.3333000000,0.1073475000
6.3600000000,259.1667000000,0.1076717000
6.3800000000,261.5000000000,0.1079979000
6.4000000000,263.5000000000,0.1083221000
6.4200000000,264.1667000000,0.1086864000
6.4400000000,265.5000000000,0.1090107000
6.4600000000,268.0000000000,0.1093349000
6.4800000000,270.1667000000,0.1097012000
6.5000000000,270.6667000000,0.1100254000
6.5200000000,272.8333000000,0.1103497000
6.5400000000,275.5000000000,0.1106739000
6.5600000000,277.6667000000,0.1110382000
6.5800000000,279.1667000000,0.1113625000
6.6000000000,280.8333000000,0.1116867000
6.6200000000,284.0000000000,0.1120110000
6.6400000000,287.1667000000,0.1123371000
6.6600000000,289.1667000000,0.1126614000
6.6800000000,289.1667000000,0.1130257000
6.7000000000,289.3333000000,0.1133499000
6.7200000000,289.5000000000,0.1136742000
6.7400000000,291.1667000000,0.1139984000
6.7600000000,293.5000000000,0.1143646000
6.7800000000,295.1667000000,0.1146889000
6.8000000000,296.3333000000,0.1150131000
6.8200000000,298.0000000000,0.1153774000
6.8400000000,299.8333000000,0.1157017000
6.8600000000,301.6667000000,0.1160259000
6.8800000000,302.8333000000,0.1163921000
6.9000000000,304.8333000000,0.1167164000
6.9200000000,308.6667000000,0.1170406000
6.9400000000,311.3333000000,0.1173649000
6.9600000000,312.3333000000,0.1176891000
6.9800000000,312.5000000000,0.1180134000
7.0000000000,314.8333000000,0.1183796000
7.0200000000,317.1667000000,0.1187038000
7.0400000000,320.3333000000,0.1190281000
7.0600000000,323.3333000000,0.1193523000
7.0800000000,324.8333000000,0.1197166000
7.1000000000,326.1667000000,0.1200409000
7.1200000000,327.1667000000,0.1203671000
7.1400000000,327.8333000000,0.1207314000
7.1600000000,328.5000000000,0.1210556000
7.1800000000,330.1667000000,0.1213799000
7.2000000000,332.6667000000,0.1217442000
7.2200000000,336.0000000000,0.1220703000
7.2400000000,339.6667000000,0.1223946000
7.2600000000,341.8333000000,0.1227188000
7.2800000000,342.3333000000,0.1230431000
7.3000000000,343.1667000000,0.1233673000
7.3200000000,345.1667000000,0.1236916000
7.3400000000,346.6667000000,0.1240559000
7.3600000000,348.0000000000,0.1243820000
7.3800000000,350.5000000000,0.1247063000
7.4000000000,353.8333000000,0.1250305000
7.4200000000,356.1667000000,0.1253948000
7.4400000000,358.0000000000,0.1257191000
7.4600000000,359.1667000000,0.1260433000
7.4800000000,359.6667000000,0.1264095000
7.5000000000,361.0000000000,0.1267338000
7.5200000000,363.1667000000,0.1270580000
7.5400000000,365.3333000000,0.1273823000
7.5600000000,367.3333000000,0.1277466000
7.5800000000,369.3333000000,0.1280708000
7.6000000000,372.3333000000,0.1283970000
7.6200000000,374.3333000000,0.1287212000
7.6400000000,375.5000000000,0.1290455000
7.6600000000,376.6667000000,0.1293697000
7.6800000000,378.3333000000,0.1296940000
7.7000000000,379.0000000000,0.1300583000
7.7200000000,380.3333000000,0.1303825000
7.7400000000,382.8333000000,0.1307068000
7.7600000000,385.8333000000,0.1310329000
7.7800000000,388.3333000000,0.1313972000
7.8000000000,391.5000000000,0.1317215000
7.8200000000,395.3333000000,0.1320457000
7.8400000000,397.3333000000,0.1324120000
7.8600000000,398.0000000000,0.1327362000
7.8800000000,398.3333000000,0.1330605000
7.9000000000,401.0000000000,0.1333847000
7.9200000000,405.1667000000,0.1337090000
7.9400000000,407.6667000000,0.1340332000
7.9600000000,409.0000000000,0.1343975000
7.9800000000,410.3333000000,0.1347218000
8.0000000000,413.8333000000,0.1350479000
8.0200000000,415.6667000000,0.1353722000
8.0400000000,416.6667000000,0.1356964000
8.0600000000,418.0000000000,0.1360207000
8.0800000000,420.3333000000,0.1363850000
8.1000000000,421.8333000000,0.1367092000
8.1200000000,424.1667000000,0.1370335000
8.1400000000,426.0000000000,0.1373997000
8.1600000000,427.0000000000,0.1377239000
8.1800000000,428.0000000000,0.1380482000
8.2000000000,431.3333000000,0.1383724000
8.2200000000,433.6667000000,0.1386967000
8.2400000000,435.5000000000,0.1390209000
8.2600000000,437.5000000000,0.1393871000
8.2800000000,440.5000000000,0.1397114000
8.3000000000,444.5000000000,0.1400356000
8.3200000000,447.6667000000,0.1403599000
8.3400000000,449.1667000000,0.1406841000
8.3600000000,450.1667000000,0.1410084000
8.3800000000,451.8333000000,0.1413746000
8.4000000000,455.3333000000,0.1416988000
8.4200000000,457.5000000000,0.1420231000
8.4400000000,458.3333000000,0.1423473000
8.4600000000,459.1667000000,0.1427116000
8.4800000000,461.0000000000,0.1430359000
8.5000000000,464.3333000000,0.1433601000
8.5200000000,467.6667000000,0.1436844000
8.5400000000,469.8333000000,0.1440506000
8.5600000000,472.3333000000,0.1443748000
8.5800000000,475.6667000000,0.1446991000
8.6000000000,479.1667000000,0.1450233000
8.6200000000,481.3333000000,0.1453476000
8.6400000000,483.5000000000,0.1456718000
8.6600000000,486.1667000000,0.1459961000
8.6800000000,489.1667000000,0.1463223000
8.7000000000,491.5000000000,0.1466866000
8.7200000000,492.0000000000,0.1470108000
8.7400000000,494.3333000000,0.1473351000
8.7600000000,497.3333000000,0.1476593000
8.7800000000,500.8333000000,0.1480255000
8.8000000000,505.0000000000,0.1483498000
8.8200000000,505.6667000000,0.1486740000
8.8400000000,506.5000000000,0.1489983000
8.8600000000,508.8333000000,0.1493626000
8.8800000000,512.6667000000,0.1496868000
8.9000000000,517.1667000000,0.1500111000
8.9200000000,517.5000000000,0.1503372000
8.9400000000,517.6667000000,0.1506615000
8.9600000000,518.0000000000,0.1510258000
8.9800000000,519.0000000000,0.1513500000
9.0000000000,520.6667000000,0.1516743000
9.0200000000,524.3333000000,0.1519985000
9.0400000000,527.5000000000,0.1523228000
9.0600000000,530.3333000000,0.1526890000
9.0800000000,533.1667000000,0.1530132000
9.1000000000,536.3333000000,0.1533375000
9.1200000000,538.8333000000,0.1537018000
9.1400000000,542.0000000000,0.1540260000
9.1600000000,545.0000000000,0.1543522000
9.1800000000,547.5000000000,0.1547165000
9.2000000000,550.0000000000,0.1550407000
9.2200000000,552.8333000000,0.1553650000
9.2400000000,556.8333000000,0.1556892000
9.2600000000,560.6667000000,0.1560555000
9.2800000000,563.6667000000,0.1563797000
9.3000000000,565.3333000000,0.1567039000
9.3200000000,566.8333000000,0.1570282000
9.3400000000,568.0000000000,0.1573524000
9.3600000000,570.5000000000,0.1577168000
9.3800000000,573.5000000000,0.1580410000
9.4000000000,576.3333000000,0.1583652000
9.4200000000,578.1667000000,0.1586914000
9.4400000000,581.3333000000,0.1590557000
9.4600000000,585.1667000000,0.1593800000
9.4800000000,588.8333000000,0.1597042000
9.5000000000,590.8333000000,0.1600704000
9.5200000000,591.6667000000,0.1603947000
9.5400000000,592.8333000000,0.1607189000
9.5600000000,595.5000000000,0.1610432000
9.5800000000,599.0000000000,0.1613674000
9.6000000000,602.5000000000,0.1617317000
9.6200000000,604.6667000000,0.1620560000
9.6400000000,608.0000000000,0.1623802000
9.6600000000,611.3333000000,0.1627064000
9.6800000000,614.0000000000,0.1630306000
9.7000000000,616.0000000000,0.1633949000
9.7200000000,618.1667000000,0.1637192000
9.7400000000,621.1667000000,0.1640434000
9.7600000000,623.6667000000,0.1643677000
9.7800000000,625.1667000000,0.1647339000
9.8000000000,626.3333000000,0.1650581000
9.8200000000,629.0000000000,0.1653824000
9.8400000000,631.0000000000,0.1657467000
9.8600000000,633.0000000000,0.1660709000
9.8800000000,635.6667000000,0.1663952000
9.9000000000,639.1667000000,0.1667213000
9.9200000000,642.1667000000,0.1670456000
9.9400000000,646.8333000000,0.1673698000
9.9600000000,650.1667000000,0.1677341000
9.9800000000,652.1667000000,0.1680584000
10.0000000000,653.5000000000,0.1683826000
10.0200000000,655.5000000000,0.1687069000
10.0400000000,656.8333000000,0.1690331000
10.0600000000,660.5000000000,0.1693974000
10.0800000000,665.3333000000,0.1697216000
10.1000000000,669.3333000000,0.1700459000
10.1200000000,670.6667000000,0.1703701000
10.1400000000,672.8333000000,0.1707363000
10.1600000000,675.0000000000,0.1710606000
10.1800000000,677.3333000000,0.1713848000
10.2000000000,679.3333000000,0.1717091000
10.2200000000,682.0000000000,0.1720734000
10.2400000000,685.6667000000,0.1723976000
10.2600000000,689.3333000000,0.1727219000
10.2800000000,692.6667000000,0.1730461000
10.3000000000,694.8333000000,0.1733723000
10.3200000000,696.1667000000,0.1736965000
10.3400000000,697.1667000000,0.1740208000
10.3600000000,700.1667000000,0.1743851000
10.3800000000,703.1667000000,0.1747093000
10.4000000000,705.6667000000,0.1750336000
10.4200000000,708.1667000000,0.1753578000
10.4400000000,712.3333000000,0.1757240000
10.4600000000,714.8333000000,0.1760483000
10.4800000000,717.5000000000,0.1763725000
10.5000000000,720.6667000000,0.1766968000
10.5200000000,724.6667000000,0.1770611000
10.5400000000,727.0000000000,0.1773872000
10.5600000000,729.5000000000,0.1777115000
10.5800000000,732.3333000000,0.1780357000
10.6000000000,735.5000000000,0.1783600000
10.6200000000,738.6667000000,0.1786842000
10.6400000000,741.5000000000,0.1790485000
10.6600000000,743.0000000000,0.1793728000
10.6800000000,744.8333000000,0.1796989000
10.7000000000,747.5000000000,0.1800232000
10.7200000000,751.3333000000,0.1803474000
10.7400000000,754.3333000000,0.1806717000
10.7600000000,756.5000000000,0.1810360000
10.7800000000,758.6667000000,0.1813602000
10.8000000000,761.5000000000,0.1816845000
10.8200000000,765.3333000000,0.1820507000
10.8400000000,767.5000000000,0.1823750000
10.8600000000,769.1667000000,0.1826992000
10.8800000000,771.8333000000,0.1830235000
10.9000000000,775.8333000000,0.1833878000
10.9200000000,781.0000000000,0.1837139000
10.9400000000,784.0000000000,0.1840382000
10.9600000000,786.1667000000,0.1843624000
10.9800000000,788.8333000000,0.1846867000
11.0000000000,791.8333000000,0.1850109000
11.0200000000,794.6667000000,0.1853352000
11.0400000000,797.1667000000,0.1856995000
11.0600000000,799.6667000000,0.1860237000
11.0800000000,802.8333000000,0.1863499000
11.1000000000,805.5000000000,0.1866741000
11.1200000000,806.5000000000,0.1870384000
11.1400000000,808.0000000000,0.1873627000
11.1600000000,811.3333000000,0.1876869000
11.1800000000,815.1667000000,0.1880112000
11.2000000000,819.3333000000,0.1883774000
11.2200000000,822.8333000000,0.1887016000
11.2400000000,825.0000000000,0.1890259000
11.2600000000,827.3333000000,0.1893501000
11.2800000000,830.5000000000,0.1896744000
11.3000000000,834.0000000000,0.1899986000
11.3200000000,837.3333000000,0.1903229000
11.3400000000,839.1667000000,0.1906891000
11.3600000000,841.6667000000,0.1910133000
11.3800000000,845.5000000000,0.1913376000
11.4000000000,849.3333000000,0.1916618000
11.4200000000,852.1667000000,0.1920261000
11.4400000000,854.6667000000,0.1923504000
11.4600000000,857.1667000000,0.1926765000
11.4800000000,859.8333000000,0.1930408000
11.5000000000,862.5000000000,0.1933651000
11.5200000000,864.8333000000,0.1936893000
11.5400000000,867.0000000000,0.1940536000
11.5600000000,871.5000000000,0.1943798000
11.5800000000,876.6667000000,0.1947041000
11.6000000000,880.5000000000,0.1950283000
11.6200000000,881.6667000000,0.1953526000
11.6400000000,882.0000000000,0.1956768000
11.6600000000,883.5000000000,0.1960411000
11.6800000000,885.3333000000,0.1963654000
11.7000000000,888.3333000000,0.1966915000
11.7200000000,892.8333000000,0.1970158000
11.7400000000,897.3333000000,0.1973801000
11.7600000000,901.3333000000,0.1977043000
11.7800000000,906.0000000000,0.1980286000
11.8000000000,909.1667000000,0.1983948000
11.8200000000,910.6667000000,0.1987190000
11.8400000000,912.1667000000,0.1990433000
11.8600000000,916.8333000000,0.1994076000
11.8800000000,921.6667000000,0.1997318000
11.9000000000,925.6667000000,0.2000561000
11.9200000000,928.6667000000,0.2003803000
11.9400000000,930.5000000000,0.2007046000
11.9600000000,932.1667000000,0.2010307000
11.9800000000,935.8333000000,0.2013950000
12.0000000000,939.5000000000,0.2017193000
12.0200000000,942.1667000000,0.2020435000
12.0400000000,943.6667000000,0.2023678000
12.0600000000,947.8333000000,0.2026920000
12.0800000000,951.5000000000,0.2030582000
12.1000000000,954.3333000000,0.2033825000
12.1200000000,956.3333000000,0.2037067000
12.1400000000,958.3333000000,0.2040710000
12.1600000000,961.1667000000,0.2043953000
12.1800000000,963.8333000000,0.2047195000
12.2000000000,966.1667000000,0.2050457000
12.2200000000,968.1667000000,0.2053699000
12.2400000000,970.6667000000,0.2057343000
12.2600000000,976.0000000000,0.2060585000
12.2800000000,980.8333000000,0.2063828000
12.3000000000,984.1667000000,0.2067070000
12.3200000000,986.3333000000,0.2070313000
12.3400000000,989.3333000000,0.2073574000
12.3600000000,993.3333000000,0.2077217000
12.3800000000,996.3333000000,0.2080460000
12.4000000000,999.0000000000,0.2083702000
12.4200000000,1001.5000000000,0.2087345000
12.4400000000,1004.1670000000,0.2090607000
12.4600000000,1006.6670000000,0.2093849000
12.4800000000,1009.1670000000,0.2097092000
12.5000000000,1011.8330000000,0.2100735000
12.5200000000,1015.0000000000,0.2103977000
12.5400000000,1018.6670000000,0.2107220000
12.5600000000,1022.1670000000,0.2110462000
12.5800000000,1026.1670000000,0.2113724000
12.6000000000,1030.1670000000,0.2116966000
12.6200000000,1034.1670000000,0.2120609000
12.6400000000,1038.8330000000,0.2123852000
12.6600000000,1042.0000000000,0.2127094000
12.6800000000,1043.1670000000,0.2130337000
12.7000000000,1045.0000000000,0.2133579000
12.7200000000,1048.6670000000,0.2137241000
12.7400000000,1054.3330000000,0.2140484000
12.7600000000,1060.8330000000,0.2143726000
12.7800000000,1063.5000000000,0.2147369000
12.8000000000,1064.5000000000,0.2150612000
12.8200000000,1066.1670000000,0.2153873000
12.8400000000,1070.0000000000,0.2157116000
12.8600000000,1073.6670000000,0.2160358000
12.8800000000,1076.0000000000,0.2164001000
12.9000000000,1077.8330000000,0.2167244000
12.9200000000,1080.0000000000,0.2170486000
12.9400000000,1083.3330000000,0.2173729000
12.9600000000,1086.5000000000,0.2176971000
12.9800000000,1088.3330000000,0.2180233000
13.0000000000,1090.6670000000,0.2183475000
13.0200000000,1093.1670000000,0.2187119000
13.0400000000,1095.0000000000,0.2190361000
13.0600000000,1098.5000000000,0.2193604000
13.0800000000,1103.6670000000,0.2196846000
13.1000000000,1108.8330000000,0.2200508000
13.1200000000,1113.6670000000,0.2203751000
13.1400000000,1117.6670000000,0.2206993000
13.1600000000,1120.1670000000,0.2210236000
13.1800000000,1122.8330000000,0.2213879000
13.2000000000,1125.5000000000,0.2217121000
13.2200000000,1128.0000000000,0.2220383000
13.2400000000,1130.6670000000,0.2223625000
13.2600000000,1136.0000000000,0.2226868000
13.2800000000,1140.0000000000,0.2230110000
13.3000000000,1142.0000000000,0.2233353000
13.3200000000,1143.5000000000,0.2236996000
13.3400000000,1146.8330000000,0.2240238000
13.3600000000,1150.3330000000,0.2243500000
13.3800000000,1153.0000000000,0.2246742000
13.4000000000,1156.6670000000,0.2249985000
13.4200000000,1161.1670000000,0.2253628000
13.4400000000,1166.1670000000,0.2256870000
13.4600000000,1169.1670000000,0.2260113000
13.4800000000,1170.3330000000,0.2263775000
13.5000000000,1172.0000000000,0.2267017000
13.5200000000,1174.8330000000,0.2270260000
13.5400000000,1179.0000000000,0.2273502000
13.5600000000,1182.5000000000,0.2276745000
13.5800000000,1185.3330000000,0.2279987000
13.6000000000,1188.3330000000,0.2283630000
13.6200000000,1192.6670000000,0.2286892000
13.6400000000,1198.0000000000,0.2290134000
13.6600000000,1201.8330000000,0.2293377000
13.6800000000,1202.8330000000,0.2296619000
13.7000000000,1205.8330000000,0.2299862000
13.7200000000,1209.6670000000,0.2303505000
13.7400000000,1212.8330000000,0.2306747000
13.7600000000,1214.3330000000,0.2310009000
13.7800000000,1216.6670000000,0.2313652000
13.8000000000,1220.1670000000,0.2316895000
13.8200000000,1224.0000000000,0.2320137000
13.8400000000,1227.0000000000,0.2323780000
13.8600000000,1229.5000000000,0.2327042000
13.8800000000,1233.0000000000,0.2330284000
13.9000000000,1237.3330000000,0.2333527000
13.9200000000,1242.8330000000,0.2336769000
13.9400000000,1248.5000000000,0.2340012000
13.9600000000,1250.6670000000,0.2343655000
13.9800000000,1251.3330000000,0.2346897000
14.0000000000,1254.0000000000,0.2350159000
14.0200000000,1257.5000000000,0.2353401000
14.0400000000,1261.0000000000,0.2357044000
14.0600000000,1264.1670000000,0.2360287000
14.0800000000,1267.8330000000,0.2363529000
14.1000000000,1272.5000000000,0.2367191000
14.1200000000,1276.8330000000,0.2370434000
14.1400000000,1279.5000000000,0.2373676000
14.1600000000,1279.5000000000,0.2377319000
14.1800000000,1282.5000000000,0.2380562000
14.2000000000,1286.6670000000,0.2383804000
14.2200000000,1291.0000000000,0.2387047000
14.2400000000,1295.0000000000,0.2390308000
14.2600000000,1297.5000000000,0.2393951000
14.2800000000,1302.0000000000,0.2397194000
14.3000000000,1307.3330000000,0.2400436000
14.3200000000,1311.1670000000,0.2403679000
14.3400000000,1313.5000000000,0.2406921000
14.3600000000,1315.3330000000,0.2410583000
14.3800000000,1316.8330000000,0.2413826000
14.4000000000,1319.8330000000,0.2417068000
14.4200000000,1323.6670000000,0.2420311000
14.4400000000,1327.5000000000,0.2423954000
14.4600000000,1329.8330000000,0.2427197000
14.4800000000,1333.3330000000,0.2430458000
14.5000000000,1337.5000000000,0.2434101000
14.5200000000,1341.5000000000,0.2437344000
14.5400000000,1344.8330000000,0.2440586000
14.5600000000,1348.0000000000,0.2443829000
14.5800000000,1352.6670000000,0.2447071000
14.6000000000,1358.3330000000,0.2450314000
14.6200000000,1362.5000000000,0.2453556000
14.6400000000,1365.0000000000,0.2457218000
14.6600000000,1366.0000000000,0.2460461000
14.6800000000,1368.8330000000,0.2463703000
14.7000000000,1372.0000000000,0.2466946000
14.7200000000,1374.6670000000,0.2470589000
14.7400000000,1377.3330000000,0.2473850000
14.7600000000,1381.3330000000,0.2477093000
14.7800000000,1385.8330000000,0.2480736000
14.8000000000,1389.0000000000,0.2483978000
14.8200000000,1391.6670000000,0.2487221000
14.8400000000,1394.0000000000,0.2490463000
14.8600000000,1396.3330000000,0.2494125000
14.8800000000,1400.1670000000,0.2497368000
14.9000000000,1404.5000000000,0.2500610000
14.9200000000,1408.3330000000,0.2503853000
14.9400000000,1412.1670000000,0.2507095000
14.9600000000,1416.3330000000,0.2510338000
14.9800000000,1420.8330000000,0.2513580000
15.0000000000,1424.6670000000,0.2517242000
15.0200000000,1427.1670000000,0.2520485000
15.0400000000,1429.6670000000,0.2523727000
15.0600000000,1433.5000000000,0.2526970000
15.0800000000,1437.8330000000,0.2530613000
15.1000000000,1440.5000000000,0.2533855000
15.1200000000,1442.6670000000,0.2537117000
15.1400000000,1444.8330000000,0.2540760000
15.1600000000,1447.5000000000,0.2544003000
15.1800000000,1452.1670000000,0.2547245000
15.2000000000,1455.6670000000,0.2550488000
15.2200000000,1458.5000000000,0.2553730000
15.2400000000,1461.8330000000,0.2556973000
15.2600000000,1466.1670000000,0.2560635000
15.2800000000,1470.8330000000,0.2563877000
15.3000000000,1473.8330000000,0.2567120000
15.3200000000,1475.8330000000,0.2570362000
15.3400000000,1478.5000000000,0.2573605000
15.3600000000,1483.1670000000,0.2576847000
15.3800000000,1490.3330000000,0.2580509000
15.4000000000,1494.5000000000,0.2583752000
15.4200000000,1496.0000000000,0.2586994000
15.4400000000,1497.0000000000,0.2590637000
15.4600000000,1499.6670000000,0.2593880000
15.4800000000,1503.0000000000,0.2597122000
15.5000000000,1505.8330000000,0.2600365000
15.5200000000,1509.0000000000,0.2603626000
15.5400000000,1512.8330000000,0.2607269000
15.5600000000,1517.5000000000,0.2610512000
15.5800000000,1523.0000000000,0.2613754000
15.6000000000,1525.6670000000,0.2616997000
15.6200000000,1527.1670000000,0.2620239000
15.6400000000,1528.6670000000,0.2623482000
15.6600000000,1531.3330000000,0.2626743000
15.6800000000,1536.0000000000,0.2629986000
15.7000000000,1540.6670000000,0.2633629000
15.7200000000,1544.0000000000,0.2636871000
15.7400000000,1548.1670000000,0.2640114000
15.7600000000,1553.3330000000,0.2643776000
15.7800000000,1555.5000000000,0.2647018000
15.8000000000,1556.1670000000,0.2650261000
15.8200000000,1559.6670000000,0.2653503000
15.8400000000,1564.1670000000,0.2657146000
15.8600000000,1567.6670000000,0.2660389000
15.8800000000,1570.5000000000,0.2663631000
15.9000000000,1575.0000000000,0.2666893000
15.9200000000,1580.5000000000,0.2670135000
15.9400000000,1585.1670000000,0.2673378000
15.9600000000,1588.3330000000,0.2676620000
15.9800000000,1589.6670000000,0.2680264000
16.0000000000,1591.6670000000,0.2683506000
16.0200000000,1595.6670000000,0.2686749000
16.0400000000,1600.0000000000,0.2689991000
16.0600000000,1603.6670000000,0.2693253000
16.0800000000,1606.5000000000,0.2696896000
16.1000000000,1609.3330000000,0.2700138000
16.1200000000,1612.5000000000,0.2703381000
16.1400000000,1616.0000000000,0.2707024000
16.1600000000,1619.6670000000,0.2710285000
16.1800000000,1622.3330000000,0.2713528000
16.2000000000,1624.8330000000,0.2716770000
16.2200000000,1628.6670000000,0.2720013000
16.2400000000,1633.3330000000,0.2723656000
16.2600000000,1638.0000000000,0.2726898000
16.2800000000,1641.1670000000,0.2730141000
16.3000000000,1644.3330000000,0.2733402000
16.3200000000,1648.3330000000,0.2736645000
16.3400000000,1652.6670000000,0.2740288000
16.3600000000,1656.6670000000,0.2743530000
16.3800000000,1659.6670000000,0.2746773000
16.4000000000,1661.5000000000,0.2750015000
16.4200000000,1665.0000000000,0.2753677000
16.4400000000,1668.3330000000,0.2756920000
16.4600000000,1671.3330000000,0.2760162000
16.4800000000,1673.6670000000,0.2763805000
16.5000000000,1677.1670000000,0.2767048000
16.5200000000,1681.6670000000,0.2770290000
16.5400000000,1685.8330000000,0.2773552000
16.5600000000,1689.3330000000,0.2777195000
16.5800000000,1692.3330000000,0.2780437000
16.6000000000,1696.8330000000,0.2783680000
16.6200000000,1702.6670000000,0.2786922000
16.6400000000,1706.8330000000,0.2790165000
16.6600000000,1709.1670000000,0.2793407000
16.6800000000,1710.6670000000,0.2797070000
16.7000000000,1714.0000000000,0.2800312000
16.7200000000,1719.6670000000,0.2803555000
16.7400000000,1724.8330000000,0.2807198000
16.7600000000,1728.1670000000,0.2810440000
16.7800000000,1730.0000000000,0.2813702000
16.8000000000,1732.8330000000,0.2817345000
16.8200000000,1735.8330000000,0.2820587000
16.8400000000,1739.0000000000,0.2823830000
16.8600000000,1742.5000000000,0.2827072000
16.8800000000,1746.8330000000,0.2830734000
16.9000000000,1751.1670000000,0.2833977000
16.9200000000,1754.5000000000,0.2837219000
16.9400000000,1756.6670000000,0.2840462000
16.9600000000,1758.5000000000,0.2843704000
16.9800000000,1761.3330000000,0.2846947000
17.0000000000,1763.5000000000,0.2850590000
17.0200000000,1766.6670000000,0.2853851000
17.0400000000,1771.5000000000,0.2857094000
17.0600000000,1776.5000000000,0.2860336000
17.0800000000,1780.3330000000,0.2863979000
17.1000000000,1784.8330000000,0.2867222000
17.1200000000,1788.1670000000,0.2870464000
17.1400000000,1790.6670000000,0.2874126000
17.1600000000,1794.0000000000,0.2877369000
17.1800000000,1798.8330000000,0.2880611000
17.2000000000,1804.5000000000,0.2883854000
17.2200000000,1808.1670000000,0.2887096000
17.2400000000,1811.6670000000,0.2890339000
17.2600000000,1815.3330000000,0.2893982000
17.2800000000,1818.8330000000,0.2897243000
17.3000000000,1820.3330000000,0.2900486000
17.3200000000,1822.8330000000,0.2903728000
17.3400000000,1826.0000000000,0.2906971000
17.3600000000,1829.8330000000,0.2910614000
17.3800000000,1834.6670000000,0.2913857000
17.4000000000,1841.5000000000,0.2917099000
17.4200000000,1843.5000000000,0.2920361000
17.4400000000,1844.1670000000,0.2924004000
17.4600000000,1845.8330000000,0.2927246000
17.4800000000,1849.5000000000,0.2930489000
17.5000000000,1853.6670000000,0.2934132000
17.5200000000,1857.5000000000,0.2937393000
17.5400000000,1861.0000000000,0.2940636000
17.5600000000,1864.8330000000,0.2943878000
17.5800000000,1869.3330000000,0.2947121000
17.6000000000,1874.5000000000,0.2950363000
17.6200000000,1878.0000000000,0.2953606000
17.6400000000,1881.3330000000,0.2957249000
17.6600000000,1885.3330000000,0.2960510000
17.6800000000,1889.3330000000,0.2963753000
17.7000000000,1891.8330000000,0.2966995000
17.7200000000,1894.1670000000,0.2970238000
17.7400000000,1897.1670000000,0.2973881000
17.7600000000,1900.5000000000,0.2977123000
17.7800000000,1904.0000000000,0.2980366000
17.8000000000,1907.6670000000,0.2984028000
17.8200000000,1910.8330000000,0.2987270000
17.8400000000,1914.0000000000,0.2990513000
17.8600000000,1918.0000000000,0.2993755000
17.8800000000,1922.5000000000,0.2996998000
17.9000000000,1925.6670000000,0.3000240000
17.9200000000,1928.8330000000,0.3003483000
17.9400000000,1932.5000000000,0.3007145000
17.9600000000,1936.6670000000,0.3010387000
17.9800000000,1941.0000000000,0.3013630000
18.0000000000,1944.6670000000,0.3016872000
18.0200000000,1946.5000000000,0.3020115000
18.0400000000,1948.8330000000,0.3023357000
18.0600000000,1954.3330000000,0.3027020000
18.0800000000,1961.1670000000,0.3030262000
18.1000000000,1964.1670000000,0.3033504000
18.1200000000,1966.0000000000,0.3037148000
18.1400000000,1967.5000000000,0.3040390000
18.1600000000,1970.3330000000,0.3043633000
18.1800000000,1974.0000000000,0.3046875000
18.2000000000,1976.6670000000,0.3050137000
18.2200000000,1980.0000000000,0.3053379000
18.2400000000,1984.0000000000,0.3057022000
18.2600000000,1988.3330000000,0.3060265000
18.2800000000,1993.0000000000,0.3063507000
18.3000000000,1997.1670000000,0.3066750000
18.3200000000,1999.0000000000,0.3069992000
18.3400000000,2001.1670000000,0.3073235000
18.3600000000,2004.6670000000,0.3076897000
18.3800000000,2008.8330000000,0.3080139000
18.4000000000,2012.0000000000,0.3083382000
18.4200000000,2015.0000000000,0.3086624000
18.4400000000,2019.5000000000,0.3090286000
18.4600000000,2024.5000000000,0.3093529000
18.4800000000,2029.1670000000,0.3096771000
18.5000000000,2031.8330000000,0.3100014000
18.5200000000,2034.0000000000,0.3103657000
18.5400000000,2038.1670000000,0.3106899000
18.5600000000,2042.6670000000,0.3110142000
18.5800000000,2046.5000000000,0.3113384000
18.6000000000,2049.8330000000,0.3116646000
18.6200000000,2052.6670000000,0.3120289000
18.6400000000,2054.3330000000,0.3123531000
18.6600000000,2057.6670000000,0.3126774000
18.6800000000,2062.3330000000,0.3130016000
18.7000000000,2066.3330000000,0.3133678000
18.7200000000,2069.6670000000,0.3136921000
18.7400000000,2073.6670000000,0.3140163000
18.7600000000,2077.5000000000,0.3143406000
18.7800000000,2080.8330000000,0.3147049000
18.8000000000,2083.6670000000,0.3150291000
18.8200000000,2086.3330000000,0.3153534000
18.8400000000,2090.8330000000,0.3157196000
18.8600000000,2094.5000000000,0.3160439000
18.8800000000,2097.5000000000,0.3163681000
18.9000000000,2100.6670000000,0.3166924000
18.9200000000,2104.8330000000,0.3170567000
18.9400000000,2108.6670000000,0.3173828000
18.9600000000,2112.6670000000,0.3177071000
18.9800000000,2116.5000000000,0.3180313000
19.0000000000,2119.6670000000,0.3183556000
19.0200000000,2122.1670000000,0.3187199000
19.0400000000,2125.0000000000,0.3190441000
19.0600000000,2128.3330000000,0.3193684000
19.0800000000,2132.0000000000,0.3197346000
19.1000000000,2135.3330000000,0.3200588000
19.1200000000,2138.3330000000,0.3203831000
19.1400000000,2141.6670000000,0.3207474000
19.1600000000,2145.5000000000,0.3210716000
19.1800000000,2149.1670000000,0.3213978000
19.2000000000,2152.6670000000,0.3217220000
19.2200000000,2157.5000000000,0.3220463000
19.2400000000,2161.6670000000,0.3224106000
19.2600000000,2164.1670000000,0.3227348000
19.2800000000,2166.3330000000,0.3230591000
19.3000000000,2169.3330000000,0.3233833000
19.3200000000,2174.6670000000,0.3237095000
19.3400000000,2180.8330000000,0.3240337000
19.3600000000,2185.3330000000,0.3243980000
19.3800000000,2188.3330000000,0.3247223000
19.4000000000,2190.3330000000,0.3250465000
19.4200000000,2193.1670000000,0.3254128000
19.4400000000,2196.8330000000,0.3257370000
19.4600000000,2199.3330000000,0.3260612000
19.4800000000,2201.5000000000,0.3263855000
19.5000000000,2204.5000000000,0.3267498000
19.5200000000,2208.6670000000,0.3270741000
19.5400000000,2214.8330000000,0.3273983000
19.5600000000,2219.1670000000,0.3277245000
19.5800000000,2221.8330000000,0.3280487000
19.6000000000,2223.0000000000,0.3283730000
19.6200000000,2224.6670000000,0.3286972000
19.6400000000,2229.0000000000,0.3290215000
19.6600000000,2233.3330000000,0.3293858000
19.6800000000,2236.8330000000,0.3297100000
19.7000000000,2240.1670000000,0.3300343000
19.7200000000,2245.0000000000,0.3304005000
19.7400000000,2249.3330000000,0.3307247000
19.7600000000,2252.5000000000,0.3310490000
19.7800000000,2254.8330000000,0.3313732000
19.8000000000,2257.3330000000,0.3317375000
19.8200000000,2261.0000000000,0.3320637000
19.8400000000,2265.3330000000,0.3323879000
19.8600000000,2269.0000000000,0.3327122000
19.8800000000,2273.5000000000,0.3330364000
19.9000000000,2278.8330000000,0.3333607000
19.9200000000,2283.8330000000,0.3337250000
19.9400000000,2285.5000000000,0.3340492000
19.9600000000,2287.5000000000,0.3343754000
19.9800000000,2290.0000000000,0.3346996000
20.0000000000,2293.1670000000,0.3350239000
20.0200000000,2297.0000000000,0.3353481000
20.0400000000,2300.1670000000,0.3357124000
20.0600000000,2304.1670000000,0.3360367000
20.0800000000,2307.6670000000,0.3363609000
20.1000000000,2311.0000000000,0.3367271000
20.1200000000,2314.5000000000,0.3370514000
20.1400000000,2318.3330000000,0.3373756000
20.1600000000,2321.5000000000,0.3376999000
20.1800000000,2325.6670000000,0.3380241000
20.2000000000,2330.5000000000,0.3383904000
20.2200000000,2335.1670000000,0.3387146000
20.2400000000,2337.1670000000,0.3390388000
20.2600000000,2340.3330000000,0.3393631000
20.2800000000,2344.3330000000,0.3396873000
20.3000000000,2348.8330000000,0.3400116000
20.3200000000,2353.0000000000,0.3403358000
20.3400000000,2356.5000000000,0.3407021000
20.3600000000,2359.6670000000,0.3410263000
20.3800000000,2363.1670000000,0.3413506000
20.4000000000,2366.8330000000,0.3416748000
20.4200000000,2369.8330000000,0.3420391000
20.4400000000,2371.6670000000,0.3423634000
20.4600000000,2374.3330000000,0.3426876000
20.4800000000,2378.1670000000,0.3430119000
20.5000000000,2382.0000000000,0.3433781000
20.5200000000,2384.8330000000,0.3437023000
20.5400000000,2388.5000000000,0.3440266000
20.5600000000,2393.6670000000,0.3443508000
20.5800000000,2397.6670000000,0.3446751000
20.6000000000,2401.0000000000,0.3449993000
20.6200000000,2404.6670000000,0.3453236000
20.6400000000,2408.3330000000,0.3456898000
20.6600000000,2410.6670000000,0.3460140000
20.6800000000,2415.5000000000,0.3463383000
20.7000000000,2421.8330000000,0.3466625000
20.7200000000,2427.3330000000,0.3470268000
20.7400000000,2428.8330000000,0.3473530000
20.7600000000,2431.6670000000,0.3476772000
20.7800000000,2435.1670000000,0.3480015000
20.8000000000,2438.1670000000,0.3483658000
20.8200000000,2440.1670000000,0.3486900000
20.8400000000,2442.1670000000,0.3490143000
20.8600000000,2446.6670000000,0.3493385000
20.8800000000,2452.8330000000,0.3497047000
20.9000000000,2458.1670000000,0.3500290000
20.9200000000,2460.8330000000,0.3503532000
20.9400000000,2461.0000000000,0.3506775000
20.9600000000,2461.8330000000,0.3510017000
20.9800000000,2464.0000000000,0.3513260000
21.0000000000,2467.3330000000,0.3516922000
21.0200000000,2471.8330000000,0.3520164000
21.0400000000,2477.1670000000,0.3523407000
21.0600000000,2482.5000000000,0.3527050000
21.0800000000,2486.5000000000,0.3530293000
21.1000000000,2489.8330000000,0.3533535000
21.1200000000,2493.0000000000,0.3537197000
21.1400000000,2497.3330000000,0.3540440000
21.1600000000,2501.1670000000,0.3543682000
21.1800000000,2505.6670000000,0.3546925000
21.2000000000,2509.6670000000,0.3550568000
21.2200000000,2512.5000000000,0.3553829000
21.2400000000,2516.0000000000,0.3557072000
21.2600000000,2520.3330000000,0.3560314000
21.2800000000,2523.6670000000,0.3563557000
21.3000000000,2526.1670000000,0.3566799000
21.3200000000,2529.0000000000,0.3570442000
21.3400000000,2532.1670000000,0.3573685000
21.3600000000,2537.0000000000,0.3576927000
21.3800000000,2540.8330000000,0.3580589000
21.4000000000,2543.6670000000,0.3583832000
21.4200000000,2546.5000000000,0.3587074000
21.4400000000,2550.5000000000,0.3590717000
21.4600000000,2553.8330000000,0.3593960000
21.4800000000,2557.5000000000,0.3597221000
21.5000000000,2561.0000000000,0.3600464000
21.5200000000,2563.6670000000,0.3604107000
21.5400000000,2566.3330000000,0.3607349000
21.5600000000,2573.0000000000,0.3610592000
21.5800000000,2578.1670000000,0.3613834000
21.6000000000,2581.5000000000,0.3617077000
21.6200000000,2584.0000000000,0.3620338000
21.6400000000,2588.0000000000,0.3623581000
21.6600000000,2591.3330000000,0.3627224000
21.6800000000,2594.3330000000,0.3630466000
21.7000000000,2597.1670000000,0.3633709000
21.7200000000,2600.1670000000,0.3637371000
21.7400000000,2602.8330000000,0.3640614000
21.7600000000,2606.5000000000,0.3643856000
21.7800000000,2610.1670000000,0.3647099000
21.8000000000,2613.1670000000,0.3650742000
21.8200000000,2616.0000000000,0.3653984000
21.8400000000,2619.8330000000,0.3657227000
21.8600000000,2624.3330000000,0.3660488000
21.8800000000,2627.8330000000,0.3663731000
21.9000000000,2632.0000000000,0.3667374000
21.9200000000,2636.8330000000,0.3670616000
21.9400000000,2641.3330000000,0.3673859000
21.9600000000,2643.1670000000,0.3677101000
21.9800000000,2645.5000000000,0.3680344000
22.0000000000,2648.6670000000,0.3683586000
22.0200000000,2653.0000000000,0.3687248000
22.0400000000,2658.5000000000,0.3690491000
22.0600000000,2662.8330000000,0.3693733000
22.0800000000,2664.8330000000,0.3696976000
22.1000000000,2666.5000000000,0.3700638000
22.1200000000,2669.0000000000,0.3703880000
22.1400000000,2672.5000000000,0.3707123000
22.1600000000,2675.3330000000,0.3710365000
22.1800000000,2678.0000000000,0.3713608000
22.2000000000,2681.5000000000,0.3717251000
22.2200000000,2685.6670000000,0.3720493000
22.2400000000,2689.8330000000,0.3723736000
22.2600000000,2693.5000000000,0.3726997000
22.2800000000,2696.6670000000,0.3730240000
22.3000000000,2700.0000000000,0.3733883000
22.3200000000,2703.6670000000,0.3737125000
22.3400000000,2707.3330000000,0.3740368000
22.3600000000,2710.1670000000,0.3743610000
22.3800000000,2713.1670000000,0.3747272000
22.4000000000,2717.5000000000,0.3750515000
22.4200000000,2722.5000000000,0.3753757000
22.4400000000,2726.8330000000,0.3757000000
22.4600000000,2729.0000000000,0.3760643000
22.4800000000,2730.1670000000,0.3763885000
22.5000000000,2732.8330000000,0.3767147000
22.5200000000,2737.1670000000,0.3770390000
22.5400000000,2742.3330000000,0.3773632000
22.5600000000,2746.5000000000,0.3776875000
22.5800000000,2750.6670000000,0.3780518000
22.6000000000,2755.5000000000,0.3783760000
22.6200000000,2759.3330000000,0.3787003000
22.6400000000,2760.8330000000,0.3790264000
22.6600000000,2761.3330000000,0.3793507000
22.6800000000,2766.1670000000,0.3796749000
22.7000000000,2771.6670000000,0.3800392000
22.7200000000,2776.5000000000,0.3803635000
22.7400000000,2779.8330000000,0.3806877000
22.7600000000,2780.5000000000,0.3810539000
22.7800000000,2781.5000000000,0.3813782000
22.8000000000,2784.3330000000,0.3817024000
22.8200000000,2788.0000000000,0.3820267000
22.8400000000,2791.3330000000,0.3823509000
22.8600000000,2794.3330000000,0.3827152000
22.8800000000,2798.3330000000,0.3830414000
22.9000000000,2803.5000000000,0.3833656000
22.9200000000,2808.3330000000,0.3836899000
22.9400000000,2811.3330000000,0.3840141000
22.9600000000,2813.3330000000,0.3843384000
22.9800000000,2816.1670000000,0.3846626000
23.0000000000,2820.0000000000,0.3850269000
23.0200000000,2824.0000000000,0.3853512000
23.0400000000,2827.3330000000,0.3856773000
23.0600000000,2829.1670000000,0.3860016000
23.0800000000,2832.0000000000,0.3863659000
23.1000000000,2835.1670000000,0.3866901000
23.1200000000,2838.3330000000,0.3870144000
23.1400000000,2841.3330000000,0.3873806000
23.1600000000,2844.0000000000,0.3877048000
23.1800000000,2849.1670000000,0.3880291000
23.2000000000,2852.8330000000,0.3883533000
23.2200000000,2855.3330000000,0.3886776000
23.2400000000,2857.6670000000,0.3890018000
23.2600000000,2861.5000000000,0.3893261000
23.2800000000,2865.3330000000,0.3896923000
23.3000000000,2869.1670000000,0.3900166000
23.3200000000,2872.5000000000,0.3903408000
23.3400000000,2875.6670000000,0.3906651000
23.3600000000,2880.0000000000,0.3910294000
23.3800000000,2884.6670000000,0.3913536000
23.4000000000,2887.1670000000,0.3916779000
23.4200000000,2889.1670000000,0.3920441000
23.4400000000,2891.5000000000,0.3923683000
23.4600000000,2895.1670000000,0.3926926000
23.4800000000,2898.6670000000,0.3930168000
23.5000000000,2901.1670000000,0.3933811000
23.5200000000,2903.6670000000,0.3937073000
23.5400000000,2907.0000000000,0.3940315000
23.5600000000,2911.3330000000,0.3943558000
23.5800000000,2916.0000000000,0.3946800000
23.6000000000,2919.5000000000,0.3950443000
23.6200000000,2921.5000000000,0.3953686000
23.6400000000,2923.3330000000,0.3956928000
23.6600000000,2927.6670000000,0.3960171000
23.6800000000,2933.6670000000,0.3963432000
23.7000000000,2936.8330000000,0.3967075000
23.7200000000,2938.5000000000,0.3970318000
23.7400000000,2940.1670000000,0.3973560000
23.7600000000,2943.5000000000,0.3977222000
23.7800000000,2947.1670000000,0.3980465000
23.8000000000,2949.3330000000,0.3983707000
23.8200000000,2952.6670000000,0.3987350000
23.8400000000,2957.0000000000,0.3990593000
23.8600000000,2962.0000000000,0.3993835000
23.8800000000,2965.0000000000,0.3997078000
23.9000000000,2968.8330000000,0.4000320000
23.9200000000,2972.5000000000,0.4003983000
23.9400000000,2975.5000000000,0.4007225000
23.9600000000,2978.1670000000,0.4010468000
23.9800000000,2980.5000000000,0.4013710000
24.0000000000,2981.5000000000,0.4016953000
24.0200000000,2983.8330000000,0.4020615000
24.0400000000,2987.6670000000,0.4023857000
24.0600000000,2992.3330000000,0.4027100000
24.0800000000,2995.0000000000,0.4030342000
24.1000000000,2997.0000000000,0.4033985000
24.1200000000,2998.8330000000,0.4037228000
24.1400000000,3001.3330000000,0.4040470000
24.1600000000,3004.5000000000,0.4043732000
24.1800000000,3008.6670000000,0.4047375000
24.2000000000,3012.1670000000,0.4050617000
24.2200000000,3015.3330000000,0.4053860000
24.2400000000,3018.8330000000,0.4057102000
24.2600000000,3022.6670000000,0.4060345000
24.2800000000,3025.5000000000,0.4063587000
24.3000000000,3028.3330000000,0.4067249000
24.3200000000,3032.5000000000,0.4070492000
24.3400000000,3036.5000000000,0.4073734000
24.3600000000,3038.8330000000,0.4076977000
24.3800000000,3040.1670000000,0.4080620000
24.4000000000,3043.1670000000,0.4083881000
24.4200000000,3046.6670000000,0.4087124000
24.4400000000,3049.8330000000,0.4090767000
24.4600000000,3052.3330000000,0.4094009000
24.4800000000,3054.1670000000,0.4097252000
24.5000000000,3058.0000000000,0.4100494000
24.5200000000,3062.5000000000,0.4103737000
24.5400000000,3066.8330000000,0.4106998000
24.5600000000,3069.8330000000,0.4110641000
24.5800000000,3070.8330000000,0.4113884000
24.6000000000,3072.8330000000,0.4117126000
24.6200000000,3075.8330000000,0.4120369000
24.6400000000,3078.5000000000,0.4123611000
24.6600000000,3080.8330000000,0.4126854000
24.6800000000,3084.6670000000,0.4130516000
24.7000000000,3090.6670000000,0.4133759000
24.7200000000,3095.1670000000,0.4137001000
24.7400000000,3097.8330000000,0.4140644000
24.7600000000,3098.6670000000,0.4143887000
24.7800000000,3099.3330000000,0.4147129000
24.8000000000,3101.6670000000,0.4150391000
24.8200000000,3104.5000000000,0.4154034000
24.8400000000,3106.8330000000,0.4157276000
24.8600000000,3109.0000000000,0.4160519000
24.8800000000,3112.1670000000,0.4163761000
24.9000000000,3117.6670000000,0.4167004000
24.9200000000,3120.5000000000,0.4170246000
24.9400000000,3121.5000000000,0.4173508000
24.9600000000,3122.3330000000,0.4177151000
24.9800000000,3124.8330000000,0.4180393000
25.0000000000,3128.5000000000,0.4183636000
25.0200000000,3131.6670000000,0.4186878000
25.0400000000,3134.8330000000,0.4190540000
25.0600000000,3138.1670000000,0.4193783000
25.0800000000,3141.1670000000,0.4197025000
25.1000000000,3142.6670000000,0.4200668000
25.1200000000,3145.5000000000,0.4203911000
25.1400000000,3149.1670000000,0.4207153000
25.1600000000,3152.5000000000,0.4210396000
25.1800000000,3154.6670000000,0.4213657000
25.2000000000,3158.5000000000,0.4216900000
25.2200000000,3162.5000000000,0.4220543000
25.2400000000,3165.1670000000,0.4223785000
25.2600000000,3166.1670000000,0.4227028000
25.2800000000,3167.0000000000,0.4230270000
25.3000000000,3170.1670000000,0.4233513000
25.3200000000,3174.5000000000,0.4236755000
25.3400000000,3177.6670000000,0.4240017000
25.3600000000,3179.6670000000,0.4243660000
25.3800000000,3181.6670000000,0.4246902000
25.4000000000,3185.8330000000,0.4250145000
25.4200000000,3187.0000000000,0.4253387000
25.4400000000,3187.3330000000,0.4257050000
25.4600000000,3188.6670000000,0.4260292000
25.4800000000,3191.8330000000,0.4263535000
25.5000000000,3194.1670000000,0.4266777000
25.5200000000,3196.1670000000,0.4270020000
25.5400000000,3199.0000000000,0.4273663000
25.5600000000,3202.5000000000,0.4276905000
25.5800000000,3206.1670000000,0.4280167000
25.6000000000,3209.5000000000,0.4283409000
25.6200000000,3211.1670000000,0.4286652000
25.6400000000,3213.1670000000,0.4289894000
25.6600000000,3215.8330000000,0.4293537000
25.6800000000,3218.8330000000,0.4296780000
25.7000000000,3220.5000000000,0.4300022000
25.7200000000,3223.1670000000,0.4303684000
25.7400000000,3224.8330000000,0.4306927000
25.7600000000,3226.3330000000,0.4310169000
25.7800000000,3228.3330000000,0.4313412000
25.8000000000,3231.1670000000,0.4317055000
25.8200000000,3233.3330000000,0.4320316000
25.8400000000,3236.0000000000,0.4323559000
25.8600000000,3239.0000000000,0.4326801000
25.8800000000,3241.8330000000,0.4330444000
25.9000000000,3244.5000000000,0.4333687000
25.9200000000,3246.8330000000,0.4336929000
25.9400000000,3249.5000000000,0.4340172000
25.9600000000,3252.3330000000,0.4343433000
25.9800000000,3255.0000000000,0.4346676000
26.0000000000,3257.3330000000,0.4350319000
26.0200000000,3259.3330000000,0.4353561000
26.0400000000,3263.0000000000,0.4356804000
26.0600000000,3266.8330000000,0.4360466000
26.0800000000,3269.1670000000,0.4363708000
26.1000000000,3269.3330000000,0.4366951000
26.1200000000,3269.3330000000,0.4370594000
26.1400000000,3270.8330000000,0.4373837000
26.1600000000,3273.3330000000,0.4377079000
26.1800000000,3276.0000000000,0.4380322000
26.2000000000,3277.1670000000,0.4383583000
26.2200000000,3279.1670000000,0.4387226000
26.2400000000,3282.1670000000,0.4390469000
26.2600000000,3285.6670000000,0.4393711000
26.2800000000,3288.6670000000,0.4396954000
26.3000000000,3290.3330000000,0.4400196000
26.3200000000,3290.5000000000,0.4403858000
26.3400000000,3291.1670000000,0.4407101000
26.3600000000,3293.1670000000,0.4410343000
26.3800000000,3296.6670000000,0.4413986000
26.4000000000,3300.3330000000,0.4417229000
26.4200000000,3302.5000000000,0.4420471000
26.4400000000,3304.3330000000,0.4423714000
26.4600000000,3306.1670000000,0.4427376000
26.4800000000,3308.0000000000,0.4430618000
26.5000000000,3309.5000000000,0.4433861000
26.5200000000,3312.3330000000,0.4437103000
26.5400000000,3315.5000000000,0.4440346000
26.5600000000,3318.5000000000,0.4444008000
26.5800000000,3321.0000000000,0.4447250000
26.6000000000,3323.5000000000,0.4450493000
26.6200000000,3325.3330000000,0.4453735000
26.6400000000,3326.3330000000,0.4456978000
26.6600000000,3327.0000000000,0.4460220000
26.6800000000,3327.8330000000,0.4463863000
26.7000000000,3329.3330000000,0.4467125000
26.7200000000,3330.5000000000,0.4470367000
26.7400000000,3333.3330000000,0.4474010000
26.7600000000,3336.3330000000,0.4477253000
26.7800000000,3338.0000000000,0.4480495000
26.8000000000,3338.0000000000,0.4484158000
26.8200000000,3339.6670000000,0.4487400000
26.8400000000,3341.6670000000,0.4490643000
26.8600000000,3344.0000000000,0.4493885000
26.8800000000,3346.3330000000,0.4497128000
26.9000000000,3349.1670000000,0.4500370000
26.9200000000,3350.1670000000,0.4504013000
26.9400000000,3351.3330000000,0.4507275000
26.9600000000,3353.3330000000,0.4510517000
26.9800000000,3356.1670000000,0.4513760000
27.0000000000,3358.5000000000,0.4517002000
27.0200000000,3360.0000000000,0.4520645000
27.0400000000,3361.1670000000,0.4523888000
27.0600000000,3361.8330000000,0.4527130000
27.0800000000,3362.3330000000,0.4530392000
27.1000000000,3363.0000000000,0.4534035000
27.1200000000,3365.5000000000,0.4537277000
27.1400000000,3368.3330000000,0.4540520000
27.1600000000,3370.3330000000,0.4543762000
27.1800000000,3371.5000000000,0.4547005000
27.2000000000,3372.5000000000,0.4550667000
27.2200000000,3374.5000000000,0.4553909000
27.2400000000,3377.1670000000,0.4557152000
27.2600000000,3379.0000000000,0.4560394000
27.2800000000,3380.1670000000,0.4563637000
27.3000000000,3381.3330000000,0.4566879000
27.3200000000,3385.1670000000,0.4570522000
27.3400000000,3388.3330000000,0.4573784000
27.3600000000,3389.8330000000,0.4577026000
27.3800000000,3389.8330000000,0.4580269000
27.4000000000,3390.0000000000,0.4583912000
27.4200000000,3390.0000000000,0.4587154000
27.4400000000,3391.0000000000,0.4590397000
27.4600000000,3392.3330000000,0.4593639000
27.4800000000,3393.8330000000,0.4597301000
27.5000000000,3396.5000000000,0.4600544000
27.5200000000,3400.1670000000,0.4603786000
27.5400000000,3401.3330000000,0.4607029000
27.5600000000,3401.8330000000,0.4610271000
27.5800000000,3401.8330000000,0.4613514000
27.6000000000,3402.3330000000,0.4616756000
27.6200000000,3405.1670000000,0.4620419000
27.6400000000,3406.5000000000,0.4623661000
27.6600000000,3407.5000000000,0.4626904000
27.6800000000,3409.0000000000,0.4630146000
27.7000000000,3411.6670000000,0.4633789000
27.7200000000,3412.5000000000,0.4637051000
27.7400000000,3413.3330000000,0.4640293000
27.7600000000,3414.1670000000,0.4643536000
27.7800000000,3415.1670000000,0.4646778000
27.8000000000,3417.0000000000,0.4650421000
27.8200000000,3419.1670000000,0.4653664000
27.8400000000,3420.6670000000,0.4656906000
27.8600000000,3422.1670000000,0.4660149000
27.8800000000,3424.3330000000,0.4663410000
27.9000000000,3427.3330000000,0.4666653000
27.9200000000,3428.8330000000,0.4669895000
27.9400000000,3429.1670000000,0.4673538000
27.9600000000,3429.1670000000,0.4676781000
27.9800000000,3429.8330000000,0.4680023000
28.0000000000,3431.3330000000,0.4683266000
28.0200000000,3432.3330000000,0.4686928000
28.0400000000,3432.6670000000,0.4690170000
28.0600000000,3433.3330000000,0.4693413000
28.0800000000,3435.0000000000,0.4696655000
28.1000000000,3437.3330000000,0.4700298000
28.1200000000,3437.3330000000,0.4703560000
28.1400000000,3437.6670000000,0.4706802000
28.1600000000,3438.5000000000,0.4710045000
28.1800000000,3439.8330000000,0.4713688000
28.2000000000,3441.3330000000,0.4716930000
28.2200000000,3441.8330000000,0.4720173000
28.2400000000,3443.3330000000,0.4723415000
28.2600000000,3445.5000000000,0.4726677000
28.2800000000,3447.6670000000,0.4730320000
28.3000000000,3449.5000000000,0.4733562000
28.3200000000,3450.6670000000,0.4736805000
28.3400000000,3451.3330000000,0.4740047000
28.3600000000,3452.8330000000,0.4743710000
28.3800000000,3453.8330000000,0.4746952000
28.4000000000,3454.0000000000,0.4750195000
28.4200000000,3454.3330000000,0.4753838000
28.4400000000,3454.8330000000,0.4757080000
28.4600000000,3456.6670000000,0.4760323000
28.4800000000,3459.3330000000,0.4763565000
28.5000000000,3461.6670000000,0.4767227000
28.5200000000,3462.0000000000,0.4770470000
28.5400000000,3462.1670000000,0.4773712000
28.5600000000,3464.0000000000,0.4776955000
28.5800000000,3465.5000000000,0.4780197000
28.6000000000,3465.5000000000,0.4783859000
28.6200000000,3465.5000000000,0.4787102000
28.6400000000,3466.6670000000,0.4790344000
28.6600000000,3469.0000000000,0.4793587000
28.6800000000,3471.6670000000,0.4796829000
28.7000000000,3473.5000000000,0.4800472000
28.7200000000,3473.5000000000,0.4803715000
28.7400000000,3472.5000000000,0.4806976000
28.7600000000,3472.0000000000,0.4810619000
28.7800000000,3471.8330000000,0.4813862000
28.8000000000,3472.5000000000,0.4817104000
28.8200000000,3473.6670000000,0.4820347000
28.8400000000,3474.3330000000,0.4824009000
28.8600000000,3477.5000000000,0.4827251000
28.8800000000,3479.5000000000,0.4830494000
28.9000000000,3479.5000000000,0.4833736000
28.9200000000,3480.0000000000,0.4836979000
28.9400000000,3480.0000000000,0.4840622000
28.9600000000,3480.0000000000,0.4843864000
28.9800000000,3480.3330000000,0.4847107000
29.0000000000,3481.3330000000,0.4850368000
29.0200000000,3483.1670000000,0.4854012000
29.0400000000,3485.1670000000,0.4857254000
29.0600000000,3486.1670000000,0.4860497000
29.0800000000,3486.5000000000,0.4864159000
29.1000000000,3486.5000000000,0.4867401000
29.1200000000,3486.5000000000,0.4870644000
29.1400000000,3487.5000000000,0.4873886000
29.1600000000,3489.3330000000,0.4877529000
29.1800000000,3491.5000000000,0.4880772000
29.2000000000,3493.5000000000,0.4884014000
29.2200000000,3494.3330000000,0.4887257000
29.2400000000,3495.6670000000,0.4890518000
29.2600000000,3496.0000000000,0.4893761000
29.2800000000,3495.3330000000,0.4897003000
29.3000000000,3494.5000000000,0.4900646000
29.3200000000,3494.6670000000,0.4903889000
29.3400000000,3495.6670000000,0.4907131000
29.3600000000,3497.5000000000,0.4910374000
29.3800000000,3498.5000000000,0.4914036000
29.4000000000,3498.5000000000,0.4917278000
29.4200000000,3498.5000000000,0.4920521000
29.4400000000,3498.5000000000,0.4923763000
29.4600000000,3498.6670000000,0.4927406000
29.4800000000,3499.3330000000,0.4930668000
29.5000000000,3500.6670000000,0.4933910000
29.5200000000,3502.6670000000,0.4937153000
29.5400000000,3504.6670000000,0.4940395000
29.5600000000,3505.1670000000,0.4943638000
29.5800000000,3505.3330000000,0.4946880000
29.6000000000,3505.8330000000,0.4950523000
29.6200000000,3507.1670000000,0.4953785000
29.6400000000,3507.3330000000,0.4957027000
29.6600000000,3507.6670000000,0.4960270000
29.6800000000,3507.8330000000,0.4963913000
29.7000000000,3508.0000000000,0.4967155000
29.7200000000,3508.1670000000,0.4970398000
29.7400000000,3508.6670000000,0.4973640000
29.7600000000,3509.3330000000,0.4977303000
29.7800000000,3509.5000000000,0.4980545000
29.8000000000,3509.8330000000,0.4983788000
29.8200000000,3510.5000000000,0.4987030000
29.8400000000,3512.0000000000,0.4990273000
29.8600000000,3513.1670000000,0.4993515000
29.8800000000,3515.0000000000,0.4997177000
29.9000000000,3517.1670000000,0.5000420000
29.9200000000,3518.5000000000,0.5003662000
29.9400000000,3518.5000000000,0.5006905000
29.9600000000,3517.5000000000,0.5010147000
29.9800000000,3517.0000000000,0.5013390000
30.0000000000,3517.8330000000,0.5017033000
30.0200000000,3519.8330000000,0.5020294000
30.0400000000,3521.0000000000,0.5023537000
30.0600000000,3521.5000000000,0.5026779000
30.0800000000,3521.6670000000,0.5030422000
30.1000000000,3521.6670000000,0.5033665000
30.1200000000,3521.5000000000,0.5036907000
30.1400000000,3521.5000000000,0.5040150000
30.1600000000,3521.5000000000,0.5043411000
30.1800000000,3521.8330000000,0.5047054000
30.2000000000,3522.3330000000,0.5050297000
30.2200000000,3523.0000000000,0.5053539000
30.2400000000,3523.3330000000,0.5056782000
30.2600000000,3524.1670000000,0.5060024000
30.2800000000,3525.0000000000,0.5063267000
30.3000000000,3525.5000000000,0.5066509000
30.3200000000,3525.5000000000,0.5070171000
30.3400000000,3525.6670000000,0.5073414000
30.3600000000,3527.1670000000,0.5076656000
30.3800000000,3527.6670000000,0.5080299000
30.4000000000,3527.5000000000,0.5083561000
30.4200000000,3527.3330000000,0.5086803000
30.4400000000,3527.3330000000,0.5090046000
30.4600000000,3527.6670000000,0.5093689000
30.4800000000,3528.8330000000,0.5096931000
30.5000000000,3530.0000000000,0.5100174000
30.5200000000,3530.5000000000,0.5103416000
30.5400000000,3530.5000000000,0.5106659000
30.5600000000,3532.6670000000,0.5110321000
30.5800000000,3533.5000000000,0.5113564000
30.6000000000,3533.6670000000,0.5116806000
30.6200000000,3533.6670000000,0.5120049000
30.6400000000,3533.6670000000,0.5123291000
30.6600000000,3534.3330000000,0.5126953000
30.6800000000,3535.5000000000,0.5130196000
30.7000000000,3536.1670000000,0.5133438000
30.7200000000,3535.8330000000,0.5137081000
30.7400000000,3534.6670000000,0.5140324000
30.7600000000,3534.5000000000,0.5143986000
30.7800000000,3534.8330000000,0.5147228000
30.8000000000,3535.1670000000,0.5150471000
30.8200000000,3535.8330000000,0.5153713000
30.8400000000,3536.6670000000,0.5156956000
30.8600000000,3537.0000000000,0.5160599000
30.8800000000,3537.5000000000,0.5163841000
30.9000000000,3538.3330000000,0.5167103000
30.9200000000,3539.3330000000,0.5170345000
30.9400000000,3539.8330000000,0.5173588000
30.9600000000,3540.1670000000,0.5177231000
30.9800000000,3540.6670000000,0.5180473000
31.0000000000,3540.8330000000,0.5183716000
31.0200000000,3540.6670000000,0.5187378000
31.0400000000,3540.3330000000,0.5190620000
31.0600000000,3540.3330000000,0.5193863000
31.0800000000,3540.5000000000,0.5197506000
31.1000000000,3540.6670000000,0.5200748000
31.1200000000,3540.8330000000,0.5203991000
31.1400000000,3541.0000000000,0.5207253000
31.1600000000,3542.6670000000,0.5210495000
31.1800000000,3543.0000000000,0.5213737000
31.2000000000,3543.0000000000,0.5217381000
31.2200000000,3543.0000000000,0.5220623000
31.2400000000,3543.1670000000,0.5223866000
31.2600000000,3544.1670000000,0.5227108000
31.2800000000,3545.3330000000,0.5230370000
31.3000000000,3547.0000000000,0.5233612000
31.3200000000,3548.6670000000,0.5237255000
31.3400000000,3549.6670000000,0.5240498000
31.3600000000,3549.6670000000,0.5243740000
31.3800000000,3548.3330000000,0.5247402000
31.4000000000,3546.5000000000,0.5250645000
31.4200000000,3545.5000000000,0.5253887000
31.4400000000,3545.5000000000,0.5257130000
31.4600000000,3545.5000000000,0.5260773000
31.4800000000,3546.0000000000,0.5264015000
31.5000000000,3547.1670000000,0.5267258000
31.5200000000,3548.8330000000,0.5270500000
31.5400000000,3551.0000000000,0.5273762000
31.5600000000,3551.0000000000,0.5277004000
31.5800000000,3551.0000000000,0.5280247000
31.6000000000,3551.0000000000,0.5283890000
31.6200000000,3551.1670000000,0.5287132000
31.6400000000,3551.3330000000,0.5290375000
31.6600000000,3551.8330000000,0.5293617000
31.6800000000,3551.8330000000,0.5297279000
31.7000000000,3551.5000000000,0.5300522000
31.7200000000,3551.1670000000,0.5303764000
31.7400000000,3551.0000000000,0.5307407000
31.7600000000,3551.0000000000,0.5310650000
31.7800000000,3551.3330000000,0.5313911000
31.8000000000,3552.3330000000,0.5317154000
31.8200000000,3553.5000000000,0.5320797000
31.8400000000,3553.8330000000,0.5324039000
31.8600000000,3554.1670000000,0.5327282000
31.8800000000,3554.3330000000,0.5330524000
31.9000000000,3556.3330000000,0.5333767000
31.9200000000,3558.1670000000,0.5337029000
31.9400000000,3557.8330000000,0.5340271000
31.9600000000,3555.6670000000,0.5343513000
31.9800000000,3555.6670000000,0.5347157000
32.0000000000,3556.8330000000,0.5350399000
32.0200000000,3558.0000000000,0.5353642000
32.0400000000,3557.8330000000,0.5356884000
32.0600000000,3557.6670000000,0.5360546000
32.0800000000,3556.1670000000,0.5363789000
32.1000000000,3555.8330000000,0.5367031000
32.1200000000,3555.8330000000,0.5370274000
32.1400000000,3555.8330000000,0.5373917000
32.1600000000,3555.8330000000,0.5377178000
32.1800000000,3555.8330000000,0.5380421000
32.2000000000,3557.3330000000,0.5383663000
32.2200000000,3558.6670000000,0.5386906000
32.2400000000,3558.8330000000,0.5390148000
32.2600000000,3558.8330000000,0.5393391000
32.2800000000,3558.8330000000,0.5396633000
32.3000000000,3559.6670000000,0.5400276000
32.3200000000,3560.3330000000,0.5403538000
32.3400000000,3560.3330000000,0.5406780000
32.3600000000,3560.3330000000,0.5410023000
32.3800000000,3560.1670000000,0.5413666000
32.4000000000,3560.0000000000,0.5416908000
32.4200000000,3559.8330000000,0.5420151000
32.4400000000,3559.6670000000,0.5423813000
32.4600000000,3559.6670000000,0.5427055000
32.4800000000,3560.5000000000,0.5430298000
32.5000000000,3561.6670000000,0.5433540000
32.5200000000,3562.3330000000,0.5436783000
32.5400000000,3562.6670000000,0.5440025000
32.5600000000,3563.1670000000,0.5443268000
32.5800000000,3563.1670000000,0.5446930000
32.6000000000,3563.1670000000,0.5450172000
32.6200000000,3563.3330000000,0.5453415000
32.6400000000,3563.3330000000,0.5456657000
32.6600000000,3563.3330000000,0.5460300000
32.6800000000,3564.6670000000,0.5463543000
32.7000000000,3565.0000000000,0.5466805000
32.7200000000,3564.8330000000,0.5470047000
32.7400000000,3564.1670000000,0.5473690000
32.7600000000,3563.5000000000,0.5476933000
32.7800000000,3563.1670000000,0.5480175000
32.8000000000,3563.0000000000,0.5483418000
32.8200000000,3562.8330000000,0.5486660000
32.8400000000,3563.0000000000,0.5490322000
32.8600000000,3564.0000000000,0.5493565000
32.8800000000,3565.3330000000,0.5496807000
32.9000000000,3565.6670000000,0.5500050000
32.9200000000,3564.5000000000,0.5503292000
32.9400000000,3563.0000000000,0.5506954000
32.9600000000,3562.8330000000,0.5510197000
32.9800000000,3562.8330000000,0.5513439000
33.0000000000,3564.0000000000,0.5516682000
33.0200000000,3564.6670000000,0.5520325000
33.0400000000,3565.0000000000,0.5523567000
33.0600000000,3565.1670000000,0.5527229000
33.0800000000,3565.1670000000,0.5530472000
33.1000000000,3565.3330000000,0.5533714000
33.1200000000,3565.3330000000,0.5536957000
33.1400000000,3565.8330000000,0.5540600000
33.1600000000,3567.5000000000,0.5543842000
33.1800000000,3568.8330000000,0.5547085000
33.2000000000,3569.0000000000,0.5550346000
33.2200000000,3568.5000000000,0.5553589000
33.2400000000,3567.8330000000,0.5556831000
33.2600000000,3567.5000000000,0.5560474000
33.2800000000,3567.5000000000,0.5563717000
33.3000000000,3567.5000000000,0.5566959000
33.3200000000,3567.6670000000,0.5570202000
33.3400000000,3567.8330000000,0.5573864000
33.3600000000,3568.0000000000,0.5577106000
33.3800000000,3568.0000000000,0.5580349000
33.4000000000,3567.1670000000,0.5583992000
33.4200000000,3566.5000000000,0.5587234000
33.4400000000,3566.5000000000,0.5590496000
33.4600000000,3566.5000000000,0.5593739000
33.4800000000,3566.5000000000,0.5597382000
33.5000000000,3567.0000000000,0.5600624000
33.5200000000,3568.6670000000,0.5603867000
33.5400000000,3570.1670000000,0.5607109000
33.5600000000,3570.0000000000,0.5610352000
33.5800000000,3568.3330000000,0.5613613000
33.6000000000,3568.1670000000,0.5617256000
33.6200000000,3568.1670000000,0.5620499000
33.6400000000,3568.3330000000,0.5623741000
33.6600000000,3569.0000000000,0.5626984000
33.6800000000,3569.0000000000,0.5630646000
33.7000000000,3567.8330000000,0.5633888000
33.7200000000,3566.8330000000,0.5637131000
33.7400000000,3566.5000000000,0.5640774000
33.7600000000,3566.5000000000,0.5644016000
33.7800000000,3566.6670000000,0.5647259000
33.8000000000,3567.5000000000,0.5650501000
33.8200000000,3568.5000000000,0.5653763000
33.8400000000,3569.1670000000,0.5657406000
33.8600000000,3569.1670000000,0.5660648000
33.8800000000,3569.0000000000,0.5663891000
33.9000000000,3569.0000000000,0.5667133000
33.9200000000,3569.3330000000,0.5670376000
33.9400000000,3569.6670000000,0.5673618000
33.9600000000,3569.6670000000,0.5676861000
33.9800000000,3569.6670000000,0.5680523000
34.0000000000,3570.0000000000,0.5683765000
34.0200000000,3571.3330000000,0.5687008000
34.0400000000,3572.1670000000,0.5690651000
34.0600000000,3571.6670000000,0.5693913000
34.0800000000,3568.8330000000,0.5697155000
34.1000000000,3568.6670000000,0.5700798000
34.1200000000,3568.8330000000,0.5704041000
34.1400000000,3569.0000000000,0.5707283000
34.1600000000,3569.0000000000,0.5710526000
34.1800000000,3569.0000000000,0.5713768000
34.2000000000,3569.1670000000,0.5717010000
34.2200000000,3569.8330000000,0.5720673000
34.2400000000,3570.1670000000,0.5723915000
34.2600000000,3570.0000000000,0.5727158000
34.2800000000,3568.8330000000,0.5730400000
34.3000000000,3568.5000000000,0.5733643000
34.3200000000,3568.5000000000,0.5737305000
34.3400000000,3568.5000000000,0.5740547000
34.3600000000,3568.8330000000,0.5743790000
34.3800000000,3570.8330000000,0.5747032000
34.4000000000,3570.8330000000,0.5750675000
34.4200000000,3569.8330000000,0.5753918000
34.4400000000,3569.0000000000,0.5757160000
34.4600000000,3568.5000000000,0.5760422000
34.4800000000,3568.5000000000,0.5763664000
34.5000000000,3571.8330000000,0.5766907000
34.5200000000,3572.6670000000,0.5770550000
34.5400000000,3572.5000000000,0.5773792000
34.5600000000,3571.8330000000,0.5777035000
34.5800000000,3571.3330000000,0.5780277000
34.6000000000,3571.3330000000,0.5783539000
34.6200000000,3569.8330000000,0.5786781000
34.6400000000,3569.0000000000,0.5790424000
34.6600000000,3569.8330000000,0.5793667000
34.6800000000,3572.8330000000,0.5796909000
34.7000000000,3572.8330000000,0.5800152000
34.7200000000,3569.8330000000,0.5803814000
34.7400000000,3568.0000000000,0.5807056000
34.7600000000,3567.6670000000,0.5810299000
34.7800000000,3567.1670000000,0.5813942000
34.8000000000,3567.0000000000,0.5817184000
34.8200000000,3567.0000000000,0.5820427000
34.8400000000,3567.6670000000,0.5823669000
34.8600000000,3568.5000000000,0.5826931000
34.8800000000,3568.5000000000,0.5830173000
34.9000000000,3568.5000000000,0.5833416000
34.9200000000,3568.3330000000,0.5836658000
34.9400000000,3568.5000000000,0.5840302000
34.9600000000,3568.5000000000,0.5843544000
34.9800000000,3568.3330000000,0.5846786000
35.0000000000,3566.8330000000,0.5850048000
35.0200000000,3566.3330000000,0.5853691000
35.0400000000,3566.0000000000,0.5856934000
35.0600000000,3565.3330000000,0.5860176000
35.0800000000,3564.1670000000,0.5863819000
35.1000000000,3562.8330000000,0.5867081000
35.1200000000,3562.6670000000,0.5870323000
35.1400000000,3562.8330000000,0.5873566000
35.1600000000,3564.0000000000,0.5876808000
35.1800000000,3566.5000000000,0.5880051000
35.2000000000,3566.5000000000,0.5883694000
35.2200000000,3563.0000000000,0.5886936000
35.2400000000,3561.0000000000,0.5890198000
35.2600000000,3560.6670000000,0.5893440000
35.2800000000,3560.1670000000,0.5896683000
35.3000000000,3560.1670000000,0.5899925000
35.3200000000,3561.3330000000,0.5903568000
35.3400000000,3561.8330000000,0.5906811000
35.3600000000,3561.1670000000,0.5910053000
35.3800000000,3559.5000000000,0.5913715000
35.4000000000,3559.1670000000,0.5916958000
35.4200000000,3559.0000000000,0.5920200000
35.4400000000,3559.0000000000,0.5923443000
35.4600000000,3558.8330000000,0.5927086000
35.4800000000,3558.3330000000,0.5930347000
35.5000000000,3558.3330000000,0.5933590000
35.5200000000,3558.3330000000,0.5936832000
35.5400000000,3558.3330000000,0.5940075000
35.5600000000,3557.5000000000,0.5943718000
35.5800000000,3555.3330000000,0.5946960000
35.6000000000,3554.0000000000,0.5950203000
35.6200000000,3554.0000000000,0.5953445000
35.6400000000,3554.1670000000,0.5957108000
35.6600000000,3554.5000000000,0.5960350000
35.6800000000,3554.1670000000,0.5963593000
35.7000000000,3552.3330000000,0.5967236000
35.7200000000,3551.8330000000,0.5970497000
35.7400000000,3551.6670000000,0.5973740000
35.7600000000,3551.5000000000,0.5977383000
35.7800000000,3551.3330000000,0.5980625000
35.8000000000,3551.3330000000,0.5983868000
35.8200000000,3551.6670000000,0.5987110000
35.8400000000,3552.5000000000,0.5990353000
35.8600000000,3553.1670000000,0.5994015000
35.8800000000,3552.8330000000,0.5997257000
35.9000000000,3551.1670000000,0.6000500000
35.9200000000,3550.0000000000,0.6003742000
35.9400000000,3549.0000000000,0.6006985000
35.9600000000,3548.3330000000,0.6010628000
35.9800000000,3548.3330000000,0.6013889000
36.0000000000,3548.5000000000,0.6017132000
36.0200000000,3548.5000000000,0.6020374000
36.0400000000,3547.5000000000,0.6024017000
36.0600000000,3546.0000000000,0.6027260000
36.0800000000,3544.6670000000,0.6030502000
36.1000000000,3542.8330000000,0.6033745000
36.1200000000,3541.3330000000,0.6037407000
36.1400000000,3541.0000000000,0.6040649000
36.1600000000,3541.6670000000,0.6043892000
36.1800000000,3542.6670000000,0.6047134000
36.2000000000,3542.6670000000,0.6050377000
36.2200000000,3542.0000000000,0.6053619000
36.2400000000,3541.3330000000,0.6057281000
36.2600000000,3540.5000000000,0.6060524000
36.2800000000,3539.5000000000,0.6063766000
36.3000000000,3538.5000000000,0.6067009000
36.3200000000,3537.5000000000,0.6070652000
36.3400000000,3535.8330000000,0.6073895000
36.3600000000,3534.5000000000,0.6077156000
36.3800000000,3533.5000000000,0.6080399000
36.4000000000,3531.6670000000,0.6084042000
36.4200000000,3528.1670000000,0.6087284000
36.4400000000,3527.3330000000,0.6090527000
36.4600000000,3526.8330000000,0.6093769000
36.4800000000,3525.8330000000,0.6097012000
36.5000000000,3525.5000000000,0.6100674000
36.5200000000,3519.3330000000,0.6103916000
36.5400000000,3514.0000000000,0.6107159000
36.5600000000,3509.5000000000,0.6110401000
36.5800000000,3505.0000000000,0.6113644000
36.6000000000,3499.1670000000,0.6116886000
36.6200000000,3491.5000000000,0.6120548000
36.6400000000,3484.8330000000,0.6123791000
36.6600000000,3479.1670000000,0.6128254000
36.6800000000,3444.0000000000,0.6131897000
36.7000000000,3262.5000000000,0.6135139000
36.7200000000,1869.0000000000,0.6137981000
36.7400000000,570.6667000000,0.6141224000
