"PlayTime","LoadValue","PositionValue"
"s","N","mm"
0.0000000000,45.0000000000,0.0014591220
0.0200000000,46.1666700000,0.0017433170
0.0400000000,46.1666700000,0.0020675660
0.0600000000,46.3333300000,0.0023918150
0.0800000000,47.8333300000,0.0027160640
0.1000000000,51.5000000000,0.0030403140
0.1200000000,54.3333300000,0.0033645630
0.1400000000,55.1666700000,0.0037307740
0.1600000000,55.8333300000,0.0040550230
0.1800000000,59.5000000000,0.0043792720
0.2000000000,60.5000000000,0.0047035220
0.2200000000,59.1666700000,0.0050678250
0.2400000000,57.3333300000,0.0053939820
0.2600000000,57.3333300000,0.0057182310
0.2800000000,59.3333300000,0.0060424800
0.3000000000,59.8333300000,0.0064067840
0.3200000000,59.5000000000,0.0067710880
0.3400000000,58.8333300000,0.0070972440
0.3600000000,58.3333300000,0.0074214940
0.3800000000,58.3333300000,0.0077457430
0.4000000000,60.5000000000,0.0080699920
0.4200000000,61.6666700000,0.0083942410
0.4400000000,61.5000000000,0.0087184910
0.4600000000,60.8333300000,0.0090427400
0.4800000000,60.8333300000,0.0094070430
0.5000000000,61.6666700000,0.0097332000
0.5200000000,62.3333300000,0.0100574500
0.5400000000,62.5000000000,0.0104217500
0.5600000000,62.8333300000,0.0107460000
0.5800000000,66.3333400000,0.0110702500
0.6000000000,67.0000000000,0.0113945000
0.6200000000,66.5000000000,0.0117187500
0.6400000000,65.8333400000,0.0120449100
0.6600000000,66.0000000000,0.0124092100
0.6800000000,67.1666600000,0.0127334600
0.7000000000,67.6666600000,0.0130577100
0.7200000000,67.8333400000,0.0133819600
0.7400000000,68.6666600000,0.0137062100
0.7600000000,70.6666600000,0.0140724200
0.7800000000,73.3333400000,0.0143966700
0.8000000000,73.8333400000,0.0147209200
0.8200000000,73.8333400000,0.0150852200
0.8400000000,74.3333400000,0.0154094700
0.8600000000,75.8333400000,0.0157337200
0.8800000000,77.5000000000,0.0160999300
0.9000000000,78.1666600000,0.0164241800
0.9200000000,78.5000000000,0.0167484300
0.9400000000,79.1666600000,0.0170726800
0.9600000000,80.5000000000,0.0173969300
0.9800000000,82.6666600000,0.0177211800
1.0000000000,84.0000000000,0.0180873900
1.0200000000,85.6666600000,0.0184116400
1.0400000000,87.8333400000,0.0187358900
1.0600000000,90.5000000000,0.0190601300
1.0800000000,90.5000000000,0.0194244400
1.1000000000,90.6666600000,0.0197486900
1.1200000000,90.8333400000,0.0200748400
1.1400000000,91.6666600000,0.0203990900
1.1600000000,93.3333400000,0.0207634000
1.1800000000,94.3333400000,0.0210876500
1.2000000000,94.8333400000,0.0214119000
1.2200000000,96.1666600000,0.0217781100
1.2400000000,98.3333400000,0.0221023600
1.2600000000,101.1667000000,0.0224266100
1.2800000000,102.8333000000,0.0227508500
1.3000000000,103.3333000000,0.0230751000
1.3200000000,104.8333000000,0.0233993500
1.3400000000,106.5000000000,0.0237236000
1.3600000000,107.3333000000,0.0240478500
1.3800000000,107.8333000000,0.0244140600
1.4000000000,110.0000000000,0.0247383100
1.4200000000,112.5000000000,0.0250625600
1.4400000000,115.1667000000,0.0253868100
1.4600000000,118.0000000000,0.0257511100
1.4800000000,118.3333000000,0.0260753600
1.5000000000,118.8333000000,0.0263996100
1.5200000000,119.5000000000,0.0267257700
1.5400000000,120.5000000000,0.0270900700
1.5600000000,122.0000000000,0.0274143200
1.5800000000,123.6667000000,0.0277385700
1.6000000000,126.0000000000,0.0280628200
1.6200000000,128.3333000000,0.0283870700
1.6400000000,129.6667000000,0.0287113200
1.6600000000,129.8333000000,0.0290374800
1.6800000000,130.0000000000,0.0293617200
1.7000000000,131.1667000000,0.0297260300
1.7200000000,131.6667000000,0.0300502800
1.7400000000,132.5000000000,0.0303745300
1.7600000000,134.3333000000,0.0306987800
1.7800000000,138.3333000000,0.0310649900
1.8000000000,142.0000000000,0.0313892400
1.8200000000,145.1667000000,0.0317134900
1.8400000000,147.0000000000,0.0320777900
1.8600000000,147.8333000000,0.0324020400
1.8800000000,148.8333000000,0.0327262900
1.9000000000,153.1667000000,0.0330524400
1.9200000000,156.6667000000,0.0333766900
1.9400000000,158.8333000000,0.0337009400
1.9600000000,159.6667000000,0.0340652500
1.9800000000,159.6667000000,0.0343895000
2.0000000000,160.0000000000,0.0347137500
2.0200000000,162.0000000000,0.0350379900
2.0400000000,164.1667000000,0.0353622400
2.0600000000,165.5000000000,0.0356884000
2.0800000000,166.8333000000,0.0360527000
2.1000000000,170.3333000000,0.0363769500
2.1200000000,175.3333000000,0.0367012000
2.1400000000,178.1667000000,0.0370655100
2.1600000000,178.5000000000,0.0373916600
2.1800000000,179.3333000000,0.0377159100
2.2000000000,180.0000000000,0.0380401600
2.2200000000,182.5000000000,0.0384044600
2.2400000000,184.8333000000,0.0387287100
2.2600000000,187.0000000000,0.0390529600
2.2800000000,189.6667000000,0.0393772100
2.3000000000,192.6667000000,0.0397033700
2.3200000000,194.8333000000,0.0400276200
2.3400000000,195.8333000000,0.0403919200
2.3600000000,196.6667000000,0.0407161700
2.3800000000,198.6667000000,0.0410404200
2.4000000000,204.1667000000,0.0413646700
2.4200000000,206.0000000000,0.0417308800
2.4400000000,206.6667000000,0.0420551300
2.4600000000,207.0000000000,0.0423793800
2.4800000000,207.1667000000,0.0427436800
2.5000000000,210.6667000000,0.0430679300
2.5200000000,214.3333000000,0.0433921800
2.5400000000,217.1667000000,0.0437583900
2.5600000000,218.8333000000,0.0440826400
2.5800000000,220.5000000000,0.0444068900
2.6000000000,223.0000000000,0.0447311400
2.6200000000,224.6667000000,0.0450553900
2.6400000000,226.1667000000,0.0453796400
2.6600000000,228.3333000000,0.0457458500
2.6800000000,231.1667000000,0.0460701000
2.7000000000,234.3333000000,0.0463943500
2.7200000000,237.3333000000,0.0467186000
2.7400000000,240.6667000000,0.0470829000
2.7600000000,244.0000000000,0.0474071500
2.7800000000,246.1667000000,0.0477333100
2.8000000000,247.6667000000,0.0480976100
2.8200000000,248.3333000000,0.0484218600
2.8400000000,249.0000000000,0.0487461100
2.8600000000,251.0000000000,0.0491104100
2.8800000000,255.3333000000,0.0494365700
2.9000000000,258.8333000000,0.0497608200
2.9200000000,260.1667000000,0.0500850700
2.9400000000,260.8333000000,0.0504093200
2.9600000000,261.5000000000,0.0507335700
2.9800000000,262.6667000000,0.0510578200
3.0000000000,265.1667000000,0.0514221200
3.0200000000,269.0000000000,0.0517482800
3.0400000000,272.1667000000,0.0520725300
3.0600000000,274.6667000000,0.0523967700
3.0800000000,277.6667000000,0.0527610800
3.1000000000,282.0000000000,0.0530853300
3.1200000000,283.8333000000,0.0534095800
3.1400000000,285.5000000000,0.0537757900
3.1600000000,287.6667000000,0.0541000400
3.1800000000,290.8333000000,0.0544242900
3.2000000000,293.1667000000,0.0547485400
3.2200000000,296.1667000000,0.0551128400
3.2400000000,299.5000000000,0.0554370900
3.2600000000,303.0000000000,0.0557613400
3.2800000000,305.8333000000,0.0560874900
3.3000000000,307.0000000000,0.0564117400
3.3200000000,308.3333000000,0.0567359900
3.3400000000,310.1667000000,0.0570602400
3.3600000000,312.5000000000,0.0574245500
3.3800000000,315.5000000000,0.0577487900
3.4000000000,318.8333000000,0.0580730400
3.4200000000,320.8333000000,0.0583992000
3.4400000000,322.8333000000,0.0587635000
3.4600000000,325.1667000000,0.0590877500
3.4800000000,328.1667000000,0.0594120000
3.5000000000,330.6667000000,0.0597763100
3.5200000000,333.0000000000,0.0601024600
3.5400000000,335.1667000000,0.0604267100
3.5600000000,337.8333000000,0.0607509600
3.5800000000,341.0000000000,0.0610752100
3.6000000000,343.3333000000,0.0613994600
3.6200000000,345.8333000000,0.0617637600
3.6400000000,349.3333000000,0.0620880100
3.6600000000,353.3333000000,0.0624141700
3.6800000000,357.0000000000,0.0627384200
3.7000000000,359.0000000000,0.0630626700
3.7200000000,360.0000000000,0.0633869200
3.7400000000,361.5000000000,0.0637512200
3.7600000000,363.0000000000,0.0640754700
3.7800000000,364.8333000000,0.0643997200
3.8000000000,368.0000000000,0.0647659300
3.8200000000,372.0000000000,0.0650901800
3.8400000000,374.8333000000,0.0654144300
3.8600000000,377.5000000000,0.0657386800
3.8800000000,380.5000000000,0.0660629300
3.9000000000,384.1667000000,0.0664291400
3.9200000000,388.1667000000,0.0667533900
3.9400000000,391.8333000000,0.0670776400
3.9600000000,394.3333000000,0.0674018900
3.9800000000,395.8333000000,0.0677261400
4.0000000000,397.8333000000,0.0680503800
4.0200000000,400.3333000000,0.0683746300
4.0400000000,402.8333000000,0.0686988800
4.0600000000,405.8333000000,0.0690650900
4.0800000000,409.0000000000,0.0693893400
4.1000000000,413.3333000000,0.0697135900
4.1200000000,417.1667000000,0.0700779000
4.1400000000,419.1667000000,0.0704021500
4.1600000000,420.8333000000,0.0707263900
4.1800000000,423.1667000000,0.0710506400
4.2000000000,427.0000000000,0.0714168500
4.2200000000,431.3333000000,0.0717411000
4.2400000000,434.0000000000,0.0720653500
4.2600000000,435.0000000000,0.0723896000
4.2800000000,435.6667000000,0.0727138500
4.3000000000,437.3333000000,0.0730381000
4.3200000000,437.8333000000,0.0733623500
4.3400000000,439.3333000000,0.0737285600
4.3600000000,443.0000000000,0.0740528100
4.3800000000,447.6667000000,0.0743770600
4.4000000000,451.0000000000,0.0747013100
4.4200000000,457.0000000000,0.0750656100
4.4400000000,462.5000000000,0.0753917700
4.4600000000,466.1667000000,0.0757160200
4.4800000000,468.0000000000,0.0760803200
4.5000000000,470.1667000000,0.0764045700
4.5200000000,472.8333000000,0.0767288200
4.5400000000,475.6667000000,0.0770530700
4.5600000000,479.6667000000,0.0773773200
4.5800000000,484.1667000000,0.0777435300
4.6000000000,488.1667000000,0.0780677800
4.6200000000,490.1667000000,0.0783920300
4.6400000000,493.6667000000,0.0787162800
4.6600000000,496.5000000000,0.0790405300
4.6800000000,498.8333000000,0.0793647800
4.7000000000,501.0000000000,0.0797309900
4.7200000000,505.6667000000,0.0800552400
4.7400000000,509.0000000000,0.0803794900
4.7600000000,510.8333000000,0.0807037400
4.7800000000,512.5000000000,0.0810680400
4.8000000000,514.8333000000,0.0813922900
4.8200000000,519.1667000000,0.0817165400
4.8400000000,522.5000000000,0.0820827500
4.8600000000,525.0000000000,0.0824070000
4.8800000000,527.0000000000,0.0827312500
4.9000000000,529.5000000000,0.0830555000
4.9200000000,534.0000000000,0.0833797500
4.9400000000,539.1667000000,0.0837459600
4.9600000000,543.0000000000,0.0840702100
4.9800000000,545.6667000000,0.0843944500
5.0000000000,548.3333000000,0.0847187000
5.0200000000,552.5000000000,0.0850429500
5.0400000000,555.6667000000,0.0854072600
5.0600000000,558.1667000000,0.0857315100
5.0800000000,561.0000000000,0.0860576600
5.1000000000,565.1667000000,0.0864219700
5.1200000000,568.6667000000,0.0867462200
5.1400000000,570.1667000000,0.0870704700
5.1600000000,571.8333000000,0.0874347700
5.1800000000,574.5000000000,0.0877609300
5.2000000000,579.0000000000,0.0880851700
5.2200000000,583.6667000000,0.0884094200
5.2400000000,586.8333000000,0.0887336700
5.2600000000,589.3333000000,0.0890979800
5.2800000000,592.5000000000,0.0894222300
5.3000000000,596.6667000000,0.0897464800
5.3200000000,599.8333000000,0.0900726300
5.3400000000,601.5000000000,0.0903968800
5.3600000000,604.3333000000,0.0907611800
5.3800000000,608.6667000000,0.0910854300
5.4000000000,613.8333000000,0.0914096800
5.4200000000,616.5000000000,0.0917339300
5.4400000000,618.6667000000,0.0921001400
5.4600000000,622.8333000000,0.0924243900
5.4800000000,627.0000000000,0.0927486400
5.5000000000,629.5000000000,0.0930728900
5.5200000000,631.1667000000,0.0934371900
5.5400000000,634.1667000000,0.0937614400
5.5600000000,638.8333000000,0.0940876000
5.5800000000,643.5000000000,0.0944118500
5.6000000000,646.8333000000,0.0947361000
5.6200000000,647.6667000000,0.0950603500
5.6400000000,649.6667000000,0.0954246500
5.6600000000,652.3333000000,0.0957489000
5.6800000000,655.5000000000,0.0960731500
5.7000000000,659.1667000000,0.0963974000
5.7200000000,662.1667000000,0.0967235600
5.7400000000,664.6667000000,0.0970878600
5.7600000000,669.0000000000,0.0974121100
5.7800000000,674.0000000000,0.0977363600
5.8000000000,678.0000000000,0.0981006600
5.8200000000,679.8333000000,0.0984268200
5.8400000000,682.1667000000,0.0987510700
5.8600000000,685.3333000000,0.0990753200
5.8800000000,688.8333000000,0.0994396200
5.9000000000,692.3333000000,0.0997638700
5.9200000000,696.1667000000,0.1000881000
5.9400000000,699.8333000000,0.1004124000
5.9600000000,702.6667000000,0.1007385000
5.9800000000,705.8333000000,0.1010628000
6.0000000000,709.3333000000,0.1013870000
6.0200000000,712.8333000000,0.1017513000
6.0400000000,716.1667000000,0.1020756000
6.0600000000,719.1667000000,0.1023998000
6.0800000000,721.8333000000,0.1027241000
6.1000000000,724.5000000000,0.1030903000
6.1200000000,728.3333000000,0.1034145000
6.1400000000,731.5000000000,0.1037388000
6.1600000000,734.3333000000,0.1041031000
6.1800000000,737.1667000000,0.1044273000
6.2000000000,740.6667000000,0.1047535000
6.2200000000,745.6667000000,0.1050777000
6.2400000000,750.0000000000,0.1054020000
6.2600000000,752.5000000000,0.1057663000
6.2800000000,755.6667000000,0.1060905000
6.3000000000,760.3333000000,0.1064148000
6.3200000000,766.1667000000,0.1067390000
6.3400000000,771.3333000000,0.1070633000
6.3600000000,773.3333000000,0.1073895000
6.3800000000,774.6667000000,0.1077538000
6.4000000000,776.8333000000,0.1080780000
6.4200000000,780.3333000000,0.1084023000
6.4400000000,784.5000000000,0.1087265000
6.4600000000,788.1667000000,0.1090927000
6.4800000000,790.6667000000,0.1094170000
6.5000000000,793.1667000000,0.1097412000
6.5200000000,797.1667000000,0.1100655000
6.5400000000,802.6667000000,0.1103897000
6.5600000000,805.1667000000,0.1107540000
6.5800000000,806.8333000000,0.1110783000
6.6000000000,809.6667000000,0.1114044000
6.6200000000,815.6667000000,0.1117287000
6.6400000000,818.8333000000,0.1120529000
6.6600000000,820.0000000000,0.1123772000
6.6800000000,822.3333000000,0.1127014000
6.7000000000,826.8333000000,0.1130257000
6.7200000000,833.1667000000,0.1133900000
6.7400000000,839.0000000000,0.1137161000
6.7600000000,841.0000000000,0.1140404000
6.7800000000,841.6667000000,0.1144047000
6.8000000000,843.3333000000,0.1147289000
6.8200000000,847.5000000000,0.1150532000
6.8400000000,852.1667000000,0.1153774000
6.8600000000,855.3333000000,0.1157436000
6.8800000000,858.5000000000,0.1160679000
6.9000000000,862.5000000000,0.1163921000
6.9200000000,866.8333000000,0.1167164000
6.9400000000,869.8333000000,0.1170406000
6.9600000000,872.1667000000,0.1173649000
6.9800000000,874.0000000000,0.1176891000
7.0000000000,876.0000000000,0.1180553000
7.0200000000,878.5000000000,0.1183796000
7.0400000000,882.6667000000,0.1187038000
7.0600000000,887.3333000000,0.1190281000
7.0800000000,892.1667000000,0.1193924000
7.1000000000,897.1667000000,0.1197166000
7.1200000000,902.0000000000,0.1200409000
7.1400000000,904.5000000000,0.1204071000
7.1600000000,906.8333000000,0.1207314000
7.1800000000,909.6667000000,0.1210556000
7.2000000000,913.6667000000,0.1213799000
7.2200000000,919.5000000000,0.1217461000
7.2400000000,924.6667000000,0.1220703000
7.2600000000,926.1667000000,0.1223946000
7.2800000000,928.3333000000,0.1227188000
7.3000000000,932.3333000000,0.1230431000
7.3200000000,937.1667000000,0.1233673000
7.3400000000,939.3333000000,0.1237316000
7.3600000000,941.0000000000,0.1240559000
7.3800000000,944.6667000000,0.1243820000
7.4000000000,949.3333000000,0.1247063000
7.4200000000,953.5000000000,0.1250706000
7.4400000000,956.0000000000,0.1253948000
7.4600000000,958.6667000000,0.1257191000
7.4800000000,961.6667000000,0.1260853000
7.5000000000,965.6667000000,0.1264095000
7.5200000000,970.0000000000,0.1267338000
7.5400000000,973.3333000000,0.1270981000
7.5600000000,975.6667000000,0.1274223000
7.5800000000,979.3333000000,0.1277466000
7.6000000000,984.1667000000,0.1280708000
7.6200000000,989.0000000000,0.1283970000
7.6400000000,992.3333000000,0.1287212000
7.6600000000,994.8333000000,0.1290855000
7.6800000000,999.1667000000,0.1294098000
7.7000000000,1003.3330000000,0.1297340000
7.7200000000,1006.3330000000,0.1300583000
7.7400000000,1007.5000000000,0.1304245000
7.7600000000,1010.3330000000,0.1307487000
7.7800000000,1013.8330000000,0.1310730000
7.8000000000,1017.5000000000,0.1314373000
7.8200000000,1021.1670000000,0.1317616000
7.8400000000,1025.5000000000,0.1320858000
7.8600000000,1028.1670000000,0.1324120000
7.8800000000,1032.0000000000,0.1327763000
7.9000000000,1036.6670000000,0.1331005000
7.9200000000,1041.8330000000,0.1334248000
7.9400000000,1045.0000000000,0.1337490000
7.9600000000,1049.3330000000,0.1340733000
7.9800000000,1053.6670000000,0.1343975000
8.0000000000,1056.3330000000,0.1347637000
8.0200000000,1057.6670000000,0.1350880000
8.0400000000,1060.5000000000,0.1354122000
8.0600000000,1065.8330000000,0.1357365000
8.0800000000,1071.6670000000,0.1361008000
8.1000000000,1076.3330000000,0.1364269000
8.1200000000,1079.3330000000,0.1367512000
8.1400000000,1082.6670000000,0.1370754000
8.1600000000,1088.0000000000,0.1374397000
8.1800000000,1091.8330000000,0.1377640000
8.2000000000,1094.0000000000,0.1380882000
8.2200000000,1095.3330000000,0.1384125000
8.2400000000,1097.0000000000,0.1387367000
8.2600000000,1099.5000000000,0.1391029000
8.2800000000,1101.8330000000,0.1394272000
8.3000000000,1104.8330000000,0.1397514000
8.3200000000,1108.6670000000,0.1400757000
8.3400000000,1113.1670000000,0.1403999000
8.3600000000,1116.0000000000,0.1407242000
8.3800000000,1118.6670000000,0.1410904000
8.4000000000,1122.8330000000,0.1414146000
8.4200000000,1128.5000000000,0.1417389000
8.4400000000,1134.5000000000,0.1421032000
8.4600000000,1139.8330000000,0.1424274000
8.4800000000,1143.3330000000,0.1427517000
8.5000000000,1146.1670000000,0.1430779000
8.5200000000,1150.0000000000,0.1434422000
8.5400000000,1155.8330000000,0.1437664000
8.5600000000,1158.8330000000,0.1440907000
8.5800000000,1162.8330000000,0.1444149000
8.6000000000,1166.6670000000,0.1447392000
8.6200000000,1169.3330000000,0.1450634000
8.6400000000,1170.5000000000,0.1453896000
8.6600000000,1174.6670000000,0.1457539000
8.6800000000,1178.3330000000,0.1460781000
8.7000000000,1181.5000000000,0.1464024000
8.7200000000,1185.0000000000,0.1467266000
8.7400000000,1190.6670000000,0.1470509000
8.7600000000,1196.1670000000,0.1474171000
8.7800000000,1198.6670000000,0.1477413000
8.8000000000,1200.3330000000,0.1480656000
8.8200000000,1202.8330000000,0.1484299000
8.8400000000,1206.8330000000,0.1487541000
8.8600000000,1210.6670000000,0.1490784000
8.8800000000,1213.3330000000,0.1494045000
8.9000000000,1217.1670000000,0.1497288000
8.9200000000,1222.0000000000,0.1500530000
8.9400000000,1227.3330000000,0.1503773000
8.9600000000,1230.8330000000,0.1507416000
8.9800000000,1234.0000000000,0.1510658000
9.0000000000,1237.1670000000,0.1513901000
9.0200000000,1240.3330000000,0.1517143000
9.0400000000,1244.0000000000,0.1520405000
9.0600000000,1248.8330000000,0.1523647000
9.0800000000,1251.8330000000,0.1527290000
9.1000000000,1254.8330000000,0.1530533000
9.1200000000,1257.8330000000,0.1533775000
9.1400000000,1261.3330000000,0.1537437000
9.1600000000,1265.3330000000,0.1540680000
9.1800000000,1269.0000000000,0.1543922000
9.2000000000,1272.0000000000,0.1547165000
9.2200000000,1275.3330000000,0.1550407000
9.2400000000,1279.6670000000,0.1553650000
9.2600000000,1284.3330000000,0.1557293000
9.2800000000,1287.8330000000,0.1560555000
9.3000000000,1290.8330000000,0.1563797000
9.3200000000,1294.5000000000,0.1567039000
9.3400000000,1298.8330000000,0.1570282000
9.3600000000,1302.8330000000,0.1573524000
9.3800000000,1306.6670000000,0.1577168000
9.4000000000,1311.6670000000,0.1580410000
9.4200000000,1316.3330000000,0.1583672000
9.4400000000,1319.3330000000,0.1587315000
9.4600000000,1320.5000000000,0.1590557000
9.4800000000,1323.5000000000,0.1593800000
9.5000000000,1327.3330000000,0.1597042000
9.5200000000,1331.6670000000,0.1600704000
9.5400000000,1336.3330000000,0.1603947000
9.5600000000,1339.8330000000,0.1607189000
9.5800000000,1342.1670000000,0.1610432000
9.6000000000,1346.8330000000,0.1613674000
9.6200000000,1351.8330000000,0.1617317000
9.6400000000,1355.3330000000,0.1620560000
9.6600000000,1357.0000000000,0.1623802000
9.6800000000,1360.1670000000,0.1627064000
9.7000000000,1363.3330000000,0.1630707000
9.7200000000,1367.0000000000,0.1633949000
9.7400000000,1371.3330000000,0.1637192000
9.7600000000,1376.3330000000,0.1640854000
9.7800000000,1380.6670000000,0.1644096000
9.8000000000,1385.3330000000,0.1647339000
9.8200000000,1389.6670000000,0.1650581000
9.8400000000,1393.1670000000,0.1654224000
9.8600000000,1395.8330000000,0.1657467000
9.8800000000,1399.1670000000,0.1660709000
9.9000000000,1405.3330000000,0.1663952000
9.9200000000,1410.6670000000,0.1667213000
9.9400000000,1413.0000000000,0.1670856000
9.9600000000,1413.6670000000,0.1674099000
9.9800000000,1418.1670000000,0.1677341000
10.0000000000,1422.5000000000,0.1680584000
10.0200000000,1426.1670000000,0.1683826000
10.0400000000,1429.0000000000,0.1687489000
10.0600000000,1431.0000000000,0.1690731000
10.0800000000,1436.3330000000,0.1693974000
10.1000000000,1441.8330000000,0.1697617000
10.1200000000,1445.3330000000,0.1700859000
10.1400000000,1447.3330000000,0.1704102000
10.1600000000,1449.6670000000,0.1707764000
10.1800000000,1453.8330000000,0.1711006000
10.2000000000,1457.8330000000,0.1714249000
10.2200000000,1461.5000000000,0.1717491000
10.2400000000,1465.3330000000,0.1720734000
10.2600000000,1470.1670000000,0.1724396000
10.2800000000,1474.1670000000,0.1727638000
10.3000000000,1478.0000000000,0.1730881000
10.3200000000,1481.6670000000,0.1734123000
10.3400000000,1485.3330000000,0.1737366000
10.3600000000,1488.8330000000,0.1740608000
10.3800000000,1493.8330000000,0.1744251000
10.4000000000,1498.1670000000,0.1747513000
10.4200000000,1500.3330000000,0.1750755000
10.4400000000,1501.6670000000,0.1754398000
10.4600000000,1503.8330000000,0.1757641000
10.4800000000,1508.3330000000,0.1760883000
10.5000000000,1513.0000000000,0.1764126000
10.5200000000,1517.1670000000,0.1767788000
10.5400000000,1521.1670000000,0.1771030000
10.5600000000,1525.8330000000,0.1774273000
10.5800000000,1530.0000000000,0.1777515000
10.6000000000,1532.6670000000,0.1780758000
10.6200000000,1535.5000000000,0.1784000000
10.6400000000,1539.0000000000,0.1787243000
10.6600000000,1543.6670000000,0.1790905000
10.6800000000,1550.1670000000,0.1794147000
10.7000000000,1555.1670000000,0.1797390000
10.7200000000,1557.6670000000,0.1800632000
10.7400000000,1559.3330000000,0.1804276000
10.7600000000,1562.3330000000,0.1807518000
10.7800000000,1566.1670000000,0.1810760000
10.8000000000,1568.3330000000,0.1814423000
10.8200000000,1570.3330000000,0.1817665000
10.8400000000,1573.5000000000,0.1820908000
10.8600000000,1578.5000000000,0.1824150000
10.8800000000,1583.5000000000,0.1827393000
10.9000000000,1587.0000000000,0.1830635000
10.9200000000,1590.1670000000,0.1833878000
10.9400000000,1592.8330000000,0.1837540000
10.9600000000,1594.8330000000,0.1840782000
10.9800000000,1597.3330000000,0.1844025000
11.0000000000,1601.3330000000,0.1847267000
11.0200000000,1605.6670000000,0.1850510000
11.0400000000,1610.3330000000,0.1854172000
11.0600000000,1615.0000000000,0.1857414000
11.0800000000,1620.1670000000,0.1860657000
11.1000000000,1623.3330000000,0.1864300000
11.1200000000,1625.6670000000,0.1867542000
11.1400000000,1628.5000000000,0.1870785000
11.1600000000,1632.8330000000,0.1874027000
11.1800000000,1636.8330000000,0.1877289000
11.2000000000,1640.1670000000,0.1880932000
11.2200000000,1644.0000000000,0.1884174000
11.2400000000,1649.8330000000,0.1887417000
11.2600000000,1657.1670000000,0.1890659000
11.2800000000,1658.6670000000,0.1893902000
11.3000000000,1660.6670000000,0.1897144000
11.3200000000,1661.8330000000,0.1900387000
11.3400000000,1664.3330000000,0.1904049000
11.3600000000,1669.1670000000,0.1907291000
11.3800000000,1673.8330000000,0.1910534000
11.4000000000,1677.5000000000,0.1913776000
11.4200000000,1680.1670000000,0.1917439000
11.4400000000,1682.8330000000,0.1920681000
11.4600000000,1685.8330000000,0.1923923000
11.4800000000,1689.1670000000,0.1927166000
11.5000000000,1692.3330000000,0.1930408000
11.5200000000,1696.1670000000,0.1934052000
11.5400000000,1700.6670000000,0.1937294000
11.5600000000,1705.3330000000,0.1940536000
11.5800000000,1708.5000000000,0.1943798000
11.6000000000,1710.8330000000,0.1947041000
11.6200000000,1714.6670000000,0.1950283000
11.6400000000,1719.8330000000,0.1953526000
11.6600000000,1724.8330000000,0.1957169000
11.6800000000,1727.6670000000,0.1960411000
11.7000000000,1729.3330000000,0.1963654000
11.7200000000,1732.0000000000,0.1966915000
11.7400000000,1735.6670000000,0.1970558000
11.7600000000,1740.0000000000,0.1973801000
11.7800000000,1744.0000000000,0.1977043000
11.8000000000,1745.3330000000,0.1980686000
11.8200000000,1748.1670000000,0.1983948000
11.8400000000,1752.1670000000,0.1987190000
11.8600000000,1756.6670000000,0.1990433000
11.8800000000,1760.3330000000,0.1993675000
11.9000000000,1763.8330000000,0.1996918000
11.9200000000,1768.5000000000,0.2000561000
11.9400000000,1773.0000000000,0.2003803000
11.9600000000,1776.6670000000,0.2007065000
11.9800000000,1778.8330000000,0.2010307000
12.0000000000,1781.5000000000,0.2013550000
12.0200000000,1785.3330000000,0.2017193000
12.0400000000,1790.1670000000,0.2020435000
12.0600000000,1795.1670000000,0.2023678000
12.0800000000,1799.5000000000,0.2027340000
12.1000000000,1803.1670000000,0.2030582000
12.1200000000,1806.1670000000,0.2033825000
12.1400000000,1809.0000000000,0.2037468000
12.1600000000,1811.5000000000,0.2040710000
12.1800000000,1814.0000000000,0.2043953000
12.2000000000,1818.8330000000,0.2047195000
12.2200000000,1825.3330000000,0.2050858000
12.2400000000,1829.1670000000,0.2054100000
12.2600000000,1830.0000000000,0.2057343000
12.2800000000,1830.5000000000,0.2060585000
12.3000000000,1833.3330000000,0.2063828000
12.3200000000,1834.5000000000,0.2067490000
12.3400000000,1837.6670000000,0.2070732000
12.3600000000,1843.1670000000,0.2073975000
12.3800000000,1850.1670000000,0.2077217000
12.4000000000,1855.3330000000,0.2080860000
12.4200000000,1860.5000000000,0.2084103000
12.4400000000,1863.8330000000,0.2087345000
12.4600000000,1865.5000000000,0.2091007000
12.4800000000,1866.8330000000,0.2094250000
12.5000000000,1871.0000000000,0.2097492000
12.5200000000,1875.8330000000,0.2100735000
12.5400000000,1880.3330000000,0.2103977000
12.5600000000,1884.1670000000,0.2107639000
12.5800000000,1888.3330000000,0.2110882000
12.6000000000,1893.5000000000,0.2114124000
12.6200000000,1897.3330000000,0.2117367000
12.6400000000,1899.3330000000,0.2120609000
12.6600000000,1901.0000000000,0.2124252000
12.6800000000,1903.5000000000,0.2127495000
12.7000000000,1908.3330000000,0.2130756000
12.7200000000,1913.1670000000,0.2133999000
12.7400000000,1916.6670000000,0.2137642000
12.7600000000,1919.5000000000,0.2140884000
12.7800000000,1922.5000000000,0.2144127000
12.8000000000,1926.0000000000,0.2147789000
12.8200000000,1928.6670000000,0.2151031000
12.8400000000,1931.5000000000,0.2154274000
12.8600000000,1934.6670000000,0.2157516000
12.8800000000,1938.5000000000,0.2160759000
12.9000000000,1943.6670000000,0.2164402000
12.9200000000,1948.0000000000,0.2167645000
12.9400000000,1951.5000000000,0.2170906000
12.9600000000,1955.3330000000,0.2174149000
12.9800000000,1960.1670000000,0.2177391000
13.0000000000,1964.0000000000,0.2180634000
13.0200000000,1966.6670000000,0.2184277000
13.0400000000,1969.5000000000,0.2187519000
13.0600000000,1972.1670000000,0.2190762000
13.0800000000,1975.0000000000,0.2194023000
13.1000000000,1977.8330000000,0.2197666000
13.1200000000,1981.1670000000,0.2200909000
13.1400000000,1984.3330000000,0.2204151000
13.1600000000,1988.1670000000,0.2207794000
13.1800000000,1992.5000000000,0.2211056000
13.2000000000,1997.1670000000,0.2214298000
13.2200000000,2000.5000000000,0.2217541000
13.2400000000,2003.8330000000,0.2220783000
13.2600000000,2008.0000000000,0.2224026000
13.2800000000,2012.3330000000,0.2227268000
13.3000000000,2015.6670000000,0.2230911000
13.3200000000,2017.8330000000,0.2234154000
13.3400000000,2021.3330000000,0.2237415000
13.3600000000,2026.3330000000,0.2240658000
13.3800000000,2031.5000000000,0.2243900000
13.4000000000,2035.1670000000,0.2247543000
13.4200000000,2037.1670000000,0.2250786000
13.4400000000,2040.0000000000,0.2254028000
13.4600000000,2043.8330000000,0.2257690000
13.4800000000,2047.8330000000,0.2260933000
13.5000000000,2050.8330000000,0.2264175000
13.5200000000,2053.1670000000,0.2267418000
13.5400000000,2056.3330000000,0.2270660000
13.5600000000,2059.8330000000,0.2273903000
13.5800000000,2063.3330000000,0.2277565000
13.6000000000,2066.8330000000,0.2280807000
13.6200000000,2071.0000000000,0.2284050000
13.6400000000,2075.6670000000,0.2287292000
13.6600000000,2079.5000000000,0.2290535000
13.6800000000,2082.1670000000,0.2293777000
13.7000000000,2085.0000000000,0.2297421000
13.7200000000,2088.5000000000,0.2300682000
13.7400000000,2093.5000000000,0.2303925000
13.7600000000,2099.0000000000,0.2307167000
13.7800000000,2102.6670000000,0.2310810000
13.8000000000,2103.3330000000,0.2314053000
13.8200000000,2105.8330000000,0.2317295000
13.8400000000,2109.6670000000,0.2320538000
13.8600000000,2114.5000000000,0.2324200000
13.8800000000,2119.3330000000,0.2327442000
13.9000000000,2123.6670000000,0.2330685000
13.9200000000,2127.6670000000,0.2333927000
13.9400000000,2131.1670000000,0.2337170000
13.9600000000,2134.1670000000,0.2340412000
13.9800000000,2136.6670000000,0.2343655000
14.0000000000,2138.6670000000,0.2346897000
14.0200000000,2140.8330000000,0.2350559000
14.0400000000,2146.1670000000,0.2353802000
14.0600000000,2151.8330000000,0.2357044000
14.0800000000,2155.8330000000,0.2360687000
14.1000000000,2157.1670000000,0.2363930000
14.1200000000,2158.8330000000,0.2367191000
14.1400000000,2162.1670000000,0.2370434000
14.1600000000,2165.1670000000,0.2374077000
14.1800000000,2168.0000000000,0.2377319000
14.2000000000,2171.6670000000,0.2380562000
14.2200000000,2176.3330000000,0.2383804000
14.2400000000,2181.6670000000,0.2387047000
14.2600000000,2186.0000000000,0.2390308000
14.2800000000,2189.1670000000,0.2393551000
14.3000000000,2192.1670000000,0.2397194000
14.3200000000,2195.3330000000,0.2400436000
14.3400000000,2198.8330000000,0.2403679000
14.3600000000,2202.8330000000,0.2406921000
14.3800000000,2206.5000000000,0.2410583000
14.4000000000,2209.0000000000,0.2413826000
14.4200000000,2211.8330000000,0.2417068000
14.4400000000,2214.6670000000,0.2420712000
14.4600000000,2217.8330000000,0.2423954000
14.4800000000,2221.1670000000,0.2427197000
14.5000000000,2224.6670000000,0.2430859000
14.5200000000,2228.8330000000,0.2434101000
14.5400000000,2234.3330000000,0.2437344000
14.5600000000,2239.1670000000,0.2440586000
14.5800000000,2242.6670000000,0.2443829000
14.6000000000,2244.6670000000,0.2447071000
14.6200000000,2246.6670000000,0.2450733000
14.6400000000,2250.3330000000,0.2453976000
14.6600000000,2255.1670000000,0.2457218000
14.6800000000,2260.5000000000,0.2460461000
14.7000000000,2265.5000000000,0.2464104000
14.7200000000,2270.0000000000,0.2467346000
14.7400000000,2272.5000000000,0.2470608000
14.7600000000,2273.8330000000,0.2474251000
14.7800000000,2275.3330000000,0.2477493000
14.8000000000,2278.0000000000,0.2480736000
14.8200000000,2282.1670000000,0.2483978000
14.8400000000,2285.8330000000,0.2487640000
14.8600000000,2289.1670000000,0.2490883000
14.8800000000,2292.6670000000,0.2494125000
14.9000000000,2296.0000000000,0.2497368000
14.9200000000,2299.3330000000,0.2500610000
14.9400000000,2303.3330000000,0.2503853000
14.9600000000,2307.0000000000,0.2507496000
14.9800000000,2310.6670000000,0.2510738000
15.0000000000,2314.6670000000,0.2514000000
15.0200000000,2319.8330000000,0.2517643000
15.0400000000,2324.1670000000,0.2520885000
15.0600000000,2327.1670000000,0.2524128000
15.0800000000,2329.6670000000,0.2527370000
15.1000000000,2332.5000000000,0.2531033000
15.1200000000,2336.5000000000,0.2534275000
15.1400000000,2339.6670000000,0.2537518000
15.1600000000,2342.3330000000,0.2540760000
15.1800000000,2346.3330000000,0.2544403000
15.2000000000,2351.3330000000,0.2547646000
15.2200000000,2355.8330000000,0.2550888000
15.2400000000,2359.6670000000,0.2554150000
15.2600000000,2362.8330000000,0.2557392000
15.2800000000,2365.5000000000,0.2560635000
15.3000000000,2368.0000000000,0.2563877000
15.3200000000,2371.1670000000,0.2567520000
15.3400000000,2375.1670000000,0.2570763000
15.3600000000,2378.3330000000,0.2574005000
15.3800000000,2382.1670000000,0.2577667000
15.4000000000,2386.3330000000,0.2580910000
15.4200000000,2390.0000000000,0.2584152000
15.4400000000,2393.1670000000,0.2587395000
15.4600000000,2396.1670000000,0.2591038000
15.4800000000,2398.3330000000,0.2594299000
15.5000000000,2400.3330000000,0.2597542000
15.5200000000,2404.3330000000,0.2600784000
15.5400000000,2408.8330000000,0.2604027000
15.5600000000,2412.3330000000,0.2607269000
15.5800000000,2416.3330000000,0.2610912000
15.6000000000,2421.6670000000,0.2614155000
15.6200000000,2427.8330000000,0.2617416000
15.6400000000,2431.3330000000,0.2620659000
15.6600000000,2433.8330000000,0.2623901000
15.6800000000,2436.3330000000,0.2627544000
15.7000000000,2439.1670000000,0.2630787000
15.7200000000,2442.8330000000,0.2634029000
15.7400000000,2445.6670000000,0.2637272000
15.7600000000,2448.6670000000,0.2640934000
15.7800000000,2452.0000000000,0.2644176000
15.8000000000,2455.8330000000,0.2647419000
15.8200000000,2459.6670000000,0.2650661000
15.8400000000,2462.8330000000,0.2654305000
15.8600000000,2466.0000000000,0.2657547000
15.8800000000,2470.5000000000,0.2660809000
15.9000000000,2475.6670000000,0.2664051000
15.9200000000,2480.5000000000,0.2667294000
15.9400000000,2483.0000000000,0.2670536000
15.9600000000,2485.1670000000,0.2673779000
15.9800000000,2487.8330000000,0.2677422000
16.0000000000,2491.1670000000,0.2680664000
16.0200000000,2496.0000000000,0.2683926000
16.0400000000,2501.5000000000,0.2687168000
16.0600000000,2505.5000000000,0.2690811000
16.0800000000,2508.8330000000,0.2694054000
16.1000000000,2512.0000000000,0.2697296000
16.1200000000,2514.8330000000,0.2700958000
16.1400000000,2516.6670000000,0.2704201000
16.1600000000,2519.6670000000,0.2707443000
16.1800000000,2523.1670000000,0.2710686000
16.2000000000,2527.1670000000,0.2713928000
16.2200000000,2531.1670000000,0.2717171000
16.2400000000,2534.3330000000,0.2720814000
16.2600000000,2537.5000000000,0.2724075000
16.2800000000,2540.3330000000,0.2727318000
16.3000000000,2542.6670000000,0.2730560000
16.3200000000,2544.6670000000,0.2733803000
16.3400000000,2548.8330000000,0.2737045000
16.3600000000,2555.8330000000,0.2740688000
16.3800000000,2561.8330000000,0.2743931000
16.4000000000,2566.1670000000,0.2747192000
16.4200000000,2568.3330000000,0.2750835000
16.4400000000,2569.5000000000,0.2754078000
16.4600000000,2571.6670000000,0.2757320000
16.4800000000,2576.3330000000,0.2760563000
16.5000000000,2581.5000000000,0.2763805000
16.5200000000,2585.6670000000,0.2767467000
16.5400000000,2589.3330000000,0.2770710000
16.5600000000,2593.8330000000,0.2773952000
16.5800000000,2598.0000000000,0.2777195000
16.6000000000,2601.3330000000,0.2780437000
16.6200000000,2603.1670000000,0.2783680000
16.6400000000,2603.6670000000,0.2786922000
16.6600000000,2607.3330000000,0.2790585000
16.6800000000,2611.6670000000,0.2793827000
16.7000000000,2615.1670000000,0.2797070000
16.7200000000,2617.5000000000,0.2800312000
16.7400000000,2620.6670000000,0.2803955000
16.7600000000,2624.0000000000,0.2807198000
16.7800000000,2627.6670000000,0.2810440000
16.8000000000,2631.5000000000,0.2814102000
16.8200000000,2635.3330000000,0.2817345000
16.8400000000,2638.3330000000,0.2820587000
16.8600000000,2643.0000000000,0.2823830000
16.8800000000,2647.5000000000,0.2827072000
16.9000000000,2651.3330000000,0.2830315000
16.9200000000,2654.3330000000,0.2833977000
16.9400000000,2658.1670000000,0.2837219000
16.9600000000,2661.8330000000,0.2840462000
16.9800000000,2665.3330000000,0.2843704000
17.0000000000,2668.3330000000,0.2846947000
17.0200000000,2670.6670000000,0.2850590000
17.0400000000,2672.8330000000,0.2853851000
17.0600000000,2677.1670000000,0.2857094000
17.0800000000,2680.8330000000,0.2860737000
17.1000000000,2683.6670000000,0.2863979000
17.1200000000,2686.5000000000,0.2867222000
17.1400000000,2690.1670000000,0.2870884000
17.1600000000,2693.8330000000,0.2874126000
17.1800000000,2698.5000000000,0.2877369000
17.2000000000,2702.5000000000,0.2880611000
17.2200000000,2705.6670000000,0.2884254000
17.2400000000,2709.8330000000,0.2887497000
17.2600000000,2713.6670000000,0.2890739000
17.2800000000,2716.5000000000,0.2894001000
17.3000000000,2719.6670000000,0.2897243000
17.3200000000,2723.3330000000,0.2900486000
17.3400000000,2725.8330000000,0.2904129000
17.3600000000,2730.0000000000,0.2907372000
17.3800000000,2733.3330000000,0.2910614000
17.4000000000,2736.3330000000,0.2914276000
17.4200000000,2739.3330000000,0.2917519000
17.4400000000,2742.5000000000,0.2920761000
17.4600000000,2745.0000000000,0.2924004000
17.4800000000,2747.8330000000,0.2927647000
17.5000000000,2751.0000000000,0.2930889000
17.5200000000,2754.5000000000,0.2934132000
17.5400000000,2758.8330000000,0.2937393000
17.5600000000,2764.0000000000,0.2940636000
17.5800000000,2768.0000000000,0.2944279000
17.6000000000,2770.1670000000,0.2947521000
17.6200000000,2771.8330000000,0.2950764000
17.6400000000,2774.6670000000,0.2954006000
17.6600000000,2780.0000000000,0.2957249000
17.6800000000,2783.6670000000,0.2960911000
17.7000000000,2786.0000000000,0.2964153000
17.7200000000,2789.0000000000,0.2967396000
17.7400000000,2794.8330000000,0.2971039000
17.7600000000,2799.5000000000,0.2974281000
17.7800000000,2802.1670000000,0.2977543000
17.8000000000,2804.1670000000,0.2980785000
17.8200000000,2806.6670000000,0.2984428000
17.8400000000,2809.6670000000,0.2987671000
17.8600000000,2814.5000000000,0.2990913000
17.8800000000,2819.0000000000,0.2994156000
17.9000000000,2822.6670000000,0.2997398000
17.9200000000,2826.3330000000,0.3000660000
17.9400000000,2831.3330000000,0.3004303000
17.9600000000,2833.5000000000,0.3007545000
17.9800000000,2834.0000000000,0.3010788000
18.0000000000,2835.3330000000,0.3014030000
18.0200000000,2838.5000000000,0.3017273000
18.0400000000,2844.1670000000,0.3020935000
18.0600000000,2848.1670000000,0.3024178000
18.0800000000,2850.1670000000,0.3027420000
18.1000000000,2851.8330000000,0.3031063000
18.1200000000,2853.6670000000,0.3034306000
18.1400000000,2856.6670000000,0.3037548000
18.1600000000,2861.6670000000,0.3040810000
18.1800000000,2865.0000000000,0.3044052000
18.2000000000,2868.1670000000,0.3047695000
18.2200000000,2871.5000000000,0.3050938000
18.2400000000,2875.5000000000,0.3054180000
18.2600000000,2879.5000000000,0.3057423000
18.2800000000,2882.5000000000,0.3060665000
18.3000000000,2885.8330000000,0.3063908000
18.3200000000,2889.6670000000,0.3067570000
18.3400000000,2893.6670000000,0.3070812000
18.3600000000,2896.1670000000,0.3074055000
18.3800000000,2897.8330000000,0.3077297000
18.4000000000,2900.3330000000,0.3080959000
18.4200000000,2903.0000000000,0.3084202000
18.4400000000,2905.5000000000,0.3087444000
18.4600000000,2908.0000000000,0.3090687000
18.4800000000,2911.3330000000,0.3094330000
18.5000000000,2914.6670000000,0.3097572000
18.5200000000,2919.0000000000,0.3100815000
18.5400000000,2925.1670000000,0.3104057000
18.5600000000,2928.0000000000,0.3107319000
18.5800000000,2929.1670000000,0.3110561000
18.6000000000,2931.8330000000,0.3113804000
18.6200000000,2935.5000000000,0.3117046000
18.6400000000,2939.5000000000,0.3120689000
18.6600000000,2942.6670000000,0.3123932000
18.6800000000,2947.5000000000,0.3127174000
18.7000000000,2951.5000000000,0.3130436000
18.7200000000,2953.6670000000,0.3134079000
18.7400000000,2954.6670000000,0.3137321000
18.7600000000,2957.3330000000,0.3140564000
18.7800000000,2959.3330000000,0.3143806000
18.8000000000,2962.3330000000,0.3147469000
18.8200000000,2966.3330000000,0.3150711000
18.8400000000,2970.1670000000,0.3153954000
18.8600000000,2972.3330000000,0.3157196000
18.8800000000,2974.8330000000,0.3160439000
18.9000000000,2978.1670000000,0.3163681000
18.9200000000,2981.1670000000,0.3166924000
18.9400000000,2983.5000000000,0.3170586000
18.9600000000,2986.1670000000,0.3173828000
18.9800000000,2990.3330000000,0.3177071000
19.0000000000,2995.5000000000,0.3180313000
19.0200000000,2999.6670000000,0.3183556000
19.0400000000,3001.5000000000,0.3187199000
19.0600000000,3002.3330000000,0.3190441000
19.0800000000,3004.5000000000,0.3193684000
19.1000000000,3006.8330000000,0.3197346000
19.1200000000,3009.5000000000,0.3200588000
19.1400000000,3012.1670000000,0.3203831000
19.1600000000,3014.8330000000,0.3207073000
19.1800000000,3020.0000000000,0.3210316000
19.2000000000,3026.0000000000,0.3213978000
19.2200000000,3030.0000000000,0.3217220000
19.2400000000,3031.3330000000,0.3220463000
19.2600000000,3032.1670000000,0.3223705000
19.2800000000,3034.5000000000,0.3226948000
19.3000000000,3039.3330000000,0.3230591000
19.3200000000,3043.3330000000,0.3233833000
19.3400000000,3045.1670000000,0.3237095000
19.3600000000,3045.5000000000,0.3240337000
19.3800000000,3049.8330000000,0.3243980000
19.4000000000,3054.5000000000,0.3247223000
19.4200000000,3057.8330000000,0.3250465000
19.4400000000,3059.3330000000,0.3254128000
19.4600000000,3060.3330000000,0.3257370000
19.4800000000,3063.0000000000,0.3260612000
19.5000000000,3065.6670000000,0.3263855000
19.5200000000,3068.3330000000,0.3267498000
19.5400000000,3071.5000000000,0.3270741000
19.5600000000,3075.5000000000,0.3273983000
19.5800000000,3079.5000000000,0.3277245000
19.6000000000,3083.0000000000,0.3280487000
19.6200000000,3085.5000000000,0.3284130000
19.6400000000,3087.1670000000,0.3287373000
19.6600000000,3089.5000000000,0.3290615000
19.6800000000,3093.0000000000,0.3293858000
19.7000000000,3096.5000000000,0.3297520000
19.7200000000,3099.5000000000,0.3300762000
19.7400000000,3101.5000000000,0.3304005000
19.7600000000,3103.3330000000,0.3307648000
19.7800000000,3105.8330000000,0.3310890000
19.8000000000,3109.5000000000,0.3314133000
19.8200000000,3113.0000000000,0.3317394000
19.8400000000,3115.5000000000,0.3321037000
19.8600000000,3117.0000000000,0.3324280000
19.8800000000,3122.6670000000,0.3327522000
19.9000000000,3126.1670000000,0.3330765000
19.9200000000,3128.0000000000,0.3334007000
19.9400000000,3128.6670000000,0.3337250000
19.9600000000,3129.5000000000,0.3340912000
19.9800000000,3133.8330000000,0.3344154000
20.0000000000,3137.8330000000,0.3347397000
20.0200000000,3140.8330000000,0.3350639000
20.0400000000,3143.1670000000,0.3354282000
20.0600000000,3145.1670000000,0.3357544000
20.0800000000,3147.6670000000,0.3360786000
20.1000000000,3150.3330000000,0.3364429000
20.1200000000,3152.5000000000,0.3367672000
20.1400000000,3154.8330000000,0.3370914000
20.1600000000,3158.1670000000,0.3374157000
20.1800000000,3160.8330000000,0.3377399000
20.2000000000,3163.1670000000,0.3381062000
20.2200000000,3165.3330000000,0.3384304000
20.2400000000,3167.1670000000,0.3387547000
20.2600000000,3168.1670000000,0.3390789000
20.2800000000,3168.3330000000,0.3394032000
20.3000000000,3170.1670000000,0.3397274000
20.3200000000,3173.8330000000,0.3400936000
20.3400000000,3178.0000000000,0.3404179000
20.3600000000,3181.8330000000,0.3407421000
20.3800000000,3185.1670000000,0.3410664000
20.4000000000,3186.1670000000,0.3414307000
20.4200000000,3187.5000000000,0.3417549000
20.4400000000,3189.8330000000,0.3420792000
20.4600000000,3193.0000000000,0.3424454000
20.4800000000,3195.8330000000,0.3427696000
20.5000000000,3199.1670000000,0.3430939000
20.5200000000,3202.8330000000,0.3434181000
20.5400000000,3206.1670000000,0.3437424000
20.5600000000,3209.0000000000,0.3440666000
20.5800000000,3212.3330000000,0.3443909000
20.6000000000,3214.1670000000,0.3447571000
20.6200000000,3215.0000000000,0.3450813000
20.6400000000,3215.6670000000,0.3454056000
20.6600000000,3217.5000000000,0.3457298000
20.6800000000,3220.1670000000,0.3460541000
20.7000000000,3222.3330000000,0.3464203000
20.7200000000,3224.8330000000,0.3467445000
20.7400000000,3227.3330000000,0.3470688000
20.7600000000,3228.6670000000,0.3474331000
20.7800000000,3230.0000000000,0.3477573000
20.8000000000,3232.5000000000,0.3480816000
20.8200000000,3234.6670000000,0.3484058000
20.8400000000,3236.6670000000,0.3487301000
20.8600000000,3239.0000000000,0.3490562000
20.8800000000,3241.1670000000,0.3494205000
20.9000000000,3243.6670000000,0.3497448000
20.9200000000,3246.0000000000,0.3500690000
20.9400000000,3248.3330000000,0.3503933000
20.9600000000,3250.6670000000,0.3507175000
20.9800000000,3253.0000000000,0.3510418000
21.0000000000,3254.8330000000,0.3514080000
21.0200000000,3256.3330000000,0.3517323000
21.0400000000,3258.3330000000,0.3520565000
21.0600000000,3261.3330000000,0.3523808000
21.0800000000,3263.6670000000,0.3527451000
21.1000000000,3264.1670000000,0.3530712000
21.1200000000,3265.3330000000,0.3533955000
21.1400000000,3267.5000000000,0.3537598000
21.1600000000,3270.5000000000,0.3540840000
21.1800000000,3273.1670000000,0.3544083000
21.2000000000,3273.5000000000,0.3547325000
21.2200000000,3276.8330000000,0.3550568000
21.2400000000,3280.8330000000,0.3553829000
21.2600000000,3283.5000000000,0.3557072000
21.2800000000,3284.0000000000,0.3560314000
21.3000000000,3284.1670000000,0.3563957000
21.3200000000,3286.0000000000,0.3567200000
21.3400000000,3288.8330000000,0.3570442000
21.3600000000,3291.6670000000,0.3573685000
21.3800000000,3293.3330000000,0.3577347000
21.4000000000,3293.5000000000,0.3580589000
21.4200000000,3295.0000000000,0.3583832000
21.4400000000,3296.1670000000,0.3587074000
21.4600000000,3296.5000000000,0.3590717000
21.4800000000,3296.5000000000,0.3593979000
21.5000000000,3296.5000000000,0.3597221000
21.5200000000,3297.6670000000,0.3600464000
21.5400000000,3299.6670000000,0.3603706000
21.5600000000,3301.6670000000,0.3606949000
21.5800000000,3301.6670000000,0.3610191000
21.6000000000,3301.3330000000,0.3613834000
21.6200000000,3298.6670000000,0.3617077000
21.6400000000,3295.0000000000,0.3620338000
21.6600000000,3291.3330000000,0.3623581000
21.6800000000,3288.3330000000,0.3627224000
21.7000000000,3285.6670000000,0.3630466000
21.7200000000,3284.6670000000,0.3633709000
21.7400000000,3283.1670000000,0.3637371000
21.7600000000,3279.5000000000,0.3640614000
21.7800000000,3273.0000000000,0.3643856000
21.8000000000,3268.6670000000,0.3647499000
21.8200000000,3265.3330000000,0.3650742000
21.8400000000,3261.6670000000,0.3653984000
21.8600000000,3255.1670000000,0.3657227000
21.8800000000,3241.3330000000,0.3661690000
21.9000000000,3212.8330000000,0.3664932000
21.9200000000,2423.6670000000,0.3668194000
21.9400000000,1274.0000000000,0.3671017000
21.9600000000,264.5000000000,0.3674259000
