"PlayTime","LoadValue","PositionValue"
"s","N","mm"
0.0000000000,17.6666700000,0.0015411380
0.0200000000,20.5000000000,0.0018653870
0.0400000000,23.1666700000,0.0021896360
0.0600000000,24.6666700000,0.0025157930
0.0800000000,26.0000000000,0.0028400420
0.1000000000,25.5000000000,0.0031642910
0.1200000000,25.5000000000,0.0034885410
0.1400000000,25.5000000000,0.0038127900
0.1600000000,25.8333300000,0.0041370390
0.1800000000,26.6666700000,0.0044612880
0.2000000000,26.6666700000,0.0047855380
0.2200000000,28.3333300000,0.0051097870
0.2400000000,29.1666700000,0.0054759980
0.2600000000,29.3333300000,0.0058002470
0.2800000000,29.8333300000,0.0061244960
0.3000000000,30.3333300000,0.0064888000
0.3200000000,32.0000000000,0.0068130490
0.3400000000,33.6666700000,0.0071372990
0.3600000000,34.6666700000,0.0075035100
0.3800000000,35.5000000000,0.0078277590
0.4000000000,36.8333300000,0.0081520080
0.4200000000,39.1666700000,0.0085163120
0.4400000000,41.1666700000,0.0088405610
0.4600000000,42.8333300000,0.0091667180
0.4800000000,44.3333300000,0.0094909670
0.5000000000,46.1666700000,0.0098152160
0.5200000000,46.5000000000,0.0101795200
0.5400000000,45.8333300000,0.0105037700
0.5600000000,45.1666700000,0.0108280200
0.5800000000,45.3333300000,0.0111522700
0.6000000000,46.8333300000,0.0114784200
0.6200000000,48.3333300000,0.0118427300
0.6400000000,49.0000000000,0.0121669800
0.6600000000,50.0000000000,0.0124912300
0.6800000000,52.0000000000,0.0128555300
0.7000000000,52.0000000000,0.0131816900
0.7200000000,52.1666700000,0.0135059400
0.7400000000,52.1666700000,0.0138301800
0.7600000000,52.5000000000,0.0141944900
0.7800000000,53.6666700000,0.0145187400
0.8000000000,56.3333300000,0.0148429900
0.8200000000,57.6666700000,0.0151672400
0.8400000000,58.1666700000,0.0154933900
0.8600000000,58.8333300000,0.0158176400
0.8800000000,60.8333300000,0.0161418900
0.9000000000,64.1666600000,0.0165062000
0.9200000000,64.5000000000,0.0168304400
0.9400000000,64.0000000000,0.0171546900
0.9600000000,63.6666700000,0.0174789400
0.9800000000,63.8333300000,0.0178451500
1.0000000000,64.0000000000,0.0181694000
1.0200000000,64.8333400000,0.0184936500
1.0400000000,65.1666600000,0.0188579600
1.0600000000,66.0000000000,0.0191822100
1.0800000000,67.3333400000,0.0195064500
1.1000000000,68.8333400000,0.0198326100
1.1200000000,70.5000000000,0.0201568600
1.1400000000,71.5000000000,0.0204811100
1.1600000000,72.0000000000,0.0208454100
1.1800000000,72.1666600000,0.0211696600
1.2000000000,72.8333400000,0.0214939100
1.2200000000,73.6666600000,0.0218181600
1.2400000000,74.8333400000,0.0221443200
1.2600000000,76.6666600000,0.0224685700
1.2800000000,79.1666600000,0.0228328700
1.3000000000,81.1666600000,0.0231571200
1.3200000000,82.1666600000,0.0234813700
1.3400000000,83.3333400000,0.0238475800
1.3600000000,84.0000000000,0.0241718300
1.3800000000,84.1666600000,0.0244960800
1.4000000000,84.1666600000,0.0248203300
1.4200000000,84.1666600000,0.0251846300
1.4400000000,84.3333400000,0.0255088800
1.4600000000,84.8333400000,0.0258331300
1.4800000000,85.3333400000,0.0261592900
1.5000000000,85.3333400000,0.0264835400
1.5200000000,85.3333400000,0.0268077900
1.5400000000,85.3333400000,0.0271320300
1.5600000000,85.3333400000,0.0274562800
1.5800000000,85.5000000000,0.0278205900
1.6000000000,85.6666600000,0.0281448400
1.6200000000,87.8333400000,0.0284709900
1.6400000000,90.3333400000,0.0287952400
1.6600000000,93.3333400000,0.0291595500
1.6800000000,96.1666600000,0.0294838000
1.7000000000,96.1666600000,0.0298080400
1.7200000000,97.6666600000,0.0301322900
1.7400000000,98.1666600000,0.0304985000
1.7600000000,99.5000000000,0.0308227500
1.7800000000,101.5000000000,0.0311470000
1.8000000000,102.5000000000,0.0314712500
1.8200000000,103.0000000000,0.0317955000
1.8400000000,104.5000000000,0.0321197500
1.8600000000,105.3333000000,0.0324840500
1.8800000000,104.8333000000,0.0328102100
1.9000000000,103.1667000000,0.0331344600
1.9200000000,103.1667000000,0.0334587100
1.9400000000,105.3333000000,0.0337829600
1.9600000000,106.6667000000,0.0341472600
1.9800000000,106.6667000000,0.0344715100
2.0000000000,106.8333000000,0.0347957600
2.0200000000,109.5000000000,0.0351619700
2.0400000000,110.0000000000,0.0354862200
2.0600000000,110.3333000000,0.0358104700
2.0800000000,110.8333000000,0.0361347200
2.1000000000,111.0000000000,0.0364990200
2.1200000000,111.8333000000,0.0368251800
2.1400000000,113.3333000000,0.0371494300
2.1600000000,115.1667000000,0.0374736800
2.1800000000,116.5000000000,0.0377979300
2.2000000000,117.0000000000,0.0381622300
2.2200000000,118.3333000000,0.0384864800
2.2400000000,120.5000000000,0.0388107300
2.2600000000,122.0000000000,0.0391368900
2.2800000000,122.5000000000,0.0395011900
2.3000000000,122.5000000000,0.0398254400
2.3200000000,122.6667000000,0.0401496900
2.3400000000,123.5000000000,0.0405139900
2.3600000000,124.8333000000,0.0408401500
2.3800000000,126.0000000000,0.0411644000
2.4000000000,126.5000000000,0.0415287000
2.4200000000,128.3333000000,0.0418529500
2.4400000000,129.6667000000,0.0421772000
2.4600000000,130.5000000000,0.0425014500
2.4800000000,131.1667000000,0.0428257000
2.5000000000,132.0000000000,0.0431518600
2.5200000000,134.0000000000,0.0435161600
2.5400000000,137.0000000000,0.0438404100
2.5600000000,138.0000000000,0.0441646600
2.5800000000,138.0000000000,0.0444889100
2.6000000000,138.3333000000,0.0448131600
2.6200000000,139.8333000000,0.0451793700
2.6400000000,141.0000000000,0.0455036200
2.6600000000,141.8333000000,0.0458278700
2.6800000000,142.8333000000,0.0461921700
2.7000000000,144.0000000000,0.0465164200
2.7200000000,144.1667000000,0.0468406700
2.7400000000,144.1667000000,0.0471649200
2.7600000000,144.1667000000,0.0475311300
2.7800000000,145.3333000000,0.0478553800
2.8000000000,148.3333000000,0.0481796300
2.8200000000,151.1667000000,0.0485038800
2.8400000000,151.3333000000,0.0488281300
2.8600000000,151.3333000000,0.0491523700
2.8800000000,151.3333000000,0.0495185900
2.9000000000,151.5000000000,0.0498428300
2.9200000000,152.1667000000,0.0501670800
2.9400000000,152.8333000000,0.0504913300
2.9600000000,153.8333000000,0.0508556400
2.9800000000,155.6667000000,0.0511798900
3.0000000000,158.5000000000,0.0515060400
3.0200000000,161.6667000000,0.0518703500
3.0400000000,161.8333000000,0.0521946000
3.0600000000,162.0000000000,0.0525188400
3.0800000000,162.6667000000,0.0528430900
3.1000000000,164.3333000000,0.0531673400
3.1200000000,166.6667000000,0.0535335500
3.1400000000,168.0000000000,0.0538578000
3.1600000000,168.8333000000,0.0541820500
3.1800000000,169.6667000000,0.0545063000
3.2000000000,170.6667000000,0.0548305500
3.2200000000,171.6667000000,0.0551548000
3.2400000000,171.6667000000,0.0554790500
3.2600000000,171.6667000000,0.0558452600
3.2800000000,172.6667000000,0.0561695100
3.3000000000,174.5000000000,0.0564937600
3.3200000000,176.3333000000,0.0568580600
3.3400000000,176.6667000000,0.0571823100
3.3600000000,177.0000000000,0.0575065600
3.3800000000,178.0000000000,0.0578327200
3.4000000000,179.8333000000,0.0581970200
3.4200000000,181.8333000000,0.0585212700
3.4400000000,182.0000000000,0.0588455200
3.4600000000,182.8333000000,0.0591697700
3.4800000000,184.8333000000,0.0594940200
3.5000000000,187.3333000000,0.0598182700
3.5200000000,189.8333000000,0.0601425200
3.5400000000,190.5000000000,0.0605087300
3.5600000000,190.8333000000,0.0608329800
3.5800000000,191.5000000000,0.0611572300
3.6000000000,192.3333000000,0.0614814800
3.6200000000,193.0000000000,0.0618476900
3.6400000000,193.0000000000,0.0621719400
3.6600000000,193.0000000000,0.0624961900
3.6800000000,193.3333000000,0.0628204300
3.7000000000,194.0000000000,0.0631847400
3.7200000000,195.1667000000,0.0635089900
3.7400000000,197.1667000000,0.0638332400
3.7600000000,201.6667000000,0.0641574900
3.7800000000,204.0000000000,0.0644836400
3.8000000000,204.0000000000,0.0648479500
3.8200000000,203.8333000000,0.0651722000
3.8400000000,203.8333000000,0.0654964400
3.8600000000,204.1667000000,0.0658206900
3.8800000000,204.6667000000,0.0661449400
3.9000000000,205.6667000000,0.0664691900
3.9200000000,207.5000000000,0.0667953500
3.9400000000,210.8333000000,0.0671596500
3.9600000000,213.6667000000,0.0674839000
3.9800000000,215.0000000000,0.0678081500
4.0000000000,215.0000000000,0.0681324000
4.0200000000,215.0000000000,0.0684986100
4.0400000000,215.8333000000,0.0688228600
4.0600000000,216.5000000000,0.0691471100
4.0800000000,218.6667000000,0.0694713600
4.1000000000,221.0000000000,0.0697956100
4.1200000000,221.0000000000,0.0701599100
4.1400000000,221.0000000000,0.0704841600
4.1600000000,221.0000000000,0.0708103200
4.1800000000,221.3333000000,0.0711345700
4.2000000000,222.3333000000,0.0714588200
4.2200000000,224.1667000000,0.0717830700
4.2400000000,225.0000000000,0.0721073200
4.2600000000,225.3333000000,0.0724716200
4.2800000000,227.3333000000,0.0727958700
4.3000000000,230.1667000000,0.0731201200
4.3200000000,232.6667000000,0.0734863300
4.3400000000,234.0000000000,0.0738105800
4.3600000000,237.0000000000,0.0741348300
4.3800000000,238.3333000000,0.0744991300
4.4000000000,238.3333000000,0.0748233800
4.4200000000,238.6667000000,0.0751495400
4.4400000000,241.3333000000,0.0754737900
4.4600000000,243.0000000000,0.0757980300
4.4800000000,244.5000000000,0.0761222800
4.5000000000,245.3333000000,0.0764865900
4.5200000000,245.8333000000,0.0768108400
4.5400000000,246.3333000000,0.0771350900
4.5600000000,247.0000000000,0.0774612400
4.5800000000,248.3333000000,0.0778255500
4.6000000000,249.8333000000,0.0781498000
4.6200000000,250.6667000000,0.0784740400
4.6400000000,251.0000000000,0.0788383500
4.6600000000,253.8333000000,0.0791645100
4.6800000000,255.6667000000,0.0794887500
4.7000000000,256.5000000000,0.0798530600
4.7200000000,257.0000000000,0.0801773100
4.7400000000,258.1667000000,0.0805015600
4.7600000000,259.0000000000,0.0808258100
4.7800000000,260.0000000000,0.0811500500
4.8000000000,261.3333000000,0.0815162700
4.8200000000,263.5000000000,0.0818405200
4.8400000000,267.5000000000,0.0821647600
4.8600000000,267.8333000000,0.0824890100
4.8800000000,268.1667000000,0.0828132600
4.9000000000,269.0000000000,0.0831794700
4.9200000000,270.3333000000,0.0835037200
4.9400000000,271.6667000000,0.0838279700
4.9600000000,272.8333000000,0.0841922800
4.9800000000,273.3333000000,0.0845165300
5.0000000000,273.5000000000,0.0848407700
5.0200000000,274.3333000000,0.0851650200
5.0400000000,277.6667000000,0.0855312300
5.0600000000,280.6667000000,0.0858554800
5.0800000000,281.8333000000,0.0861797300
5.1000000000,282.8333000000,0.0865039800
5.1200000000,285.0000000000,0.0868282300
5.1400000000,286.8333000000,0.0871524800
5.1600000000,288.5000000000,0.0875186900
5.1800000000,289.3333000000,0.0878429400
5.2000000000,289.6667000000,0.0881671900
5.2200000000,290.1667000000,0.0884914400
5.2400000000,292.0000000000,0.0888156900
5.2600000000,293.5000000000,0.0891799900
5.2800000000,295.5000000000,0.0895061500
5.3000000000,297.6667000000,0.0898304000
5.3200000000,300.0000000000,0.0901947000
5.3400000000,302.3333000000,0.0905189500
5.3600000000,302.3333000000,0.0908432000
5.3800000000,302.6667000000,0.0911674500
5.4000000000,304.1667000000,0.0915336600
5.4200000000,306.6667000000,0.0918579100
5.4400000000,308.1667000000,0.0921821600
5.4600000000,308.1667000000,0.0925064100
5.4800000000,307.1667000000,0.0928306600
5.5000000000,306.5000000000,0.0931549100
5.5200000000,306.5000000000,0.0935192100
5.5400000000,306.6667000000,0.0938453700
5.5600000000,309.1667000000,0.0941696200
5.5800000000,312.5000000000,0.0944938700
5.6000000000,314.6667000000,0.0948181200
5.6200000000,316.1667000000,0.0951824200
5.6400000000,320.3333000000,0.0955066700
5.6600000000,322.3333000000,0.0958309200
5.6800000000,323.5000000000,0.0961971300
5.7000000000,324.1667000000,0.0965213800
5.7200000000,324.8333000000,0.0968456300
5.7400000000,327.0000000000,0.0971698800
5.7600000000,329.5000000000,0.0975341800
5.7800000000,330.8333000000,0.0978603400
5.8000000000,332.1667000000,0.0981845900
5.8200000000,334.5000000000,0.0985088300
5.8400000000,337.8333000000,0.0988330800
5.8600000000,337.8333000000,0.0991573300
5.8800000000,337.8333000000,0.0994815800
5.9000000000,338.8333000000,0.0998058300
5.9200000000,340.6667000000,0.1001720000
5.9400000000,343.3333000000,0.1004963000
5.9600000000,343.5000000000,0.1008205000
5.9800000000,343.6667000000,0.1011848000
6.0000000000,345.1667000000,0.1015091000
6.0200000000,347.3333000000,0.1018333000
6.0400000000,348.8333000000,0.1021576000
6.0600000000,349.0000000000,0.1025238000
6.0800000000,349.5000000000,0.1028481000
6.1000000000,351.5000000000,0.1031723000
6.1200000000,354.5000000000,0.1034966000
6.1400000000,357.1667000000,0.1038208000
6.1600000000,358.0000000000,0.1041451000
6.1800000000,359.0000000000,0.1044693000
6.2000000000,360.5000000000,0.1047935000
6.2200000000,362.3333000000,0.1051598000
6.2400000000,364.6667000000,0.1054840000
6.2600000000,366.6667000000,0.1058083000
6.2800000000,367.6667000000,0.1061325000
6.3000000000,369.3333000000,0.1064968000
6.3200000000,371.1667000000,0.1068230000
6.3400000000,372.0000000000,0.1071472000
6.3600000000,372.3333000000,0.1075115000
6.3800000000,373.5000000000,0.1078358000
6.4000000000,375.8333000000,0.1081600000
6.4200000000,378.3333000000,0.1084843000
6.4400000000,380.0000000000,0.1088085000
6.4600000000,380.1667000000,0.1091347000
6.4800000000,381.8333000000,0.1094990000
6.5000000000,384.0000000000,0.1098232000
6.5200000000,385.6667000000,0.1101475000
6.5400000000,386.5000000000,0.1104717000
6.5600000000,388.8333000000,0.1107960000
6.5800000000,391.8333000000,0.1111202000
6.6000000000,394.8333000000,0.1114864000
6.6200000000,397.5000000000,0.1118107000
6.6400000000,400.3333000000,0.1121349000
6.6600000000,401.6667000000,0.1124592000
6.6800000000,402.1667000000,0.1128235000
6.7000000000,402.8333000000,0.1131496000
6.7200000000,403.8333000000,0.1134739000
6.7400000000,405.1667000000,0.1137981000
6.7600000000,406.6667000000,0.1141224000
6.7800000000,409.3333000000,0.1144867000
6.8000000000,411.5000000000,0.1148109000
6.8200000000,412.6667000000,0.1151352000
6.8400000000,412.6667000000,0.1154594000
6.8600000000,413.0000000000,0.1157856000
6.8800000000,413.0000000000,0.1161499000
6.9000000000,414.3333000000,0.1164742000
6.9200000000,416.8333000000,0.1167984000
6.9400000000,419.8333000000,0.1171227000
6.9600000000,421.6667000000,0.1174889000
6.9800000000,424.5000000000,0.1178131000
7.0000000000,427.0000000000,0.1181374000
7.0200000000,428.6667000000,0.1185017000
7.0400000000,429.3333000000,0.1188259000
7.0600000000,430.1667000000,0.1191502000
7.0800000000,431.1667000000,0.1195164000
7.1000000000,433.6667000000,0.1198406000
7.1200000000,437.1667000000,0.1201649000
7.1400000000,440.5000000000,0.1204891000
7.1600000000,442.5000000000,0.1208134000
7.1800000000,444.5000000000,0.1211376000
7.2000000000,445.1667000000,0.1215038000
7.2200000000,445.5000000000,0.1218281000
7.2400000000,446.1667000000,0.1221523000
7.2600000000,447.3333000000,0.1224766000
7.2800000000,450.1667000000,0.1228409000
7.3000000000,452.8333000000,0.1231651000
7.3200000000,454.6667000000,0.1234894000
7.3400000000,455.3333000000,0.1238556000
7.3600000000,456.5000000000,0.1241798000
7.3800000000,459.1667000000,0.1245041000
7.4000000000,460.6667000000,0.1248684000
7.4200000000,462.0000000000,0.1251926000
7.4400000000,463.8333000000,0.1255188000
7.4600000000,466.0000000000,0.1258430000
7.4800000000,468.3333000000,0.1261673000
7.5000000000,470.3333000000,0.1264915000
7.5200000000,472.3333000000,0.1268559000
7.5400000000,475.0000000000,0.1271801000
7.5600000000,478.8333000000,0.1275043000
7.5800000000,480.3333000000,0.1278305000
7.6000000000,480.8333000000,0.1281548000
7.6200000000,481.6667000000,0.1285191000
7.6400000000,483.6667000000,0.1288433000
7.6600000000,486.3333000000,0.1291676000
7.6800000000,488.8333000000,0.1295338000
7.7000000000,490.3333000000,0.1298580000
7.7200000000,492.0000000000,0.1301823000
7.7400000000,494.8333000000,0.1305065000
7.7600000000,499.3333000000,0.1308708000
7.7800000000,500.5000000000,0.1311951000
7.8000000000,501.1667000000,0.1315193000
7.8200000000,501.6667000000,0.1318455000
7.8400000000,503.0000000000,0.1321697000
7.8600000000,506.0000000000,0.1324940000
7.8800000000,508.0000000000,0.1328182000
7.9000000000,509.3333000000,0.1331825000
7.9200000000,512.3333000000,0.1335068000
7.9400000000,516.3333000000,0.1338310000
7.9600000000,517.6667000000,0.1341972000
7.9800000000,518.1667000000,0.1345215000
8.0000000000,520.0000000000,0.1348457000
8.0200000000,521.8333000000,0.1351700000
8.0400000000,523.8333000000,0.1355343000
8.0600000000,526.3333000000,0.1358585000
8.0800000000,528.0000000000,0.1361847000
8.1000000000,529.1667000000,0.1365089000
8.1200000000,531.5000000000,0.1368332000
8.1400000000,534.3333000000,0.1371574000
8.1600000000,535.1667000000,0.1375217000
8.1800000000,535.8333000000,0.1378460000
8.2000000000,537.6667000000,0.1381702000
8.2200000000,540.1667000000,0.1384964000
8.2400000000,543.1667000000,0.1388206000
8.2600000000,547.1667000000,0.1391850000
8.2800000000,549.1667000000,0.1395092000
8.3000000000,550.0000000000,0.1398335000
8.3200000000,552.0000000000,0.1401577000
8.3400000000,555.3333000000,0.1405239000
8.3600000000,558.8333000000,0.1408482000
8.3800000000,560.0000000000,0.1411724000
8.4000000000,561.1667000000,0.1414967000
8.4200000000,563.8333000000,0.1418209000
8.4400000000,567.6667000000,0.1421852000
8.4600000000,571.3333000000,0.1425114000
8.4800000000,571.5000000000,0.1428356000
8.5000000000,572.5000000000,0.1431599000
8.5200000000,575.3333000000,0.1434841000
8.5400000000,578.3333000000,0.1438084000
8.5600000000,580.0000000000,0.1441326000
8.5800000000,580.1667000000,0.1444969000
8.6000000000,582.6667000000,0.1448212000
8.6200000000,586.3333000000,0.1451473000
8.6400000000,589.0000000000,0.1454716000
8.6600000000,589.8333000000,0.1458359000
8.6800000000,590.0000000000,0.1461601000
8.7000000000,591.1667000000,0.1464844000
8.7200000000,593.3333000000,0.1468086000
8.7400000000,595.5000000000,0.1471748000
8.7600000000,597.1667000000,0.1474991000
8.7800000000,599.5000000000,0.1478233000
8.8000000000,602.6667000000,0.1481476000
8.8200000000,605.3333000000,0.1484718000
8.8400000000,607.8333000000,0.1487961000
8.8600000000,610.1667000000,0.1491203000
8.8800000000,612.8333000000,0.1494446000
8.9000000000,615.5000000000,0.1498108000
8.9200000000,617.3333000000,0.1501350000
8.9400000000,618.5000000000,0.1504593000
8.9600000000,620.0000000000,0.1508236000
8.9800000000,621.3333000000,0.1511478000
9.0000000000,623.3333000000,0.1514740000
9.0200000000,625.3333000000,0.1517982000
9.0400000000,627.6667000000,0.1521626000
9.0600000000,630.1667000000,0.1524868000
9.0800000000,632.8333000000,0.1528111000
9.1000000000,637.1667000000,0.1531353000
9.1200000000,641.3333000000,0.1534595000
9.1400000000,643.6667000000,0.1537838000
9.1600000000,644.5000000000,0.1541500000
9.1800000000,646.6667000000,0.1544743000
9.2000000000,650.0000000000,0.1547985000
9.2200000000,652.5000000000,0.1551228000
9.2400000000,654.3333000000,0.1554470000
9.2600000000,656.3333000000,0.1558132000
9.2800000000,660.0000000000,0.1561375000
9.3000000000,663.6667000000,0.1564617000
9.3200000000,665.1667000000,0.1568260000
9.3400000000,666.3333000000,0.1571503000
9.3600000000,668.1667000000,0.1574745000
9.3800000000,671.3333000000,0.1578407000
9.4000000000,674.5000000000,0.1581650000
9.4200000000,676.8333000000,0.1584892000
9.4400000000,678.3333000000,0.1588135000
9.4600000000,679.0000000000,0.1591377000
9.4800000000,679.3333000000,0.1595039000
9.5000000000,680.8333000000,0.1598282000
9.5200000000,684.0000000000,0.1601524000
9.5400000000,686.8333000000,0.1604767000
9.5600000000,688.0000000000,0.1608410000
9.5800000000,688.3333000000,0.1611652000
9.6000000000,693.1667000000,0.1614895000
9.6200000000,698.1667000000,0.1618557000
9.6400000000,702.1667000000,0.1621799000
9.6600000000,705.5000000000,0.1625042000
9.6800000000,709.5000000000,0.1628685000
9.7000000000,710.0000000000,0.1631927000
9.7200000000,710.3333000000,0.1635170000
9.7400000000,713.0000000000,0.1638432000
9.7600000000,718.0000000000,0.1641674000
9.7800000000,724.0000000000,0.1645317000
9.8000000000,725.5000000000,0.1648560000
9.8200000000,726.5000000000,0.1651802000
9.8400000000,726.8333000000,0.1655045000
9.8600000000,727.5000000000,0.1658287000
9.8800000000,730.1667000000,0.1661549000
9.9000000000,733.3333000000,0.1665192000
9.9200000000,735.8333000000,0.1668434000
9.9400000000,738.0000000000,0.1671677000
9.9600000000,740.5000000000,0.1675320000
9.9800000000,743.6667000000,0.1678581000
10.0000000000,745.6667000000,0.1681824000
10.0200000000,747.0000000000,0.1685066000
10.0400000000,749.3333000000,0.1688709000
10.0600000000,752.5000000000,0.1691952000
10.0800000000,755.1667000000,0.1695194000
10.1000000000,756.6667000000,0.1698437000
10.1200000000,759.8333000000,0.1701698000
10.1400000000,762.6667000000,0.1704941000
10.1600000000,765.5000000000,0.1708183000
10.1800000000,768.8333000000,0.1711826000
10.2000000000,772.1667000000,0.1715069000
10.2200000000,775.1667000000,0.1718311000
10.2400000000,777.6667000000,0.1721554000
10.2600000000,780.0000000000,0.1725216000
10.2800000000,782.5000000000,0.1728458000
10.3000000000,785.1667000000,0.1731701000
10.3200000000,786.1667000000,0.1735344000
10.3400000000,787.6667000000,0.1738586000
10.3600000000,789.8333000000,0.1741848000
10.3800000000,791.6667000000,0.1745090000
10.4000000000,793.8333000000,0.1748734000
10.4200000000,796.5000000000,0.1751976000
10.4400000000,801.1667000000,0.1755219000
10.4600000000,806.3333000000,0.1758461000
10.4800000000,810.3333000000,0.1761703000
10.5000000000,810.5000000000,0.1764946000
10.5200000000,812.0000000000,0.1768208000
10.5400000000,814.0000000000,0.1771450000
10.5600000000,816.0000000000,0.1775093000
10.5800000000,817.6667000000,0.1778336000
10.6000000000,821.1667000000,0.1781578000
10.6200000000,825.6667000000,0.1785240000
10.6400000000,829.5000000000,0.1788483000
10.6600000000,832.1667000000,0.1791725000
10.6800000000,833.8333000000,0.1794968000
10.7000000000,834.1667000000,0.1798611000
10.7200000000,836.3333000000,0.1801853000
10.7400000000,839.3333000000,0.1805096000
10.7600000000,842.1667000000,0.1808357000
10.7800000000,844.6667000000,0.1811600000
10.8000000000,847.5000000000,0.1814842000
10.8200000000,851.6667000000,0.1818085000
10.8400000000,854.5000000000,0.1821728000
10.8600000000,856.1667000000,0.1824970000
10.8800000000,856.5000000000,0.1828213000
10.9000000000,856.5000000000,0.1831474000
10.9200000000,858.5000000000,0.1834717000
10.9400000000,860.6667000000,0.1838360000
10.9600000000,863.5000000000,0.1841602000
10.9800000000,867.5000000000,0.1844845000
11.0000000000,872.0000000000,0.1848087000
11.0200000000,874.5000000000,0.1851749000
11.0400000000,876.5000000000,0.1854992000
11.0600000000,878.6667000000,0.1858234000
11.0800000000,881.8333000000,0.1861477000
11.1000000000,885.6667000000,0.1864719000
11.1200000000,890.6667000000,0.1867962000
11.1400000000,894.0000000000,0.1871624000
11.1600000000,895.5000000000,0.1874866000
11.1800000000,895.8333000000,0.1878109000
11.2000000000,897.1667000000,0.1881351000
11.2200000000,900.0000000000,0.1884594000
11.2400000000,903.3333000000,0.1887836000
11.2600000000,906.5000000000,0.1891479000
11.2800000000,909.3333000000,0.1894722000
11.3000000000,913.1667000000,0.1897984000
11.3200000000,915.8333000000,0.1901627000
11.3400000000,917.3333000000,0.1904869000
11.3600000000,919.1667000000,0.1908112000
11.3800000000,922.0000000000,0.1911354000
11.4000000000,925.3333000000,0.1915016000
11.4200000000,928.8333000000,0.1918259000
11.4400000000,931.8333000000,0.1921501000
11.4600000000,934.5000000000,0.1924744000
11.4800000000,937.0000000000,0.1927986000
11.5000000000,940.1667000000,0.1931229000
11.5200000000,943.3333000000,0.1934872000
11.5400000000,945.5000000000,0.1938133000
11.5600000000,947.5000000000,0.1941376000
11.5800000000,950.0000000000,0.1944618000
11.6000000000,954.0000000000,0.1948261000
11.6200000000,957.5000000000,0.1951504000
11.6400000000,958.8333000000,0.1954746000
11.6600000000,959.5000000000,0.1958408000
11.6800000000,961.1667000000,0.1961651000
11.7000000000,965.3333000000,0.1964893000
11.7200000000,968.8333000000,0.1968536000
11.7400000000,971.3333000000,0.1971779000
11.7600000000,974.0000000000,0.1975021000
11.7800000000,977.1667000000,0.1978283000
11.8000000000,980.8333000000,0.1981525000
11.8200000000,983.6667000000,0.1984768000
11.8400000000,985.0000000000,0.1988010000
11.8600000000,987.1667000000,0.1991653000
11.8800000000,990.8333000000,0.1994896000
11.9000000000,994.8333000000,0.1998138000
11.9200000000,997.8333000000,0.2001381000
11.9400000000,1000.6670000000,0.2005043000
11.9600000000,1004.0000000000,0.2008286000
11.9800000000,1007.0000000000,0.2011528000
12.0000000000,1009.5000000000,0.2015171000
12.0200000000,1011.6670000000,0.2018433000
12.0400000000,1013.8330000000,0.2021675000
12.0600000000,1016.6670000000,0.2024918000
12.0800000000,1020.6670000000,0.2028561000
12.1000000000,1025.3330000000,0.2031803000
12.1200000000,1026.1670000000,0.2035046000
12.1400000000,1026.6670000000,0.2038288000
12.1600000000,1028.3330000000,0.2041531000
12.1800000000,1031.0000000000,0.2045193000
12.2000000000,1034.1670000000,0.2048435000
12.2200000000,1038.1670000000,0.2051678000
12.2400000000,1041.0000000000,0.2054920000
12.2600000000,1045.3330000000,0.2058563000
12.2800000000,1049.8330000000,0.2061825000
12.3000000000,1052.5000000000,0.2065067000
12.3200000000,1052.8330000000,0.2068710000
12.3400000000,1054.8330000000,0.2071953000
12.3600000000,1058.0000000000,0.2075195000
12.3800000000,1062.0000000000,0.2078438000
12.4000000000,1066.3330000000,0.2081680000
12.4200000000,1068.5000000000,0.2085342000
12.4400000000,1071.6670000000,0.2088585000
12.4600000000,1075.8330000000,0.2091827000
12.4800000000,1079.3330000000,0.2095070000
12.5000000000,1080.8330000000,0.2098312000
12.5200000000,1081.8330000000,0.2101555000
12.5400000000,1084.1670000000,0.2104797000
12.5600000000,1087.5000000000,0.2108459000
12.5800000000,1090.6670000000,0.2111702000
12.6000000000,1093.3330000000,0.2114944000
12.6200000000,1095.6670000000,0.2118587000
12.6400000000,1097.1670000000,0.2121830000
12.6600000000,1099.3330000000,0.2125092000
12.6800000000,1102.3330000000,0.2128334000
12.7000000000,1105.5000000000,0.2131977000
12.7200000000,1107.5000000000,0.2135220000
12.7400000000,1110.1670000000,0.2138462000
12.7600000000,1113.5000000000,0.2141705000
12.7800000000,1117.1670000000,0.2144947000
12.8000000000,1120.5000000000,0.2148209000
12.8200000000,1124.5000000000,0.2151451000
12.8400000000,1128.1670000000,0.2155094000
12.8600000000,1130.1670000000,0.2158337000
12.8800000000,1131.8330000000,0.2161579000
12.9000000000,1134.6670000000,0.2164822000
12.9200000000,1139.3330000000,0.2168484000
12.9400000000,1143.1670000000,0.2171726000
12.9600000000,1145.1670000000,0.2174969000
12.9800000000,1146.5000000000,0.2178612000
13.0000000000,1148.1670000000,0.2181854000
13.0200000000,1150.3330000000,0.2185097000
13.0400000000,1154.0000000000,0.2188339000
13.0600000000,1157.6670000000,0.2191601000
13.0800000000,1161.3330000000,0.2195244000
13.1000000000,1165.1670000000,0.2198486000
13.1200000000,1168.6670000000,0.2201729000
13.1400000000,1171.3330000000,0.2204971000
13.1600000000,1173.6670000000,0.2208214000
13.1800000000,1175.6670000000,0.2211456000
13.2000000000,1177.8330000000,0.2214718000
13.2200000000,1181.1670000000,0.2218361000
13.2400000000,1185.8330000000,0.2221603000
13.2600000000,1190.5000000000,0.2224846000
13.2800000000,1194.3330000000,0.2228088000
13.3000000000,1197.0000000000,0.2231750000
13.3200000000,1200.0000000000,0.2234993000
13.3400000000,1201.5000000000,0.2238235000
13.3600000000,1202.6670000000,0.2241879000
13.3800000000,1205.0000000000,0.2245121000
13.4000000000,1208.8330000000,0.2248363000
13.4200000000,1212.1670000000,0.2251606000
13.4400000000,1213.5000000000,0.2254868000
13.4600000000,1215.5000000000,0.2258110000
13.4800000000,1217.5000000000,0.2261353000
13.5000000000,1219.0000000000,0.2264595000
13.5200000000,1219.8330000000,0.2268238000
13.5400000000,1223.3330000000,0.2271481000
13.5600000000,1228.1670000000,0.2274723000
13.5800000000,1233.6670000000,0.2277966000
13.6000000000,1239.0000000000,0.2281628000
13.6200000000,1244.5000000000,0.2284870000
13.6400000000,1247.1670000000,0.2288113000
13.6600000000,1248.5000000000,0.2291355000
13.6800000000,1250.1670000000,0.2295017000
13.7000000000,1252.5000000000,0.2298260000
13.7200000000,1255.5000000000,0.2301502000
13.7400000000,1258.3330000000,0.2304745000
13.7600000000,1261.6670000000,0.2307987000
13.7800000000,1264.6670000000,0.2311230000
13.8000000000,1268.3330000000,0.2314873000
13.8200000000,1273.3330000000,0.2318115000
13.8400000000,1275.5000000000,0.2321377000
13.8600000000,1276.3330000000,0.2324619000
13.8800000000,1278.0000000000,0.2327862000
13.9000000000,1281.0000000000,0.2331505000
13.9200000000,1283.6670000000,0.2334747000
13.9400000000,1286.6670000000,0.2337990000
13.9600000000,1289.6670000000,0.2341232000
13.9800000000,1292.3330000000,0.2344894000
14.0000000000,1295.5000000000,0.2348137000
14.0200000000,1300.1670000000,0.2351379000
14.0400000000,1303.1670000000,0.2355022000
14.0600000000,1304.5000000000,0.2358265000
14.0800000000,1307.3330000000,0.2361526000
14.1000000000,1311.5000000000,0.2364769000
14.1200000000,1315.0000000000,0.2368011000
14.1400000000,1317.5000000000,0.2371254000
14.1600000000,1321.5000000000,0.2374897000
14.1800000000,1325.6670000000,0.2378139000
14.2000000000,1329.5000000000,0.2381382000
14.2200000000,1332.1670000000,0.2384644000
14.2400000000,1334.8330000000,0.2388287000
14.2600000000,1338.1670000000,0.2391529000
14.2800000000,1340.1670000000,0.2394772000
14.3000000000,1341.3330000000,0.2398415000
14.3200000000,1343.0000000000,0.2401676000
14.3400000000,1345.8330000000,0.2404919000
14.3600000000,1348.3330000000,0.2408562000
14.3800000000,1351.8330000000,0.2411804000
14.4000000000,1356.0000000000,0.2415047000
14.4200000000,1360.3330000000,0.2418289000
14.4400000000,1363.6670000000,0.2421532000
14.4600000000,1367.0000000000,0.2424774000
14.4800000000,1370.0000000000,0.2428436000
14.5000000000,1373.0000000000,0.2431679000
14.5200000000,1375.8330000000,0.2434921000
14.5400000000,1378.8330000000,0.2438164000
14.5600000000,1381.1670000000,0.2441826000
14.5800000000,1384.3330000000,0.2445068000
14.6000000000,1388.1670000000,0.2448311000
14.6200000000,1392.6670000000,0.2451954000
14.6400000000,1397.5000000000,0.2455196000
14.6600000000,1400.0000000000,0.2458439000
14.6800000000,1400.8330000000,0.2461681000
14.7000000000,1402.1670000000,0.2465343000
14.7200000000,1405.1670000000,0.2468586000
14.7400000000,1408.5000000000,0.2471828000
14.7600000000,1412.5000000000,0.2475071000
14.7800000000,1416.8330000000,0.2478313000
14.8000000000,1420.5000000000,0.2481556000
14.8200000000,1423.1670000000,0.2484798000
14.8400000000,1425.0000000000,0.2488461000
14.8600000000,1428.5000000000,0.2491703000
14.8800000000,1432.3330000000,0.2494946000
14.9000000000,1435.6670000000,0.2498589000
14.9200000000,1438.0000000000,0.2501831000
14.9400000000,1441.3330000000,0.2505074000
14.9600000000,1446.1670000000,0.2508335000
14.9800000000,1449.0000000000,0.2511978000
15.0000000000,1450.6670000000,0.2515221000
15.0200000000,1452.6670000000,0.2518463000
15.0400000000,1457.1670000000,0.2521706000
15.0600000000,1461.0000000000,0.2524948000
15.0800000000,1464.1670000000,0.2528610000
15.1000000000,1467.3330000000,0.2531853000
15.1200000000,1471.0000000000,0.2535095000
15.1400000000,1474.1670000000,0.2538338000
15.1600000000,1477.6670000000,0.2541580000
15.1800000000,1480.0000000000,0.2544823000
15.2000000000,1481.5000000000,0.2548485000
15.2200000000,1483.0000000000,0.2551727000
15.2400000000,1487.1670000000,0.2554970000
15.2600000000,1491.3330000000,0.2558212000
15.2800000000,1494.5000000000,0.2561855000
15.3000000000,1496.8330000000,0.2565098000
15.3200000000,1498.8330000000,0.2568340000
15.3400000000,1501.8330000000,0.2572002000
15.3600000000,1504.5000000000,0.2575245000
15.3800000000,1507.1670000000,0.2578487000
15.4000000000,1510.3330000000,0.2581730000
15.4200000000,1514.5000000000,0.2584972000
15.4400000000,1518.5000000000,0.2588215000
15.4600000000,1522.0000000000,0.2591877000
15.4800000000,1524.5000000000,0.2595119000
15.5000000000,1526.8330000000,0.2598362000
15.5200000000,1530.1670000000,0.2601604000
15.5400000000,1535.1670000000,0.2604847000
15.5600000000,1537.5000000000,0.2608089000
15.5800000000,1539.3330000000,0.2611732000
15.6000000000,1542.3330000000,0.2614994000
15.6200000000,1546.3330000000,0.2618237000
15.6400000000,1549.8330000000,0.2621880000
15.6600000000,1552.3330000000,0.2625122000
15.6800000000,1554.6670000000,0.2628365000
15.7000000000,1557.8330000000,0.2631607000
15.7200000000,1562.6670000000,0.2634850000
15.7400000000,1569.5000000000,0.2638512000
15.7600000000,1572.0000000000,0.2641754000
15.7800000000,1572.8330000000,0.2644997000
15.8000000000,1575.0000000000,0.2648239000
15.8200000000,1578.6670000000,0.2651482000
15.8400000000,1581.5000000000,0.2654724000
15.8600000000,1583.5000000000,0.2657967000
15.8800000000,1586.8330000000,0.2661629000
15.9000000000,1592.1670000000,0.2664871000
15.9200000000,1598.1670000000,0.2668114000
15.9400000000,1602.1670000000,0.2671356000
15.9600000000,1602.1670000000,0.2674999000
15.9800000000,1603.6670000000,0.2678261000
16.0000000000,1606.1670000000,0.2681503000
16.0200000000,1609.1670000000,0.2684746000
16.0400000000,1612.1670000000,0.2687988000
16.0600000000,1615.6670000000,0.2691631000
16.0800000000,1619.5000000000,0.2694874000
16.1000000000,1623.3330000000,0.2698116000
16.1200000000,1626.6670000000,0.2701359000
16.1400000000,1628.5000000000,0.2704620000
16.1600000000,1629.5000000000,0.2707863000
16.1800000000,1631.3330000000,0.2711506000
16.2000000000,1634.8330000000,0.2714748000
16.2200000000,1639.3330000000,0.2717991000
16.2400000000,1643.6670000000,0.2721233000
16.2600000000,1647.1670000000,0.2724895000
16.2800000000,1650.6670000000,0.2728138000
16.3000000000,1653.5000000000,0.2731380000
16.3200000000,1656.1670000000,0.2735023000
16.3400000000,1658.8330000000,0.2738266000
16.3600000000,1661.5000000000,0.2741508000
16.3800000000,1666.6670000000,0.2744770000
16.4000000000,1672.0000000000,0.2748013000
16.4200000000,1676.3330000000,0.2751656000
16.4400000000,1679.3330000000,0.2754898000
16.4600000000,1681.3330000000,0.2758141000
16.4800000000,1685.0000000000,0.2761383000
16.5000000000,1688.1670000000,0.2764626000
16.5200000000,1690.3330000000,0.2767887000
16.5400000000,1692.1670000000,0.2771530000
16.5600000000,1695.8330000000,0.2774773000
16.5800000000,1699.8330000000,0.2778015000
16.6000000000,1703.0000000000,0.2781658000
16.6200000000,1705.3330000000,0.2784920000
16.6400000000,1707.1670000000,0.2788162000
16.6600000000,1711.5000000000,0.2791805000
16.6800000000,1714.8330000000,0.2795048000
16.7000000000,1717.1670000000,0.2798290000
16.7200000000,1719.6670000000,0.2801533000
16.7400000000,1723.0000000000,0.2804775000
16.7600000000,1727.3330000000,0.2808437000
16.7800000000,1731.3330000000,0.2811680000
16.8000000000,1734.5000000000,0.2814922000
16.8200000000,1737.0000000000,0.2818165000
16.8400000000,1740.1670000000,0.2821407000
16.8600000000,1745.6670000000,0.2825069000
16.8800000000,1749.8330000000,0.2828312000
16.9000000000,1751.6670000000,0.2831554000
16.9200000000,1753.0000000000,0.2835197000
16.9400000000,1755.5000000000,0.2838440000
16.9600000000,1760.1670000000,0.2841682000
16.9800000000,1763.1670000000,0.2844925000
17.0000000000,1765.5000000000,0.2848587000
17.0200000000,1768.8330000000,0.2851830000
17.0400000000,1773.6670000000,0.2855072000
17.0600000000,1777.1670000000,0.2858315000
17.0800000000,1780.5000000000,0.2861557000
17.1000000000,1783.5000000000,0.2865219000
17.1200000000,1786.5000000000,0.2868462000
17.1400000000,1790.1670000000,0.2871704000
17.1600000000,1795.1670000000,0.2874947000
17.1800000000,1797.5000000000,0.2878189000
17.2000000000,1799.8330000000,0.2881832000
17.2200000000,1803.5000000000,0.2885075000
17.2400000000,1808.5000000000,0.2888317000
17.2600000000,1813.3330000000,0.2891579000
17.2800000000,1815.1670000000,0.2895222000
17.3000000000,1816.8330000000,0.2898464000
17.3200000000,1819.5000000000,0.2901707000
17.3400000000,1823.1670000000,0.2905369000
17.3600000000,1826.1670000000,0.2908611000
17.3800000000,1829.6670000000,0.2911854000
17.4000000000,1834.0000000000,0.2915096000
17.4200000000,1838.5000000000,0.2918339000
17.4400000000,1841.8330000000,0.2921581000
17.4600000000,1843.0000000000,0.2925224000
17.4800000000,1844.0000000000,0.2928467000
17.5000000000,1846.0000000000,0.2931728000
17.5200000000,1848.5000000000,0.2934971000
17.5400000000,1851.5000000000,0.2938213000
17.5600000000,1856.1670000000,0.2941856000
17.5800000000,1860.8330000000,0.2945099000
17.6000000000,1865.8330000000,0.2948341000
17.6200000000,1870.0000000000,0.2951584000
17.6400000000,1872.5000000000,0.2955246000
17.6600000000,1873.6670000000,0.2958488000
17.6800000000,1877.5000000000,0.2961731000
17.7000000000,1882.6670000000,0.2964973000
17.7200000000,1887.1670000000,0.2968616000
17.7400000000,1890.3330000000,0.2971878000
17.7600000000,1893.3330000000,0.2975121000
17.7800000000,1897.8330000000,0.2978363000
17.8000000000,1901.6670000000,0.2981606000
17.8200000000,1904.0000000000,0.2984848000
17.8400000000,1905.3330000000,0.2988091000
17.8600000000,1907.6670000000,0.2991734000
17.8800000000,1912.5000000000,0.2994995000
17.9000000000,1915.8330000000,0.2998238000
17.9200000000,1918.6670000000,0.3001881000
17.9400000000,1921.3330000000,0.3005123000
17.9600000000,1923.8330000000,0.3008366000
17.9800000000,1926.1670000000,0.3011608000
18.0000000000,1929.0000000000,0.3015270000
18.0200000000,1932.1670000000,0.3018513000
18.0400000000,1935.6670000000,0.3021755000
18.0600000000,1939.6670000000,0.3024998000
18.0800000000,1944.8330000000,0.3028240000
18.1000000000,1949.8330000000,0.3031483000
18.1200000000,1953.1670000000,0.3034725000
18.1400000000,1955.5000000000,0.3038387000
18.1600000000,1958.8330000000,0.3041630000
18.1800000000,1963.6670000000,0.3044872000
18.2000000000,1966.6670000000,0.3048115000
18.2200000000,1969.0000000000,0.3051357000
18.2400000000,1971.3330000000,0.3055000000
18.2600000000,1974.5000000000,0.3058243000
18.2800000000,1977.0000000000,0.3061504000
18.3000000000,1980.0000000000,0.3065147000
18.3200000000,1982.8330000000,0.3068390000
18.3400000000,1985.5000000000,0.3071632000
18.3600000000,1988.6670000000,0.3074875000
18.3800000000,1992.8330000000,0.3078117000
18.4000000000,1997.0000000000,0.3081360000
18.4200000000,2001.0000000000,0.3085022000
18.4400000000,2005.3330000000,0.3088264000
18.4600000000,2010.3330000000,0.3091507000
18.4800000000,2015.0000000000,0.3094749000
18.5000000000,2016.1670000000,0.3097992000
18.5200000000,2017.5000000000,0.3101234000
18.5400000000,2020.1670000000,0.3104477000
18.5600000000,2024.3330000000,0.3108139000
18.5800000000,2029.8330000000,0.3111382000
18.6000000000,2034.0000000000,0.3114624000
18.6200000000,2036.6670000000,0.3118267000
18.6400000000,2038.5000000000,0.3121510000
18.6600000000,2040.1670000000,0.3124771000
18.6800000000,2042.5000000000,0.3128014000
18.7000000000,2045.8330000000,0.3131657000
18.7200000000,2048.8330000000,0.3134899000
18.7400000000,2052.3330000000,0.3138142000
18.7600000000,2056.6670000000,0.3141384000
18.7800000000,2060.3330000000,0.3144627000
18.8000000000,2062.3330000000,0.3147869000
18.8200000000,2065.0000000000,0.3151131000
18.8400000000,2068.3330000000,0.3154774000
18.8600000000,2072.5000000000,0.3158016000
18.8800000000,2075.8330000000,0.3161259000
18.9000000000,2078.3330000000,0.3164902000
18.9200000000,2081.6670000000,0.3168163000
18.9400000000,2085.5000000000,0.3171406000
18.9600000000,2089.3330000000,0.3175049000
18.9800000000,2093.0000000000,0.3178291000
19.0000000000,2095.0000000000,0.3181534000
19.0200000000,2098.1670000000,0.3184776000
19.0400000000,2102.3330000000,0.3188438000
19.0600000000,2106.6670000000,0.3191681000
19.0800000000,2110.1670000000,0.3194923000
19.1000000000,2115.6670000000,0.3198166000
19.1200000000,2118.1670000000,0.3201408000
19.1400000000,2120.0000000000,0.3205051000
19.1600000000,2122.8330000000,0.3208313000
19.1800000000,2126.6670000000,0.3211555000
19.2000000000,2128.3330000000,0.3214798000
19.2200000000,2131.1670000000,0.3218040000
19.2400000000,2135.6670000000,0.3221684000
19.2600000000,2141.1670000000,0.3224926000
19.2800000000,2145.3330000000,0.3228168000
19.3000000000,2146.0000000000,0.3231831000
19.3200000000,2148.0000000000,0.3235073000
19.3400000000,2150.5000000000,0.3238316000
19.3600000000,2153.5000000000,0.3241959000
19.3800000000,2157.5000000000,0.3245201000
19.4000000000,2161.5000000000,0.3248463000
19.4200000000,2165.8330000000,0.3251705000
19.4400000000,2170.1670000000,0.3254948000
19.4600000000,2173.6670000000,0.3258190000
19.4800000000,2176.1670000000,0.3261833000
19.5000000000,2180.0000000000,0.3265076000
19.5200000000,2184.3330000000,0.3268318000
19.5400000000,2187.1670000000,0.3271580000
19.5600000000,2189.0000000000,0.3275223000
19.5800000000,2191.3330000000,0.3278465000
19.6000000000,2194.8330000000,0.3281708000
19.6200000000,2198.1670000000,0.3285351000
19.6400000000,2201.0000000000,0.3288612000
19.6600000000,2203.3330000000,0.3291855000
19.6800000000,2205.5000000000,0.3295498000
19.7000000000,2210.3330000000,0.3298740000
19.7200000000,2216.0000000000,0.3301983000
19.7400000000,2220.5000000000,0.3305225000
19.7600000000,2223.0000000000,0.3308468000
19.7800000000,2224.8330000000,0.3311710000
19.8000000000,2228.5000000000,0.3314972000
19.8200000000,2231.1670000000,0.3318615000
19.8400000000,2233.8330000000,0.3321857000
19.8600000000,2237.6670000000,0.3325100000
19.8800000000,2243.6670000000,0.3328342000
19.9000000000,2248.5000000000,0.3331585000
19.9200000000,2251.8330000000,0.3335247000
19.9400000000,2254.0000000000,0.3338490000
19.9600000000,2255.8330000000,0.3341732000
19.9800000000,2258.0000000000,0.3345375000
20.0000000000,2261.6670000000,0.3348618000
20.0200000000,2265.3330000000,0.3351860000
20.0400000000,2268.8330000000,0.3355122000
20.0600000000,2272.5000000000,0.3358364000
20.0800000000,2276.8330000000,0.3361607000
20.1000000000,2280.0000000000,0.3365250000
20.1200000000,2281.5000000000,0.3368492000
20.1400000000,2283.6670000000,0.3371735000
20.1600000000,2286.8330000000,0.3374977000
20.1800000000,2291.0000000000,0.3378239000
20.2000000000,2295.8330000000,0.3381481000
20.2200000000,2298.3330000000,0.3385124000
20.2400000000,2300.6670000000,0.3388367000
20.2600000000,2303.6670000000,0.3391609000
20.2800000000,2307.8330000000,0.3395271000
20.3000000000,2311.3330000000,0.3398514000
20.3200000000,2313.3330000000,0.3401756000
20.3400000000,2316.1670000000,0.3404999000
20.3600000000,2320.3330000000,0.3408241000
20.3800000000,2325.8330000000,0.3411884000
20.4000000000,2329.8330000000,0.3415127000
20.4200000000,2332.3330000000,0.3418388000
20.4400000000,2336.1670000000,0.3421631000
20.4600000000,2340.8330000000,0.3424873000
20.4800000000,2344.8330000000,0.3428116000
20.5000000000,2346.5000000000,0.3431358000
20.5200000000,2348.5000000000,0.3435001000
20.5400000000,2351.3330000000,0.3438244000
20.5600000000,2354.8330000000,0.3441486000
20.5800000000,2358.1670000000,0.3444748000
20.6000000000,2360.6670000000,0.3448391000
20.6200000000,2363.1670000000,0.3451633000
20.6400000000,2366.0000000000,0.3454876000
20.6600000000,2368.8330000000,0.3458118000
20.6800000000,2372.0000000000,0.3461781000
20.7000000000,2375.1670000000,0.3465023000
20.7200000000,2377.8330000000,0.3468266000
20.7400000000,2382.5000000000,0.3471508000
20.7600000000,2387.3330000000,0.3474751000
20.7800000000,2391.1670000000,0.3477993000
20.8000000000,2393.8330000000,0.3481236000
20.8200000000,2397.8330000000,0.3484478000
20.8400000000,2402.0000000000,0.3488140000
20.8600000000,2405.8330000000,0.3491383000
20.8800000000,2409.3330000000,0.3494625000
20.9000000000,2412.3330000000,0.3497868000
20.9200000000,2414.3330000000,0.3501511000
20.9400000000,2416.8330000000,0.3504753000
20.9600000000,2420.0000000000,0.3508015000
20.9800000000,2423.3330000000,0.3511257000
21.0000000000,2426.1670000000,0.3514900000
21.0200000000,2429.5000000000,0.3518143000
21.0400000000,2432.8330000000,0.3521385000
21.0600000000,2436.6670000000,0.3524628000
21.0800000000,2440.6670000000,0.3527870000
21.1000000000,2444.3330000000,0.3531532000
21.1200000000,2449.0000000000,0.3534775000
21.1400000000,2453.0000000000,0.3538017000
21.1600000000,2455.8330000000,0.3541260000
21.1800000000,2457.6670000000,0.3544502000
21.2000000000,2460.1670000000,0.3548164000
21.2200000000,2465.0000000000,0.3551407000
21.2400000000,2470.3330000000,0.3554649000
21.2600000000,2474.0000000000,0.3558292000
21.2800000000,2475.8330000000,0.3561535000
21.3000000000,2477.6670000000,0.3564777000
21.3200000000,2481.0000000000,0.3568439000
21.3400000000,2483.5000000000,0.3571682000
21.3600000000,2486.0000000000,0.3574924000
21.3800000000,2489.5000000000,0.3578167000
21.4000000000,2494.3330000000,0.3581409000
21.4200000000,2497.6670000000,0.3585052000
21.4400000000,2500.8330000000,0.3588295000
21.4600000000,2503.6670000000,0.3591557000
21.4800000000,2506.1670000000,0.3594799000
21.5000000000,2507.8330000000,0.3598042000
21.5200000000,2509.6670000000,0.3601685000
21.5400000000,2513.8330000000,0.3604927000
21.5600000000,2518.6670000000,0.3608170000
21.5800000000,2523.6670000000,0.3611832000
21.6000000000,2528.0000000000,0.3615074000
21.6200000000,2531.6670000000,0.3618317000
21.6400000000,2533.8330000000,0.3621960000
21.6600000000,2536.5000000000,0.3625202000
21.6800000000,2539.5000000000,0.3628445000
21.7000000000,2543.1670000000,0.3631706000
21.7200000000,2546.6670000000,0.3635349000
21.7400000000,2550.6670000000,0.3638592000
21.7600000000,2554.5000000000,0.3641834000
21.7800000000,2558.3330000000,0.3645077000
21.8000000000,2561.6670000000,0.3648319000
21.8200000000,2564.0000000000,0.3651562000
21.8400000000,2565.5000000000,0.3654823000
21.8600000000,2568.5000000000,0.3658466000
21.8800000000,2573.1670000000,0.3661709000
21.9000000000,2578.1670000000,0.3664951000
21.9200000000,2580.6670000000,0.3668594000
21.9400000000,2581.6670000000,0.3671856000
21.9600000000,2584.5000000000,0.3675098000
21.9800000000,2588.1670000000,0.3678741000
22.0000000000,2591.3330000000,0.3681984000
22.0200000000,2594.1670000000,0.3685226000
22.0400000000,2597.8330000000,0.3688469000
22.0600000000,2601.8330000000,0.3691711000
22.0800000000,2605.6670000000,0.3694973000
22.1000000000,2609.0000000000,0.3698215000
22.1200000000,2612.0000000000,0.3701859000
22.1400000000,2616.1670000000,0.3705101000
22.1600000000,2620.0000000000,0.3708344000
22.1800000000,2623.3330000000,0.3711586000
22.2000000000,2625.8330000000,0.3714828000
22.2200000000,2627.5000000000,0.3718491000
22.2400000000,2630.3330000000,0.3721733000
22.2600000000,2633.6670000000,0.3724976000
22.2800000000,2636.6670000000,0.3728619000
22.3000000000,2639.3330000000,0.3731861000
22.3200000000,2642.0000000000,0.3735123000
22.3400000000,2645.0000000000,0.3738365000
22.3600000000,2648.8330000000,0.3742008000
22.3800000000,2653.1670000000,0.3745251000
22.4000000000,2657.5000000000,0.3748493000
22.4200000000,2660.5000000000,0.3751736000
22.4400000000,2663.6670000000,0.3754978000
22.4600000000,2668.1670000000,0.3758221000
22.4800000000,2672.3330000000,0.3761482000
22.5000000000,2675.0000000000,0.3765125000
22.5200000000,2675.8330000000,0.3768368000
22.5400000000,2680.0000000000,0.3771610000
22.5600000000,2684.3330000000,0.3774853000
22.5800000000,2688.1670000000,0.3778515000
22.6000000000,2691.3330000000,0.3781757000
22.6200000000,2695.0000000000,0.3785000000
22.6400000000,2697.3330000000,0.3788242000
22.6600000000,2698.8330000000,0.3791885000
22.6800000000,2700.8330000000,0.3795128000
22.7000000000,2703.6670000000,0.3798370000
22.7200000000,2707.3330000000,0.3801632000
22.7400000000,2710.3330000000,0.3804874000
22.7600000000,2713.6670000000,0.3808117000
22.7800000000,2717.0000000000,0.3811760000
22.8000000000,2720.0000000000,0.3815002000
22.8200000000,2722.5000000000,0.3818245000
22.8400000000,2726.8330000000,0.3821487000
22.8600000000,2730.8330000000,0.3824749000
22.8800000000,2733.8330000000,0.3827991000
22.9000000000,2736.3330000000,0.3831635000
22.9200000000,2740.0000000000,0.3834877000
22.9400000000,2744.6670000000,0.3838120000
22.9600000000,2747.1670000000,0.3841782000
22.9800000000,2748.5000000000,0.3845024000
23.0000000000,2749.6670000000,0.3848267000
23.0200000000,2752.3330000000,0.3851509000
23.0400000000,2757.6670000000,0.3854752000
23.0600000000,2762.1670000000,0.3858395000
23.0800000000,2765.6670000000,0.3861637000
23.1000000000,2768.5000000000,0.3864880000
23.1200000000,2771.6670000000,0.3868141000
23.1400000000,2775.3330000000,0.3871384000
23.1600000000,2777.8330000000,0.3874626000
23.1800000000,2779.1670000000,0.3877869000
23.2000000000,2780.6670000000,0.3881512000
23.2200000000,2784.0000000000,0.3884754000
23.2400000000,2789.5000000000,0.3887997000
23.2600000000,2793.1670000000,0.3891659000
23.2800000000,2795.0000000000,0.3894901000
23.3000000000,2796.3330000000,0.3898144000
23.3200000000,2799.5000000000,0.3901386000
23.3400000000,2802.5000000000,0.3904629000
23.3600000000,2805.6670000000,0.3908291000
23.3800000000,2809.6670000000,0.3911533000
23.4000000000,2813.5000000000,0.3914776000
23.4200000000,2816.3330000000,0.3918018000
23.4400000000,2820.5000000000,0.3921261000
23.4600000000,2824.0000000000,0.3924503000
23.4800000000,2826.8330000000,0.3928146000
23.5000000000,2829.8330000000,0.3931408000
23.5200000000,2834.1670000000,0.3934650000
23.5400000000,2837.3330000000,0.3937893000
23.5600000000,2839.3330000000,0.3941536000
23.5800000000,2841.6670000000,0.3944778000
23.6000000000,2844.3330000000,0.3948021000
23.6200000000,2847.1670000000,0.3951683000
23.6400000000,2850.1670000000,0.3954926000
23.6600000000,2853.8330000000,0.3958168000
23.6800000000,2856.8330000000,0.3961411000
23.7000000000,2860.0000000000,0.3965054000
23.7200000000,2864.1670000000,0.3968296000
23.7400000000,2867.3330000000,0.3971558000
23.7600000000,2869.3330000000,0.3974800000
23.7800000000,2872.1670000000,0.3978043000
23.8000000000,2875.5000000000,0.3981285000
23.8200000000,2878.3330000000,0.3984928000
23.8400000000,2881.0000000000,0.3988171000
23.8600000000,2884.3330000000,0.3991413000
23.8800000000,2888.8330000000,0.3995075000
23.9000000000,2893.0000000000,0.3998318000
23.9200000000,2894.8330000000,0.4001560000
23.9400000000,2895.6670000000,0.4005203000
23.9600000000,2896.6670000000,0.4008446000
23.9800000000,2898.1670000000,0.4011688000
24.0000000000,2900.8330000000,0.4014950000
24.0200000000,2904.1670000000,0.4018593000
24.0400000000,2904.1670000000,0.4021835000
24.0600000000,2903.5000000000,0.4025078000
24.0800000000,2903.1670000000,0.4028320000
24.1000000000,2903.3330000000,0.4031563000
24.1200000000,2904.1670000000,0.4034805000
24.1400000000,2905.6670000000,0.4038467000
24.1600000000,2907.5000000000,0.4041710000
24.1800000000,2910.0000000000,0.4044952000
24.2000000000,2912.3330000000,0.4048195000
24.2200000000,2913.8330000000,0.4051838000
24.2400000000,2913.8330000000,0.4055099000
24.2600000000,2913.8330000000,0.4058342000
24.2800000000,2914.3330000000,0.4061985000
24.3000000000,2915.0000000000,0.4065228000
24.3200000000,2915.6670000000,0.4068470000
24.3400000000,2916.3330000000,0.4071712000
24.3600000000,2919.0000000000,0.4075375000
24.3800000000,2921.8330000000,0.4078617000
24.4000000000,2925.0000000000,0.4081860000
24.4200000000,2928.3330000000,0.4085102000
24.4400000000,2930.1670000000,0.4088345000
24.4600000000,2932.8330000000,0.4091587000
24.4800000000,2935.6670000000,0.4094830000
24.5000000000,2938.0000000000,0.4098492000
24.5200000000,2939.1670000000,0.4101734000
24.5400000000,2940.1670000000,0.4105778000
24.5600000000,2940.3330000000,0.4109440000
24.5800000000,2524.0000000000,0.4112682000
24.6000000000,1665.6670000000,0.4115925000
24.6200000000,605.6667000000,0.4119167000
24.6400000000,27.6666700000,0.4122410000
