"PlayTime","LoadValue","PositionValue"
"s","N","mm"
0.0000000000,22.0000000000,0.0014991760
0.0200000000,25.8333300000,0.0017833710
0.0400000000,28.3333300000,0.0021076200
0.0600000000,29.5000000000,0.0024318700
0.0800000000,29.5000000000,0.0027160640
0.1000000000,29.5000000000,0.0030403140
0.1200000000,29.6666700000,0.0034065250
0.1400000000,29.6666700000,0.0037307740
0.1600000000,29.8333300000,0.0040550230
0.1800000000,30.1666700000,0.0043792720
0.2000000000,30.3333300000,0.0047035220
0.2200000000,30.8333300000,0.0050277710
0.2400000000,31.1666700000,0.0053920750
0.2600000000,31.5000000000,0.0057182310
0.2800000000,31.8333300000,0.0060825350
0.3000000000,32.5000000000,0.0064067840
0.3200000000,35.0000000000,0.0067710880
0.3400000000,36.3333300000,0.0070953370
0.3600000000,36.8333300000,0.0074214940
0.3800000000,36.6666700000,0.0077857970
0.4000000000,35.8333300000,0.0081100460
0.4200000000,35.8333300000,0.0084342960
0.4400000000,36.5000000000,0.0087585450
0.4600000000,37.6666700000,0.0090827940
0.4800000000,39.3333300000,0.0094070430
0.5000000000,41.8333300000,0.0097732540
0.5200000000,41.8333300000,0.0100975000
0.5400000000,41.8333300000,0.0104217500
0.5600000000,42.3333300000,0.0107460000
0.5800000000,43.1666700000,0.0110702500
0.6000000000,44.1666700000,0.0114364600
0.6200000000,45.0000000000,0.0117607100
0.6400000000,45.1666700000,0.0120849600
0.6600000000,45.1666700000,0.0124492600
0.6800000000,45.3333300000,0.0127735100
0.7000000000,45.3333300000,0.0130977600
0.7200000000,46.6666700000,0.0134220100
0.7400000000,48.3333300000,0.0137481700
0.7600000000,49.5000000000,0.0140724200
0.7800000000,50.0000000000,0.0143966700
0.8000000000,50.1666700000,0.0147609700
0.8200000000,50.8333300000,0.0150852200
0.8400000000,51.3333300000,0.0154094700
0.8600000000,52.1666700000,0.0157337200
0.8800000000,53.6666700000,0.0160579700
0.9000000000,56.3333300000,0.0163841200
0.9200000000,56.3333300000,0.0167484300
0.9400000000,56.5000000000,0.0170726800
0.9600000000,57.0000000000,0.0173969300
0.9800000000,57.3333300000,0.0177631400
1.0000000000,57.3333300000,0.0180873900
1.0200000000,57.3333300000,0.0184116400
1.0400000000,57.6666700000,0.0187358900
1.0600000000,58.8333300000,0.0190601300
1.0800000000,61.0000000000,0.0193843800
1.1000000000,64.0000000000,0.0197486900
1.1200000000,64.0000000000,0.0200729400
1.1400000000,62.6666700000,0.0203990900
1.1600000000,61.6666700000,0.0207233400
1.1800000000,61.5000000000,0.0210475900
1.2000000000,61.3333300000,0.0214119000
1.2200000000,61.3333300000,0.0217361500
1.2400000000,63.1666700000,0.0220603900
1.2600000000,65.3333400000,0.0223846400
1.2800000000,67.5000000000,0.0227508500
1.3000000000,69.6666600000,0.0230751000
1.3200000000,70.0000000000,0.0233993500
1.3400000000,70.3333400000,0.0237636600
1.3600000000,70.6666600000,0.0240879100
1.3800000000,71.8333400000,0.0244140600
1.4000000000,74.0000000000,0.0247383100
1.4200000000,74.0000000000,0.0251026200
1.4400000000,74.0000000000,0.0254268600
1.4600000000,75.1666600000,0.0257511100
1.4800000000,76.5000000000,0.0260753600
1.5000000000,76.6666600000,0.0263996100
1.5200000000,76.8333400000,0.0267257700
1.5400000000,77.0000000000,0.0270900700
1.5600000000,78.3333400000,0.0274143200
1.5800000000,80.6666600000,0.0277385700
1.6000000000,83.5000000000,0.0281028700
1.6200000000,84.1666600000,0.0284290300
1.6400000000,84.5000000000,0.0287532800
1.6600000000,84.8333400000,0.0291175800
1.6800000000,85.3333400000,0.0294418300
1.7000000000,85.6666600000,0.0297660800
1.7200000000,86.3333400000,0.0300903300
1.7400000000,88.1666600000,0.0304565400
1.7600000000,90.0000000000,0.0307807900
1.7800000000,91.8333400000,0.0311050400
1.8000000000,94.0000000000,0.0314292900
1.8200000000,94.5000000000,0.0317535400
1.8400000000,94.6666600000,0.0321178400
1.8600000000,96.5000000000,0.0324440000
1.8800000000,98.6666600000,0.0327682500
1.9000000000,99.6666600000,0.0330925000
1.9200000000,99.6666600000,0.0334568000
1.9400000000,99.6666600000,0.0337810500
1.9600000000,100.6667000000,0.0341053000
1.9800000000,101.8333000000,0.0344715100
2.0000000000,102.5000000000,0.0347957600
2.0200000000,102.5000000000,0.0351200100
2.0400000000,104.1667000000,0.0354442600
2.0600000000,106.8333000000,0.0357685100
2.0800000000,109.0000000000,0.0361328100
2.1000000000,109.6667000000,0.0364589700
2.1200000000,109.8333000000,0.0367832200
2.1400000000,110.1667000000,0.0371074700
2.1600000000,112.0000000000,0.0374317200
2.1800000000,114.8333000000,0.0377559700
2.2000000000,117.1667000000,0.0381202700
2.2200000000,117.3333000000,0.0384445200
2.2400000000,119.8333000000,0.0387687700
2.2600000000,121.1667000000,0.0390949200
2.2800000000,121.6667000000,0.0394592300
2.3000000000,122.1667000000,0.0397834800
2.3200000000,122.1667000000,0.0401077300
2.3400000000,122.5000000000,0.0404319800
2.3600000000,124.6667000000,0.0407981900
2.3800000000,127.0000000000,0.0411224400
2.4000000000,128.3333000000,0.0414466900
2.4200000000,129.0000000000,0.0417709400
2.4400000000,128.5000000000,0.0420951800
2.4600000000,128.5000000000,0.0424194300
2.4800000000,128.5000000000,0.0427837400
2.5000000000,128.8333000000,0.0431098900
2.5200000000,131.0000000000,0.0434341400
2.5400000000,131.6667000000,0.0437583900
2.5600000000,132.5000000000,0.0440826400
2.5800000000,135.0000000000,0.0444469500
2.6000000000,138.3333000000,0.0447711900
2.6200000000,139.6667000000,0.0450954400
2.6400000000,143.8333000000,0.0454616500
2.6600000000,145.0000000000,0.0457859000
2.6800000000,145.1667000000,0.0461101500
2.7000000000,146.0000000000,0.0464344000
2.7200000000,148.0000000000,0.0467586500
2.7400000000,151.3333000000,0.0471248600
2.7600000000,152.6667000000,0.0474491100
2.7800000000,153.1667000000,0.0477733600
2.8000000000,153.8333000000,0.0480976100
2.8200000000,155.1667000000,0.0484218600
2.8400000000,155.3333000000,0.0487461100
2.8600000000,155.3333000000,0.0491104100
2.8800000000,155.3333000000,0.0494346600
2.9000000000,156.0000000000,0.0497608200
2.9200000000,159.0000000000,0.0500850700
2.9400000000,161.8333000000,0.0504493700
2.9600000000,163.1667000000,0.0507736200
2.9800000000,163.8333000000,0.0510978700
3.0000000000,164.1667000000,0.0514221200
3.0200000000,164.3333000000,0.0517883300
3.0400000000,165.3333000000,0.0521125800
3.0600000000,168.0000000000,0.0524368300
3.0800000000,170.5000000000,0.0527610800
3.1000000000,172.1667000000,0.0530853300
3.1200000000,173.0000000000,0.0534095800
3.1400000000,175.0000000000,0.0537338300
3.1600000000,177.0000000000,0.0541000400
3.1800000000,178.5000000000,0.0544242900
3.2000000000,179.8333000000,0.0547485400
3.2200000000,181.6667000000,0.0550727800
3.2400000000,182.6667000000,0.0553970300
3.2600000000,182.8333000000,0.0557613400
3.2800000000,182.8333000000,0.0560874900
3.3000000000,183.3333000000,0.0564117400
3.3200000000,185.1667000000,0.0567359900
3.3400000000,187.1667000000,0.0571003000
3.3600000000,188.8333000000,0.0574245500
3.3800000000,191.0000000000,0.0577487900
3.4000000000,193.8333000000,0.0580730400
3.4200000000,197.5000000000,0.0583972900
3.4400000000,197.5000000000,0.0587234500
3.4600000000,197.8333000000,0.0590477000
3.4800000000,199.0000000000,0.0594120000
3.5000000000,200.6667000000,0.0597362500
3.5200000000,201.6667000000,0.0600605000
3.5400000000,203.6667000000,0.0603847500
3.5600000000,205.6667000000,0.0607090000
3.5800000000,208.1667000000,0.0610752100
3.6000000000,211.3333000000,0.0613994600
3.6200000000,214.5000000000,0.0617237100
3.6400000000,214.5000000000,0.0620880100
3.6600000000,214.8333000000,0.0624122600
3.6800000000,215.3333000000,0.0627384200
3.7000000000,216.8333000000,0.0630626700
3.7200000000,219.5000000000,0.0634269700
3.7400000000,221.5000000000,0.0637512200
3.7600000000,221.8333000000,0.0640754700
3.7800000000,221.0000000000,0.0643997200
3.8000000000,219.8333000000,0.0647239700
3.8200000000,218.5000000000,0.0650501300
3.8400000000,218.5000000000,0.0654144300
3.8600000000,222.5000000000,0.0657386800
3.8800000000,227.0000000000,0.0660629300
3.9000000000,230.3333000000,0.0664272300
3.9200000000,231.8333000000,0.0667533900
3.9400000000,234.8333000000,0.0670776400
3.9600000000,236.6667000000,0.0674419400
3.9800000000,237.5000000000,0.0677661900
4.0000000000,238.6667000000,0.0680904400
4.0200000000,241.1667000000,0.0684566500
4.0400000000,244.1667000000,0.0687809000
4.0600000000,247.1667000000,0.0691051500
4.0800000000,249.0000000000,0.0694294000
4.1000000000,250.8333000000,0.0697536500
4.1200000000,253.0000000000,0.0700779000
4.1400000000,253.0000000000,0.0704422000
4.1600000000,254.1667000000,0.0707683600
4.1800000000,254.8333000000,0.0710926100
4.2000000000,256.3333000000,0.0714168500
4.2200000000,259.1667000000,0.0717411000
4.2400000000,260.5000000000,0.0721054100
4.2600000000,261.0000000000,0.0724296600
4.2800000000,262.6667000000,0.0727958700
4.3000000000,265.0000000000,0.0731201200
4.3200000000,267.1667000000,0.0734443700
4.3400000000,268.0000000000,0.0737686200
4.3600000000,269.0000000000,0.0740928600
4.3800000000,271.0000000000,0.0744571700
4.4000000000,273.8333000000,0.0747833300
4.4200000000,276.5000000000,0.0751075700
4.4400000000,278.1667000000,0.0754318200
4.4600000000,279.8333000000,0.0757560700
4.4800000000,282.0000000000,0.0761203800
4.5000000000,285.0000000000,0.0764446300
4.5200000000,287.6667000000,0.0767688800
4.5400000000,288.8333000000,0.0770931200
4.5600000000,289.0000000000,0.0774192800
4.5800000000,290.1667000000,0.0777835800
4.6000000000,292.3333000000,0.0781078300
4.6200000000,294.8333000000,0.0784320800
4.6400000000,296.1667000000,0.0787982900
4.6600000000,296.5000000000,0.0791225400
4.6800000000,298.6667000000,0.0794467900
4.7000000000,300.8333000000,0.0797710400
4.7200000000,302.1667000000,0.0801353500
4.7400000000,303.0000000000,0.0804595900
4.7600000000,308.0000000000,0.0807838400
4.7800000000,311.0000000000,0.0811080900
4.8000000000,312.3333000000,0.0814342500
4.8200000000,313.0000000000,0.0817585000
4.8400000000,314.5000000000,0.0820827500
4.8600000000,314.8333000000,0.0824470500
4.8800000000,317.5000000000,0.0827713000
4.9000000000,320.3333000000,0.0830955500
4.9200000000,322.1667000000,0.0834617600
4.9400000000,322.6667000000,0.0837860100
4.9600000000,324.6667000000,0.0841102600
4.9800000000,326.8333000000,0.0844345100
5.0000000000,328.5000000000,0.0847988100
5.0200000000,329.6667000000,0.0851230600
5.0400000000,331.5000000000,0.0854492200
5.0600000000,334.5000000000,0.0857734700
5.0800000000,337.6667000000,0.0860977200
5.1000000000,339.1667000000,0.0864219700
5.1200000000,339.5000000000,0.0867462200
5.1400000000,340.0000000000,0.0871105200
5.1600000000,340.6667000000,0.0874347700
5.1800000000,342.1667000000,0.0877609300
5.2000000000,343.8333000000,0.0880851700
5.2200000000,345.6667000000,0.0884094200
5.2400000000,348.0000000000,0.0887737300
5.2600000000,351.3333000000,0.0890979800
5.2800000000,355.8333000000,0.0894222300
5.3000000000,358.0000000000,0.0897884400
5.3200000000,358.5000000000,0.0901126900
5.3400000000,359.3333000000,0.0904369400
5.3600000000,359.3333000000,0.0907611800
5.3800000000,362.1667000000,0.0910854300
5.4000000000,365.3333000000,0.0914096800
5.4200000000,367.5000000000,0.0917739900
5.4400000000,367.8333000000,0.0921001400
5.4600000000,369.5000000000,0.0924243900
5.4800000000,372.0000000000,0.0927486400
5.5000000000,373.1667000000,0.0930728900
5.5200000000,373.6667000000,0.0933971400
5.5400000000,374.8333000000,0.0937614400
5.5600000000,377.3333000000,0.0940856900
5.5800000000,380.5000000000,0.0944118500
5.6000000000,382.6667000000,0.0947361000
5.6200000000,383.8333000000,0.0951004000
5.6400000000,384.3333000000,0.0954246500
5.6600000000,386.6667000000,0.0957489000
5.6800000000,388.6667000000,0.0960731500
5.7000000000,390.3333000000,0.0964393600
5.7200000000,392.1667000000,0.0967636100
5.7400000000,394.8333000000,0.0970878600
5.7600000000,399.5000000000,0.0974121100
5.7800000000,402.1667000000,0.0977363600
5.8000000000,403.3333000000,0.0980606100
5.8200000000,404.3333000000,0.0983848600
5.8400000000,406.8333000000,0.0987510700
5.8600000000,410.1667000000,0.0990753200
5.8800000000,411.1667000000,0.0993995700
5.9000000000,411.6667000000,0.0997238200
5.9200000000,412.8333000000,0.1000881000
5.9400000000,415.6667000000,0.1004124000
5.9600000000,418.1667000000,0.1007366000
5.9800000000,419.0000000000,0.1010628000
6.0000000000,421.0000000000,0.1014271000
6.0200000000,424.0000000000,0.1017513000
6.0400000000,427.0000000000,0.1020756000
6.0600000000,429.0000000000,0.1023998000
6.0800000000,430.6667000000,0.1027241000
6.1000000000,432.1667000000,0.1030903000
6.1200000000,433.8333000000,0.1034145000
6.1400000000,435.6667000000,0.1037388000
6.1600000000,438.5000000000,0.1040630000
6.1800000000,440.3333000000,0.1043873000
6.2000000000,442.6667000000,0.1047516000
6.2200000000,445.8333000000,0.1050777000
6.2400000000,449.3333000000,0.1054020000
6.2600000000,451.3333000000,0.1057663000
6.2800000000,452.3333000000,0.1060905000
6.3000000000,453.5000000000,0.1064148000
6.3200000000,455.8333000000,0.1067810000
6.3400000000,459.1667000000,0.1071053000
6.3600000000,462.8333000000,0.1074295000
6.3800000000,464.5000000000,0.1077538000
6.4000000000,466.1667000000,0.1080780000
6.4200000000,467.6667000000,0.1084423000
6.4400000000,468.3333000000,0.1087666000
6.4600000000,468.3333000000,0.1090927000
6.4800000000,471.6667000000,0.1094170000
6.5000000000,475.5000000000,0.1097412000
6.5200000000,478.3333000000,0.1101055000
6.5400000000,480.3333000000,0.1104298000
6.5600000000,482.1667000000,0.1107540000
6.5800000000,485.5000000000,0.1111202000
6.6000000000,489.0000000000,0.1114445000
6.6200000000,492.3333000000,0.1117687000
6.6400000000,495.5000000000,0.1121330000
6.6600000000,497.6667000000,0.1124573000
6.6800000000,498.8333000000,0.1127815000
6.7000000000,501.3333000000,0.1131077000
6.7200000000,504.6667000000,0.1134319000
6.7400000000,508.0000000000,0.1137962000
6.7600000000,511.0000000000,0.1141205000
6.7800000000,511.6667000000,0.1144447000
6.8000000000,512.8333000000,0.1147690000
6.8200000000,514.8333000000,0.1150932000
6.8400000000,517.0000000000,0.1154194000
6.8600000000,518.8333000000,0.1157837000
6.8800000000,520.5000000000,0.1161079000
6.9000000000,523.8333000000,0.1164322000
6.9200000000,527.0000000000,0.1167965000
6.9400000000,529.0000000000,0.1171227000
6.9600000000,529.8333000000,0.1174469000
6.9800000000,531.3333000000,0.1177711000
7.0000000000,533.0000000000,0.1181355000
7.0200000000,535.5000000000,0.1184597000
7.0400000000,538.8333000000,0.1187840000
7.0600000000,542.0000000000,0.1191082000
7.0800000000,544.1667000000,0.1194324000
7.1000000000,547.1667000000,0.1197586000
7.1200000000,550.6667000000,0.1200829000
7.1400000000,554.0000000000,0.1204472000
7.1600000000,556.0000000000,0.1207714000
7.1800000000,557.5000000000,0.1210957000
7.2000000000,560.0000000000,0.1214199000
7.2200000000,562.8333000000,0.1217861000
7.2400000000,565.0000000000,0.1221104000
7.2600000000,565.8333000000,0.1224346000
7.2800000000,566.6667000000,0.1227989000
7.3000000000,570.3333000000,0.1231232000
7.3200000000,574.0000000000,0.1234474000
7.3400000000,576.1667000000,0.1237736000
7.3600000000,577.0000000000,0.1240978000
7.3800000000,579.6667000000,0.1244621000
7.4000000000,583.5000000000,0.1247864000
7.4200000000,586.1667000000,0.1251106000
7.4400000000,587.8333000000,0.1254349000
7.4600000000,589.5000000000,0.1257591000
7.4800000000,591.6667000000,0.1260853000
7.5000000000,594.3333000000,0.1264095000
7.5200000000,597.6667000000,0.1267738000
7.5400000000,601.1667000000,0.1270981000
7.5600000000,604.1667000000,0.1274223000
7.5800000000,607.5000000000,0.1277466000
7.6000000000,611.0000000000,0.1281128000
7.6200000000,613.1667000000,0.1284370000
7.6400000000,614.1667000000,0.1287613000
7.6600000000,615.1667000000,0.1290855000
7.6800000000,618.0000000000,0.1294498000
7.7000000000,622.6667000000,0.1297741000
7.7200000000,625.1667000000,0.1301003000
7.7400000000,626.0000000000,0.1304245000
7.7600000000,626.3333000000,0.1307487000
7.7800000000,626.3333000000,0.1310730000
7.8000000000,626.5000000000,0.1314373000
7.8200000000,629.1667000000,0.1317616000
7.8400000000,633.3333000000,0.1320858000
7.8600000000,637.1667000000,0.1324100000
7.8800000000,639.5000000000,0.1327362000
7.9000000000,644.1667000000,0.1331005000
7.9200000000,648.5000000000,0.1334248000
7.9400000000,651.3333000000,0.1337490000
7.9600000000,652.6667000000,0.1341152000
7.9800000000,654.5000000000,0.1344395000
8.0000000000,657.1667000000,0.1347637000
8.0200000000,660.6667000000,0.1350880000
8.0400000000,663.6667000000,0.1354122000
8.0600000000,666.0000000000,0.1357765000
8.0800000000,668.1667000000,0.1361008000
8.1000000000,672.8333000000,0.1364250000
8.1200000000,675.3333000000,0.1367512000
8.1400000000,676.1667000000,0.1370754000
8.1600000000,677.3333000000,0.1373997000
8.1800000000,682.0000000000,0.1377239000
8.2000000000,684.6667000000,0.1380882000
8.2200000000,685.6667000000,0.1384125000
8.2400000000,686.8333000000,0.1387367000
8.2600000000,689.5000000000,0.1390629000
8.2800000000,694.1667000000,0.1394272000
8.3000000000,696.8333000000,0.1397514000
8.3200000000,697.8333000000,0.1400757000
8.3400000000,699.0000000000,0.1403999000
8.3600000000,701.5000000000,0.1407242000
8.3800000000,704.0000000000,0.1410904000
8.4000000000,706.1667000000,0.1414146000
8.4200000000,709.8333000000,0.1417389000
8.4400000000,714.1667000000,0.1420631000
8.4600000000,718.5000000000,0.1423874000
8.4800000000,721.3333000000,0.1427116000
8.5000000000,722.0000000000,0.1430779000
8.5200000000,723.3333000000,0.1434021000
8.5400000000,725.5000000000,0.1437263000
8.5600000000,728.5000000000,0.1440907000
8.5800000000,731.1667000000,0.1444149000
8.6000000000,733.5000000000,0.1447392000
8.6200000000,735.6667000000,0.1451054000
8.6400000000,737.5000000000,0.1454296000
8.6600000000,739.6667000000,0.1457539000
8.6800000000,742.1667000000,0.1460781000
8.7000000000,745.1667000000,0.1464424000
8.7200000000,748.1667000000,0.1467667000
8.7400000000,751.6667000000,0.1470909000
8.7600000000,755.0000000000,0.1474171000
8.7800000000,756.8333000000,0.1477413000
8.8000000000,757.8333000000,0.1481056000
8.8200000000,760.0000000000,0.1484299000
8.8400000000,763.5000000000,0.1487541000
8.8600000000,767.5000000000,0.1490784000
8.8800000000,770.0000000000,0.1494446000
8.9000000000,771.6667000000,0.1497688000
8.9200000000,773.5000000000,0.1500931000
8.9400000000,775.8333000000,0.1504574000
8.9600000000,778.6667000000,0.1507816000
8.9800000000,781.6667000000,0.1511059000
9.0000000000,783.3333000000,0.1514320000
9.0200000000,785.3333000000,0.1517963000
9.0400000000,788.6667000000,0.1521206000
9.0600000000,792.6667000000,0.1524448000
9.0800000000,795.5000000000,0.1527691000
9.1000000000,796.5000000000,0.1530933000
9.1200000000,797.8333000000,0.1534176000
9.1400000000,799.6667000000,0.1537838000
9.1600000000,801.6667000000,0.1541080000
9.1800000000,803.8333000000,0.1544323000
9.2000000000,805.8333000000,0.1547565000
9.2200000000,809.3333000000,0.1551208000
9.2400000000,813.0000000000,0.1554470000
9.2600000000,816.3333000000,0.1557713000
9.2800000000,819.0000000000,0.1560955000
9.3000000000,821.3333000000,0.1564598000
9.3200000000,823.8333000000,0.1567841000
9.3400000000,826.8333000000,0.1571083000
9.3600000000,830.0000000000,0.1574326000
9.3800000000,833.1667000000,0.1577587000
9.4000000000,837.1667000000,0.1581230000
9.4200000000,841.0000000000,0.1584473000
9.4400000000,844.8333000000,0.1587715000
9.4600000000,847.5000000000,0.1590958000
9.4800000000,847.5000000000,0.1594200000
9.5000000000,848.0000000000,0.1597443000
9.5200000000,849.3333000000,0.1601105000
9.5400000000,851.8333000000,0.1604347000
9.5600000000,854.8333000000,0.1607590000
9.5800000000,857.6667000000,0.1611233000
9.6000000000,859.6667000000,0.1614475000
9.6200000000,862.8333000000,0.1617718000
9.6400000000,866.1667000000,0.1621380000
9.6600000000,868.5000000000,0.1624622000
9.6800000000,870.0000000000,0.1627865000
9.7000000000,872.0000000000,0.1631107000
9.7200000000,875.0000000000,0.1634350000
9.7400000000,879.5000000000,0.1637592000
9.7600000000,884.1667000000,0.1641254000
9.7800000000,887.5000000000,0.1644497000
9.8000000000,889.6667000000,0.1647739000
9.8200000000,892.8333000000,0.1650982000
9.8400000000,895.3333000000,0.1654224000
9.8600000000,897.1667000000,0.1657867000
9.8800000000,899.0000000000,0.1661129000
9.9000000000,901.3333000000,0.1664371000
9.9200000000,903.5000000000,0.1667614000
9.9400000000,905.8333000000,0.1671257000
9.9600000000,908.6667000000,0.1674500000
9.9800000000,911.6667000000,0.1677742000
10.0000000000,912.8333000000,0.1680984000
10.0200000000,917.5000000000,0.1684246000
10.0400000000,922.0000000000,0.1687889000
10.0600000000,924.6667000000,0.1691132000
10.0800000000,925.0000000000,0.1694374000
10.1000000000,926.3333000000,0.1697617000
10.1200000000,929.1667000000,0.1700859000
10.1400000000,933.1667000000,0.1704102000
10.1600000000,936.8333000000,0.1707363000
10.1800000000,939.8333000000,0.1711006000
10.2000000000,944.6667000000,0.1714249000
10.2200000000,950.0000000000,0.1717491000
10.2400000000,951.6667000000,0.1720734000
10.2600000000,951.8333000000,0.1724396000
10.2800000000,952.6667000000,0.1727638000
10.3000000000,955.8333000000,0.1730881000
10.3200000000,957.8333000000,0.1734123000
10.3400000000,960.5000000000,0.1737766000
10.3600000000,963.5000000000,0.1741009000
10.3800000000,966.8333000000,0.1744251000
10.4000000000,969.6667000000,0.1747494000
10.4200000000,971.6667000000,0.1750755000
10.4400000000,973.6667000000,0.1753998000
10.4600000000,976.5000000000,0.1757240000
10.4800000000,979.6667000000,0.1760483000
10.5000000000,981.6667000000,0.1764126000
10.5200000000,985.3333000000,0.1767368000
10.5400000000,988.6667000000,0.1770611000
10.5600000000,991.5000000000,0.1774273000
10.5800000000,994.3333000000,0.1777515000
10.6000000000,998.1667000000,0.1780758000
10.6200000000,1001.5000000000,0.1784000000
10.6400000000,1003.8330000000,0.1787643000
10.6600000000,1006.1670000000,0.1790905000
10.6800000000,1009.3330000000,0.1794147000
10.7000000000,1013.5000000000,0.1797390000
10.7200000000,1016.6670000000,0.1800632000
10.7400000000,1020.5000000000,0.1803875000
10.7600000000,1023.8330000000,0.1807518000
10.7800000000,1026.0000000000,0.1810760000
10.8000000000,1027.0000000000,0.1814022000
10.8200000000,1029.8330000000,0.1817265000
10.8400000000,1033.0000000000,0.1820507000
10.8600000000,1036.1670000000,0.1824150000
10.8800000000,1040.0000000000,0.1827393000
10.9000000000,1044.3330000000,0.1830635000
10.9200000000,1046.5000000000,0.1834297000
10.9400000000,1047.3330000000,0.1837540000
10.9600000000,1048.6670000000,0.1840782000
10.9800000000,1051.0000000000,0.1844025000
11.0000000000,1053.5000000000,0.1847668000
11.0200000000,1055.6670000000,0.1850910000
11.0400000000,1059.0000000000,0.1854172000
11.0600000000,1063.1670000000,0.1857414000
11.0800000000,1067.5000000000,0.1860657000
11.1000000000,1070.8330000000,0.1863899000
11.1200000000,1073.3330000000,0.1867542000
11.1400000000,1075.6670000000,0.1870785000
11.1600000000,1078.6670000000,0.1874027000
11.1800000000,1082.0000000000,0.1877270000
11.2000000000,1085.0000000000,0.1880932000
11.2200000000,1086.3330000000,0.1884174000
11.2400000000,1088.1670000000,0.1887817000
11.2600000000,1091.3330000000,0.1891060000
11.2800000000,1095.0000000000,0.1894302000
11.3000000000,1098.1670000000,0.1897564000
11.3200000000,1099.8330000000,0.1901207000
11.3400000000,1102.5000000000,0.1904449000
11.3600000000,1106.0000000000,0.1907692000
11.3800000000,1110.3330000000,0.1910934000
11.4000000000,1114.5000000000,0.1914177000
11.4200000000,1117.5000000000,0.1917839000
11.4400000000,1119.1670000000,0.1921082000
11.4600000000,1121.3330000000,0.1924324000
11.4800000000,1124.3330000000,0.1927567000
11.5000000000,1127.6670000000,0.1930809000
11.5200000000,1131.5000000000,0.1934452000
11.5400000000,1135.1670000000,0.1937714000
11.5600000000,1139.5000000000,0.1940956000
11.5800000000,1143.5000000000,0.1944599000
11.6000000000,1145.8330000000,0.1947842000
11.6200000000,1146.1670000000,0.1951084000
11.6400000000,1148.1670000000,0.1954327000
11.6600000000,1152.5000000000,0.1957989000
11.6800000000,1157.5000000000,0.1961231000
11.7000000000,1161.6670000000,0.1964474000
11.7200000000,1162.1670000000,0.1967716000
11.7400000000,1162.8330000000,0.1970959000
11.7600000000,1163.5000000000,0.1974201000
11.7800000000,1164.5000000000,0.1977863000
11.8000000000,1166.1670000000,0.1981106000
11.8200000000,1170.6670000000,0.1984348000
11.8400000000,1174.5000000000,0.1987591000
11.8600000000,1178.0000000000,0.1991234000
11.8800000000,1182.1670000000,0.1994476000
11.9000000000,1187.1670000000,0.1997719000
11.9200000000,1190.8330000000,0.2000980000
11.9400000000,1193.6670000000,0.2004623000
11.9600000000,1197.1670000000,0.2007866000
11.9800000000,1200.6670000000,0.2011108000
12.0000000000,1203.8330000000,0.2014351000
12.0200000000,1206.6670000000,0.2018013000
12.0400000000,1211.0000000000,0.2021255000
12.0600000000,1215.0000000000,0.2024498000
12.0800000000,1217.8330000000,0.2027740000
12.1000000000,1219.3330000000,0.2030983000
12.1200000000,1220.8330000000,0.2034225000
12.1400000000,1223.6670000000,0.2037468000
12.1600000000,1227.3330000000,0.2041130000
12.1800000000,1230.6670000000,0.2044373000
12.2000000000,1232.8330000000,0.2047615000
12.2200000000,1235.0000000000,0.2050858000
12.2400000000,1238.5000000000,0.2054501000
12.2600000000,1241.6670000000,0.2057743000
12.2800000000,1244.5000000000,0.2060986000
12.3000000000,1247.6670000000,0.2064648000
12.3200000000,1251.0000000000,0.2067890000
12.3400000000,1254.8330000000,0.2071133000
12.3600000000,1258.1670000000,0.2074375000
12.3800000000,1260.6670000000,0.2077618000
12.4000000000,1262.8330000000,0.2080860000
12.4200000000,1266.5000000000,0.2084103000
12.4400000000,1270.3330000000,0.2087765000
12.4600000000,1274.1670000000,0.2091007000
12.4800000000,1277.5000000000,0.2094250000
12.5000000000,1280.3330000000,0.2097492000
12.5200000000,1282.1670000000,0.2100735000
12.5400000000,1286.3330000000,0.2104378000
12.5600000000,1290.5000000000,0.2107639000
12.5800000000,1293.3330000000,0.2110882000
12.6000000000,1294.6670000000,0.2114525000
12.6200000000,1296.0000000000,0.2117767000
12.6400000000,1300.0000000000,0.2121010000
12.6600000000,1304.1670000000,0.2124252000
12.6800000000,1307.6670000000,0.2127495000
12.7000000000,1310.6670000000,0.2130756000
12.7200000000,1315.0000000000,0.2134399000
12.7400000000,1320.3330000000,0.2137642000
12.7600000000,1323.6670000000,0.2140884000
12.7800000000,1325.6670000000,0.2144127000
12.8000000000,1327.1670000000,0.2147369000
12.8200000000,1329.0000000000,0.2150612000
12.8400000000,1333.8330000000,0.2153854000
12.8600000000,1338.6670000000,0.2157516000
12.8800000000,1341.5000000000,0.2160759000
12.9000000000,1343.6670000000,0.2164001000
12.9200000000,1347.0000000000,0.2167645000
12.9400000000,1350.5000000000,0.2170887000
12.9600000000,1352.8330000000,0.2174149000
12.9800000000,1354.6670000000,0.2177391000
13.0000000000,1356.6670000000,0.2180634000
13.0200000000,1359.3330000000,0.2184277000
13.0400000000,1363.8330000000,0.2187519000
13.0600000000,1368.0000000000,0.2190762000
13.0800000000,1371.3330000000,0.2194004000
13.1000000000,1374.3330000000,0.2197266000
13.1200000000,1378.1670000000,0.2200508000
13.1400000000,1381.6670000000,0.2204151000
13.1600000000,1384.0000000000,0.2207394000
13.1800000000,1386.8330000000,0.2210636000
13.2000000000,1390.0000000000,0.2213879000
13.2200000000,1393.6670000000,0.2217541000
13.2400000000,1398.5000000000,0.2220783000
13.2600000000,1401.8330000000,0.2224026000
13.2800000000,1404.3330000000,0.2227669000
13.3000000000,1407.3330000000,0.2230911000
13.3200000000,1411.1670000000,0.2234154000
13.3400000000,1415.0000000000,0.2237415000
13.3600000000,1418.0000000000,0.2240658000
13.3800000000,1421.1670000000,0.2243900000
13.4000000000,1424.6670000000,0.2247543000
13.4200000000,1428.5000000000,0.2250786000
13.4400000000,1431.5000000000,0.2254028000
13.4600000000,1433.5000000000,0.2257271000
13.4800000000,1436.0000000000,0.2260513000
13.5000000000,1439.3330000000,0.2264175000
13.5200000000,1443.0000000000,0.2267418000
13.5400000000,1446.3330000000,0.2270660000
13.5600000000,1450.1670000000,0.2274303000
13.5800000000,1453.8330000000,0.2277565000
13.6000000000,1456.8330000000,0.2280807000
13.6200000000,1459.5000000000,0.2284451000
13.6400000000,1462.3330000000,0.2287693000
13.6600000000,1465.0000000000,0.2290936000
13.6800000000,1468.3330000000,0.2294178000
13.7000000000,1472.5000000000,0.2297840000
13.7200000000,1476.8330000000,0.2301083000
13.7400000000,1480.8330000000,0.2304325000
13.7600000000,1483.8330000000,0.2307568000
13.7800000000,1487.3330000000,0.2310810000
13.8000000000,1491.5000000000,0.2314453000
13.8200000000,1495.8330000000,0.2317715000
13.8400000000,1498.6670000000,0.2320957000
13.8600000000,1502.5000000000,0.2324200000
13.8800000000,1506.3330000000,0.2327843000
13.9000000000,1509.1670000000,0.2331085000
13.9200000000,1510.8330000000,0.2334328000
13.9400000000,1512.6670000000,0.2337990000
13.9600000000,1515.5000000000,0.2341232000
13.9800000000,1519.1670000000,0.2344475000
14.0000000000,1523.5000000000,0.2347717000
14.0200000000,1527.3330000000,0.2351360000
14.0400000000,1529.8330000000,0.2354603000
14.0600000000,1533.3330000000,0.2357845000
14.0800000000,1537.5000000000,0.2361107000
14.1000000000,1541.1670000000,0.2364349000
14.1200000000,1544.1670000000,0.2367592000
14.1400000000,1547.1670000000,0.2370834000
14.1600000000,1551.1670000000,0.2374477000
14.1800000000,1556.5000000000,0.2377720000
14.2000000000,1560.6670000000,0.2380962000
14.2200000000,1562.5000000000,0.2384624000
14.2400000000,1563.5000000000,0.2387867000
14.2600000000,1567.8330000000,0.2391109000
14.2800000000,1571.5000000000,0.2394352000
14.3000000000,1574.8330000000,0.2397995000
14.3200000000,1578.3330000000,0.2401257000
14.3400000000,1581.8330000000,0.2404499000
14.3600000000,1586.0000000000,0.2407742000
14.3800000000,1589.3330000000,0.2410984000
14.4000000000,1591.8330000000,0.2414227000
14.4200000000,1594.1670000000,0.2417870000
14.4400000000,1597.5000000000,0.2421112000
14.4600000000,1600.8330000000,0.2424374000
14.4800000000,1604.1670000000,0.2427616000
14.5000000000,1607.8330000000,0.2430859000
14.5200000000,1611.6670000000,0.2434502000
14.5400000000,1615.8330000000,0.2437744000
14.5600000000,1620.6670000000,0.2440987000
14.5800000000,1624.1670000000,0.2444649000
14.6000000000,1626.6670000000,0.2447891000
14.6200000000,1628.8330000000,0.2451134000
14.6400000000,1632.0000000000,0.2454376000
14.6600000000,1636.5000000000,0.2458019000
14.6800000000,1642.3330000000,0.2461262000
14.7000000000,1647.1670000000,0.2464523000
14.7200000000,1650.3330000000,0.2467766000
14.7400000000,1652.6670000000,0.2471008000
14.7600000000,1655.5000000000,0.2474251000
14.7800000000,1659.0000000000,0.2477493000
14.8000000000,1661.8330000000,0.2481136000
14.8200000000,1664.1670000000,0.2484379000
14.8400000000,1666.5000000000,0.2487621000
14.8600000000,1670.6670000000,0.2490883000
14.8800000000,1676.8330000000,0.2494526000
14.9000000000,1681.3330000000,0.2497768000
14.9200000000,1683.6670000000,0.2501011000
14.9400000000,1684.3330000000,0.2504253000
14.9600000000,1688.3330000000,0.2507915000
14.9800000000,1692.5000000000,0.2511158000
15.0000000000,1695.5000000000,0.2514400000
15.0200000000,1698.1670000000,0.2517643000
15.0400000000,1701.6670000000,0.2520885000
15.0600000000,1707.0000000000,0.2524128000
15.0800000000,1711.1670000000,0.2527370000
15.1000000000,1714.0000000000,0.2530613000
15.1200000000,1716.6670000000,0.2534275000
15.1400000000,1719.6670000000,0.2537518000
15.1600000000,1724.5000000000,0.2540760000
15.1800000000,1728.5000000000,0.2544003000
15.2000000000,1731.1670000000,0.2547646000
15.2200000000,1733.0000000000,0.2550888000
15.2400000000,1735.3330000000,0.2554150000
15.2600000000,1739.1670000000,0.2557392000
15.2800000000,1742.5000000000,0.2561035000
15.3000000000,1745.5000000000,0.2564278000
15.3200000000,1749.0000000000,0.2567520000
15.3400000000,1753.5000000000,0.2570763000
15.3600000000,1759.6670000000,0.2574005000
15.3800000000,1763.8330000000,0.2577248000
15.4000000000,1765.6670000000,0.2580509000
15.4200000000,1768.1670000000,0.2584152000
15.4400000000,1773.0000000000,0.2587395000
15.4600000000,1777.3330000000,0.2590637000
15.4800000000,1779.6670000000,0.2593880000
15.5000000000,1783.1670000000,0.2597122000
15.5200000000,1787.8330000000,0.2600784000
15.5400000000,1792.5000000000,0.2604027000
15.5600000000,1795.8330000000,0.2607269000
15.5800000000,1797.8330000000,0.2610912000
15.6000000000,1800.1670000000,0.2614155000
15.6200000000,1803.5000000000,0.2617397000
15.6400000000,1808.3330000000,0.2620659000
15.6600000000,1813.6670000000,0.2624302000
15.6800000000,1816.1670000000,0.2627544000
15.7000000000,1817.6670000000,0.2630787000
15.7200000000,1819.5000000000,0.2634029000
15.7400000000,1822.6670000000,0.2637272000
15.7600000000,1826.3330000000,0.2640514000
15.7800000000,1830.0000000000,0.2644176000
15.8000000000,1833.5000000000,0.2647419000
15.8200000000,1836.8330000000,0.2650661000
15.8400000000,1840.3330000000,0.2653904000
15.8600000000,1844.5000000000,0.2657547000
15.8800000000,1848.0000000000,0.2660809000
15.9000000000,1851.8330000000,0.2664051000
15.9200000000,1855.8330000000,0.2667694000
15.9400000000,1859.8330000000,0.2670937000
15.9600000000,1863.3330000000,0.2674179000
15.9800000000,1866.8330000000,0.2677422000
16.0000000000,1872.6670000000,0.2681084000
16.0200000000,1878.0000000000,0.2684326000
16.0400000000,1881.1670000000,0.2687569000
16.0600000000,1882.0000000000,0.2690811000
16.0800000000,1886.8330000000,0.2694054000
16.1000000000,1890.5000000000,0.2697697000
16.1200000000,1893.3330000000,0.2700958000
16.1400000000,1895.8330000000,0.2704201000
16.1600000000,1900.0000000000,0.2707443000
16.1800000000,1902.8330000000,0.2711086000
16.2000000000,1906.8330000000,0.2714329000
16.2200000000,1911.1670000000,0.2717571000
16.2400000000,1915.5000000000,0.2721233000
16.2600000000,1918.5000000000,0.2724476000
16.2800000000,1920.8330000000,0.2727718000
16.3000000000,1923.0000000000,0.2730961000
16.3200000000,1926.5000000000,0.2734604000
16.3400000000,1931.1670000000,0.2737846000
16.3600000000,1935.8330000000,0.2741108000
16.3800000000,1939.5000000000,0.2744350000
16.4000000000,1944.1670000000,0.2747593000
16.4200000000,1948.3330000000,0.2751236000
16.4400000000,1951.5000000000,0.2754478000
16.4600000000,1953.3330000000,0.2757721000
16.4800000000,1956.8330000000,0.2760963000
16.5000000000,1961.5000000000,0.2764206000
16.5200000000,1966.3330000000,0.2767868000
16.5400000000,1970.3330000000,0.2771111000
16.5600000000,1972.6670000000,0.2774353000
16.5800000000,1975.5000000000,0.2777996000
16.6000000000,1978.0000000000,0.2781239000
16.6200000000,1980.0000000000,0.2784500000
16.6400000000,1982.8330000000,0.2787743000
16.6600000000,1987.1670000000,0.2791386000
16.6800000000,1992.0000000000,0.2794628000
16.7000000000,1997.0000000000,0.2797871000
16.7200000000,2003.1670000000,0.2801113000
16.7400000000,2008.8330000000,0.2804356000
16.7600000000,2011.6670000000,0.2807617000
16.7800000000,2012.1670000000,0.2810860000
16.8000000000,2014.8330000000,0.2814503000
16.8200000000,2018.6670000000,0.2817745000
16.8400000000,2022.6670000000,0.2820988000
16.8600000000,2026.1670000000,0.2824230000
16.8800000000,2029.5000000000,0.2827892000
16.9000000000,2034.1670000000,0.2831135000
16.9200000000,2038.6670000000,0.2834377000
16.9400000000,2041.5000000000,0.2838020000
16.9600000000,2042.1670000000,0.2841263000
16.9800000000,2045.1670000000,0.2844505000
17.0000000000,2048.6670000000,0.2847767000
17.0200000000,2052.0000000000,0.2851009000
17.0400000000,2055.5000000000,0.2854252000
17.0600000000,2059.1670000000,0.2857494000
17.0800000000,2063.0000000000,0.2861137000
17.1000000000,2068.3330000000,0.2864380000
17.1200000000,2072.5000000000,0.2867622000
17.1400000000,2075.3330000000,0.2870865000
17.1600000000,2077.1670000000,0.2874126000
17.1800000000,2080.6670000000,0.2877769000
17.2000000000,2083.8330000000,0.2881012000
17.2200000000,2087.6670000000,0.2884254000
17.2400000000,2091.5000000000,0.2887917000
17.2600000000,2095.0000000000,0.2891159000
17.2800000000,2098.1670000000,0.2894402000
17.3000000000,2102.3330000000,0.2897644000
17.3200000000,2105.8330000000,0.2900887000
17.3400000000,2108.6670000000,0.2904530000
17.3600000000,2112.0000000000,0.2907772000
17.3800000000,2117.3330000000,0.2911015000
17.4000000000,2122.5000000000,0.2914276000
17.4200000000,2125.8330000000,0.2917519000
17.4400000000,2127.8330000000,0.2920761000
17.4600000000,2129.6670000000,0.2924004000
17.4800000000,2133.3330000000,0.2927647000
17.5000000000,2138.3330000000,0.2930889000
17.5200000000,2142.3330000000,0.2934132000
17.5400000000,2145.0000000000,0.2937393000
17.5600000000,2147.0000000000,0.2941036000
17.5800000000,2150.6670000000,0.2944279000
17.6000000000,2155.1670000000,0.2947521000
17.6200000000,2158.1670000000,0.2950764000
17.6400000000,2161.0000000000,0.2954426000
17.6600000000,2164.8330000000,0.2957668000
17.6800000000,2170.5000000000,0.2960911000
17.7000000000,2175.1670000000,0.2964153000
17.7200000000,2177.8330000000,0.2967396000
17.7400000000,2180.5000000000,0.2970638000
17.7600000000,2184.1670000000,0.2973881000
17.7800000000,2188.1670000000,0.2977543000
17.8000000000,2191.6670000000,0.2980785000
17.8200000000,2194.5000000000,0.2984028000
17.8400000000,2197.6670000000,0.2987270000
17.8600000000,2201.5000000000,0.2990913000
17.8800000000,2205.5000000000,0.2994156000
17.9000000000,2208.5000000000,0.2997398000
17.9200000000,2211.1670000000,0.3001060000
17.9400000000,2214.1670000000,0.3004303000
17.9600000000,2217.6670000000,0.3007545000
17.9800000000,2221.6670000000,0.3010788000
18.0000000000,2225.3330000000,0.3014030000
18.0200000000,2228.8330000000,0.3017693000
18.0400000000,2232.1670000000,0.3020935000
18.0600000000,2235.8330000000,0.3024178000
18.0800000000,2239.8330000000,0.3027420000
18.1000000000,2242.8330000000,0.3030663000
18.1200000000,2246.0000000000,0.3033905000
18.1400000000,2250.1670000000,0.3037548000
18.1600000000,2255.8330000000,0.3040791000
18.1800000000,2263.0000000000,0.3044052000
18.2000000000,2267.0000000000,0.3047295000
18.2200000000,2268.3330000000,0.3050938000
18.2400000000,2269.5000000000,0.3054180000
18.2600000000,2272.0000000000,0.3057423000
18.2800000000,2275.6670000000,0.3061085000
18.3000000000,2279.3330000000,0.3064327000
18.3200000000,2282.8330000000,0.3067570000
18.3400000000,2286.6670000000,0.3070812000
18.3600000000,2291.8330000000,0.3074055000
18.3800000000,2298.1670000000,0.3077698000
18.4000000000,2300.5000000000,0.3080940000
18.4200000000,2301.1670000000,0.3084202000
18.4400000000,2302.8330000000,0.3087444000
18.4600000000,2306.5000000000,0.3090687000
18.4800000000,2311.5000000000,0.3094330000
18.5000000000,2315.1670000000,0.3097572000
18.5200000000,2319.1670000000,0.3100815000
18.5400000000,2323.1670000000,0.3104477000
18.5600000000,2327.1670000000,0.3107719000
18.5800000000,2331.0000000000,0.3110962000
18.6000000000,2334.3330000000,0.3114204000
18.6200000000,2337.3330000000,0.3117847000
18.6400000000,2340.8330000000,0.3121090000
18.6600000000,2345.1670000000,0.3124352000
18.6800000000,2349.6670000000,0.3127594000
18.7000000000,2353.6670000000,0.3130836000
18.7200000000,2357.1670000000,0.3134480000
18.7400000000,2360.5000000000,0.3137722000
18.7600000000,2363.6670000000,0.3140965000
18.7800000000,2366.3330000000,0.3144207000
18.8000000000,2368.8330000000,0.3147449000
18.8200000000,2371.8330000000,0.3151112000
18.8400000000,2376.1670000000,0.3154354000
18.8600000000,2381.3330000000,0.3157597000
18.8800000000,2385.3330000000,0.3161240000
18.9000000000,2387.1670000000,0.3164501000
18.9200000000,2390.0000000000,0.3167744000
18.9400000000,2393.5000000000,0.3170986000
18.9600000000,2397.1670000000,0.3174629000
18.9800000000,2400.1670000000,0.3177872000
19.0000000000,2403.1670000000,0.3181114000
19.0200000000,2407.6670000000,0.3184357000
19.0400000000,2412.6670000000,0.3187599000
19.0600000000,2417.3330000000,0.3190861000
19.0800000000,2420.5000000000,0.3194504000
19.1000000000,2422.8330000000,0.3197746000
19.1200000000,2426.3330000000,0.3200989000
19.1400000000,2430.3330000000,0.3204231000
19.1600000000,2434.5000000000,0.3207474000
19.1800000000,2438.1670000000,0.3211136000
19.2000000000,2440.5000000000,0.3214378000
19.2200000000,2443.3330000000,0.3217621000
19.2400000000,2447.1670000000,0.3221264000
19.2600000000,2451.1670000000,0.3224506000
19.2800000000,2454.3330000000,0.3227749000
19.3000000000,2457.1670000000,0.3231010000
19.3200000000,2461.0000000000,0.3234253000
19.3400000000,2465.0000000000,0.3237896000
19.3600000000,2469.3330000000,0.3241138000
19.3800000000,2474.1670000000,0.3244381000
19.4000000000,2477.5000000000,0.3247623000
19.4200000000,2481.5000000000,0.3250866000
19.4400000000,2485.8330000000,0.3254128000
19.4600000000,2489.1670000000,0.3257771000
19.4800000000,2491.3330000000,0.3261013000
19.5000000000,2495.8330000000,0.3264256000
19.5200000000,2502.0000000000,0.3267498000
19.5400000000,2506.0000000000,0.3271160000
19.5600000000,2508.0000000000,0.3274403000
19.5800000000,2510.0000000000,0.3277645000
19.6000000000,2513.0000000000,0.3281288000
19.6200000000,2515.6670000000,0.3284531000
19.6400000000,2520.1670000000,0.3287773000
19.6600000000,2524.5000000000,0.3291016000
19.6800000000,2527.8330000000,0.3294277000
19.7000000000,2530.5000000000,0.3297520000
19.7200000000,2534.3330000000,0.3301163000
19.7400000000,2537.6670000000,0.3304405000
19.7600000000,2540.8330000000,0.3307648000
19.7800000000,2544.0000000000,0.3310890000
19.8000000000,2546.8330000000,0.3314133000
19.8200000000,2550.1670000000,0.3317795000
19.8400000000,2555.0000000000,0.3321037000
19.8600000000,2559.8330000000,0.3324280000
19.8800000000,2563.8330000000,0.3327522000
19.9000000000,2566.8330000000,0.3331165000
19.9200000000,2570.5000000000,0.3334408000
19.9400000000,2574.3330000000,0.3337669000
19.9600000000,2578.1670000000,0.3340912000
19.9800000000,2582.0000000000,0.3344555000
20.0000000000,2586.1670000000,0.3347797000
20.0200000000,2591.3330000000,0.3351040000
20.0400000000,2596.3330000000,0.3354282000
20.0600000000,2600.0000000000,0.3357525000
20.0800000000,2602.1670000000,0.3360786000
20.1000000000,2603.0000000000,0.3364029000
20.1200000000,2607.0000000000,0.3367271000
20.1400000000,2610.8330000000,0.3370514000
20.1600000000,2614.1670000000,0.3374157000
20.1800000000,2618.1670000000,0.3377399000
20.2000000000,2623.5000000000,0.3380642000
20.2200000000,2625.6670000000,0.3384304000
20.2400000000,2627.1670000000,0.3387547000
20.2600000000,2629.6670000000,0.3390789000
20.2800000000,2633.5000000000,0.3394032000
20.3000000000,2638.3330000000,0.3397675000
20.3200000000,2643.0000000000,0.3400936000
20.3400000000,2646.6670000000,0.3404179000
20.3600000000,2650.0000000000,0.3407421000
20.3800000000,2653.5000000000,0.3410664000
20.4000000000,2657.1670000000,0.3413906000
20.4200000000,2661.1670000000,0.3417149000
20.4400000000,2664.5000000000,0.3420792000
20.4600000000,2667.8330000000,0.3424034000
20.4800000000,2671.3330000000,0.3427296000
20.5000000000,2675.0000000000,0.3430538000
20.5200000000,2678.1670000000,0.3434181000
20.5400000000,2681.5000000000,0.3437424000
20.5600000000,2685.3330000000,0.3440666000
20.5800000000,2689.5000000000,0.3444328000
20.6000000000,2693.3330000000,0.3447571000
20.6200000000,2695.8330000000,0.3450813000
20.6400000000,2698.6670000000,0.3454056000
20.6600000000,2701.5000000000,0.3457699000
20.6800000000,2705.1670000000,0.3460941000
20.7000000000,2709.3330000000,0.3464184000
20.7200000000,2713.3330000000,0.3467445000
20.7400000000,2716.5000000000,0.3470688000
20.7600000000,2720.8330000000,0.3473930000
20.7800000000,2726.1670000000,0.3477573000
20.8000000000,2731.1670000000,0.3480816000
20.8200000000,2732.6670000000,0.3484058000
20.8400000000,2734.8330000000,0.3487301000
20.8600000000,2739.3330000000,0.3490963000
20.8800000000,2745.0000000000,0.3494205000
20.9000000000,2749.3330000000,0.3497448000
20.9200000000,2750.3330000000,0.3501091000
20.9400000000,2752.5000000000,0.3504333000
20.9600000000,2755.0000000000,0.3507595000
20.9800000000,2758.1670000000,0.3510838000
21.0000000000,2761.8330000000,0.3514481000
21.0200000000,2765.3330000000,0.3517723000
21.0400000000,2768.6670000000,0.3520966000
21.0600000000,2773.6670000000,0.3524208000
21.0800000000,2779.1670000000,0.3527451000
21.1000000000,2783.5000000000,0.3531113000
21.1200000000,2786.0000000000,0.3534355000
21.1400000000,2788.1670000000,0.3537598000
21.1600000000,2791.1670000000,0.3540840000
21.1800000000,2795.3330000000,0.3544483000
21.2000000000,2800.6670000000,0.3547745000
21.2200000000,2803.3330000000,0.3550987000
21.2400000000,2804.8330000000,0.3554630000
21.2600000000,2807.3330000000,0.3557873000
21.2800000000,2811.0000000000,0.3561115000
21.3000000000,2815.1670000000,0.3564358000
21.3200000000,2819.6670000000,0.3568020000
21.3400000000,2824.8330000000,0.3571262000
21.3600000000,2828.5000000000,0.3574505000
21.3800000000,2831.1670000000,0.3577747000
21.4000000000,2833.5000000000,0.3580990000
21.4200000000,2837.1670000000,0.3584232000
21.4400000000,2840.0000000000,0.3587894000
21.4600000000,2843.3330000000,0.3591137000
21.4800000000,2847.0000000000,0.3594379000
21.5000000000,2850.1670000000,0.3597622000
21.5200000000,2853.1670000000,0.3601265000
21.5400000000,2857.1670000000,0.3604507000
21.5600000000,2860.6670000000,0.3607750000
21.5800000000,2864.1670000000,0.3610992000
21.6000000000,2867.3330000000,0.3614655000
21.6200000000,2870.1670000000,0.3617897000
21.6400000000,2873.3330000000,0.3621140000
21.6600000000,2877.6670000000,0.3624382000
21.6800000000,2882.3330000000,0.3627625000
21.7000000000,2886.5000000000,0.3631287000
21.7200000000,2889.8330000000,0.3634529000
21.7400000000,2893.0000000000,0.3637772000
21.7600000000,2896.0000000000,0.3641014000
21.7800000000,2899.3330000000,0.3644257000
21.8000000000,2903.0000000000,0.3647499000
21.8200000000,2906.5000000000,0.3651142000
21.8400000000,2909.0000000000,0.3654404000
21.8600000000,2912.3330000000,0.3657646000
21.8800000000,2915.8330000000,0.3661289000
21.9000000000,2919.1670000000,0.3664532000
21.9200000000,2921.8330000000,0.3667774000
21.9400000000,2925.1670000000,0.3671436000
21.9600000000,2927.8330000000,0.3674679000
21.9800000000,2930.6670000000,0.3677921000
22.0000000000,2934.0000000000,0.3681164000
22.0200000000,2938.3330000000,0.3684406000
22.0400000000,2941.3330000000,0.3687649000
22.0600000000,2944.8330000000,0.3690891000
22.0800000000,2948.1670000000,0.3694134000
22.1000000000,2951.3330000000,0.3697796000
22.1200000000,2954.5000000000,0.3701038000
22.1400000000,2960.1670000000,0.3704281000
22.1600000000,2966.0000000000,0.3707523000
22.1800000000,2970.0000000000,0.3711166000
22.2000000000,2971.5000000000,0.3714409000
22.2200000000,2971.8330000000,0.3717670000
22.2400000000,2975.1670000000,0.3720913000
22.2600000000,2978.6670000000,0.3724556000
22.2800000000,2981.8330000000,0.3727798000
22.3000000000,2985.0000000000,0.3731041000
22.3200000000,2989.6670000000,0.3734283000
22.3400000000,2996.5000000000,0.3737526000
22.3600000000,2999.6670000000,0.3740768000
22.3800000000,3000.8330000000,0.3744431000
22.4000000000,3002.0000000000,0.3747673000
22.4200000000,3005.3330000000,0.3750916000
22.4400000000,3008.8330000000,0.3754158000
22.4600000000,3011.6670000000,0.3757401000
22.4800000000,3014.8330000000,0.3760643000
22.5000000000,3018.6670000000,0.3764305000
22.5200000000,3023.1670000000,0.3767548000
22.5400000000,3028.3330000000,0.3770790000
22.5600000000,3031.5000000000,0.3774033000
22.5800000000,3033.3330000000,0.3777676000
22.6000000000,3035.1670000000,0.3780918000
22.6200000000,3038.1670000000,0.3784180000
22.6400000000,3043.6670000000,0.3787422000
22.6600000000,3047.8330000000,0.3790665000
22.6800000000,3050.8330000000,0.3794308000
22.7000000000,3053.3330000000,0.3797550000
22.7200000000,3056.8330000000,0.3800793000
22.7400000000,3062.5000000000,0.3804035000
22.7600000000,3066.3330000000,0.3807297000
22.7800000000,3068.0000000000,0.3810539000
22.8000000000,3069.0000000000,0.3814182000
22.8200000000,3071.3330000000,0.3817425000
22.8400000000,3075.8330000000,0.3820667000
22.8600000000,3079.3330000000,0.3823910000
22.8800000000,3081.8330000000,0.3827572000
22.9000000000,3084.6670000000,0.3830814000
22.9200000000,3088.5000000000,0.3834057000
22.9400000000,3092.0000000000,0.3837299000
22.9600000000,3094.3330000000,0.3840942000
22.9800000000,3097.0000000000,0.3844185000
23.0000000000,3100.8330000000,0.3847427000
23.0200000000,3105.3330000000,0.3850689000
23.0400000000,3110.0000000000,0.3853931000
23.0600000000,3113.1670000000,0.3857174000
23.0800000000,3116.0000000000,0.3860817000
23.1000000000,3118.8330000000,0.3864059000
23.1200000000,3122.1670000000,0.3867302000
23.1400000000,3125.3330000000,0.3870544000
23.1600000000,3128.0000000000,0.3874207000
23.1800000000,3130.5000000000,0.3877449000
23.2000000000,3133.8330000000,0.3880692000
23.2200000000,3137.6670000000,0.3884335000
23.2400000000,3140.1670000000,0.3887577000
23.2600000000,3142.0000000000,0.3890839000
23.2800000000,3144.5000000000,0.3894081000
23.3000000000,3147.5000000000,0.3897724000
23.3200000000,3151.0000000000,0.3900967000
23.3400000000,3154.8330000000,0.3904209000
23.3600000000,3158.0000000000,0.3907452000
23.3800000000,3161.5000000000,0.3910694000
23.4000000000,3165.3330000000,0.3914356000
23.4200000000,3169.0000000000,0.3917599000
23.4400000000,3172.3330000000,0.3920841000
23.4600000000,3175.5000000000,0.3924084000
23.4800000000,3178.3330000000,0.3927326000
23.5000000000,3182.0000000000,0.3930988000
23.5200000000,3186.5000000000,0.3934231000
23.5400000000,3190.6670000000,0.3937874000
23.5600000000,3193.1670000000,0.3941116000
23.5800000000,3195.0000000000,0.3944359000
23.6000000000,3197.0000000000,0.3947601000
23.6200000000,3199.3330000000,0.3951263000
23.6400000000,3201.0000000000,0.3954506000
23.6600000000,3203.8330000000,0.3957748000
23.6800000000,3208.1670000000,0.3960991000
23.7000000000,3212.8330000000,0.3964233000
23.7200000000,3216.3330000000,0.3967876000
23.7400000000,3217.3330000000,0.3971138000
23.7600000000,3219.1670000000,0.3974380000
23.7800000000,3221.6670000000,0.3977623000
23.8000000000,3225.0000000000,0.3980865000
23.8200000000,3228.8330000000,0.3984509000
23.8400000000,3232.6670000000,0.3987751000
23.8600000000,3234.3330000000,0.3990993000
23.8800000000,3237.1670000000,0.3994656000
23.9000000000,3240.0000000000,0.3997898000
23.9200000000,3242.6670000000,0.4001141000
23.9400000000,3245.1670000000,0.4004383000
23.9600000000,3250.6670000000,0.4008026000
23.9800000000,3255.5000000000,0.4011288000
24.0000000000,3258.8330000000,0.4014530000
24.0200000000,3260.6670000000,0.4017773000
24.0400000000,3262.8330000000,0.4021015000
24.0600000000,3265.8330000000,0.4024258000
24.0800000000,3268.5000000000,0.4027901000
24.1000000000,3271.0000000000,0.4031143000
24.1200000000,3273.1670000000,0.4034386000
24.1400000000,3274.6670000000,0.4037647000
24.1600000000,3276.5000000000,0.4040890000
24.1800000000,3280.3330000000,0.4044533000
24.2000000000,3284.6670000000,0.4047775000
24.2200000000,3287.8330000000,0.4051018000
24.2400000000,3289.0000000000,0.4054680000
24.2600000000,3290.6670000000,0.4057922000
24.2800000000,3293.0000000000,0.4061165000
24.3000000000,3295.6670000000,0.4064407000
24.3200000000,3298.5000000000,0.4067650000
24.3400000000,3301.5000000000,0.4070892000
24.3600000000,3304.3330000000,0.4074535000
24.3800000000,3308.3330000000,0.4077797000
24.4000000000,3312.1670000000,0.4081039000
24.4200000000,3314.5000000000,0.4084282000
24.4400000000,3315.8330000000,0.4087524000
24.4600000000,3320.1670000000,0.4091167000
24.4800000000,3324.3330000000,0.4094410000
24.5000000000,3326.3330000000,0.4097652000
24.5200000000,3327.0000000000,0.4100914000
24.5400000000,3328.8330000000,0.4104557000
24.5600000000,3331.5000000000,0.4107800000
24.5800000000,3334.0000000000,0.4111042000
24.6000000000,3337.1670000000,0.4114285000
24.6200000000,3340.6670000000,0.4117947000
24.6400000000,3343.1670000000,0.4121189000
24.6600000000,3345.8330000000,0.4124432000
24.6800000000,3349.1670000000,0.4127674000
24.7000000000,3351.8330000000,0.4130917000
24.7200000000,3353.6670000000,0.4134159000
24.7400000000,3355.0000000000,0.4137402000
24.7600000000,3358.1670000000,0.4141064000
24.7800000000,3361.8330000000,0.4144306000
24.8000000000,3364.6670000000,0.4147549000
24.8200000000,3367.3330000000,0.4150791000
24.8400000000,3371.0000000000,0.4154034000
24.8600000000,3377.5000000000,0.4157677000
24.8800000000,3378.5000000000,0.4160919000
24.9000000000,3379.3330000000,0.4164162000
24.9200000000,3380.1670000000,0.4167824000
24.9400000000,3380.5000000000,0.4171066000
24.9600000000,3383.3330000000,0.4174309000
24.9800000000,3385.5000000000,0.4177551000
25.0000000000,3388.3330000000,0.4180794000
25.0200000000,3391.6670000000,0.4184036000
25.0400000000,3394.6670000000,0.4187279000
25.0600000000,3396.8330000000,0.4190540000
25.0800000000,3398.8330000000,0.4194183000
25.1000000000,3401.0000000000,0.4197426000
25.1200000000,3403.5000000000,0.4200668000
25.1400000000,3406.5000000000,0.4203911000
25.1600000000,3409.6670000000,0.4207573000
25.1800000000,3412.5000000000,0.4210815000
25.2000000000,3414.1670000000,0.4214058000
25.2200000000,3416.0000000000,0.4217300000
25.2400000000,3418.6670000000,0.4220943000
25.2600000000,3421.5000000000,0.4224186000
25.2800000000,3422.5000000000,0.4227428000
25.3000000000,3424.1670000000,0.4230690000
25.3200000000,3427.1670000000,0.4233932000
25.3400000000,3431.5000000000,0.4237576000
25.3600000000,3436.8330000000,0.4240818000
25.3800000000,3439.3330000000,0.4244061000
25.4000000000,3440.0000000000,0.4247303000
25.4200000000,3441.1670000000,0.4250546000
25.4400000000,3443.6670000000,0.4253788000
25.4600000000,3445.8330000000,0.4257450000
25.4800000000,3446.1670000000,0.4260693000
25.5000000000,3447.5000000000,0.4263935000
25.5200000000,3450.0000000000,0.4267578000
25.5400000000,3452.5000000000,0.4270840000
25.5600000000,3453.0000000000,0.4274082000
25.5800000000,3453.5000000000,0.4277725000
25.6000000000,3455.6670000000,0.4280968000
25.6200000000,3459.1670000000,0.4284210000
25.6400000000,3462.5000000000,0.4287453000
25.6600000000,3464.8330000000,0.4290695000
25.6800000000,3467.1670000000,0.4294357000
25.7000000000,3469.8330000000,0.4297600000
25.7200000000,3472.6670000000,0.4300842000
25.7400000000,3475.0000000000,0.4304085000
25.7600000000,3476.0000000000,0.4307327000
25.7800000000,3477.1670000000,0.4310970000
25.8000000000,3479.5000000000,0.4314232000
25.8200000000,3482.1670000000,0.4317474000
25.8400000000,3484.1670000000,0.4321117000
25.8600000000,3485.6670000000,0.4324360000
25.8800000000,3486.6670000000,0.4327602000
25.9000000000,3487.6670000000,0.4331264000
25.9200000000,3489.5000000000,0.4334507000
25.9400000000,3491.8330000000,0.4337749000
25.9600000000,3494.3330000000,0.4340992000
25.9800000000,3495.6670000000,0.4344635000
26.0000000000,3499.0000000000,0.4347878000
26.0200000000,3502.0000000000,0.4351120000
26.0400000000,3503.6670000000,0.4354382000
26.0600000000,3504.1670000000,0.4357624000
26.0800000000,3505.1670000000,0.4360867000
26.1000000000,3507.6670000000,0.4364510000
26.1200000000,3511.5000000000,0.4367752000
26.1400000000,3515.3330000000,0.4370995000
26.1600000000,3517.5000000000,0.4374237000
26.1800000000,3518.5000000000,0.4377899000
26.2000000000,3519.6670000000,0.4381142000
26.2200000000,3521.1670000000,0.4384384000
26.2400000000,3522.5000000000,0.4388027000
26.2600000000,3523.5000000000,0.4391270000
26.2800000000,3524.0000000000,0.4394531000
26.3000000000,3527.1670000000,0.4397774000
26.3200000000,3531.1670000000,0.4401016000
26.3400000000,3534.3330000000,0.4404659000
26.3600000000,3534.8330000000,0.4407902000
26.3800000000,3535.0000000000,0.4411144000
26.4000000000,3537.3330000000,0.4414387000
26.4200000000,3539.1670000000,0.4417648000
26.4400000000,3540.3330000000,0.4420891000
26.4600000000,3541.8330000000,0.4424534000
26.4800000000,3544.1670000000,0.4427776000
26.5000000000,3545.8330000000,0.4431019000
26.5200000000,3546.6670000000,0.4434681000
26.5400000000,3547.5000000000,0.4437923000
26.5600000000,3549.0000000000,0.4441166000
26.5800000000,3552.3330000000,0.4444408000
26.6000000000,3555.5000000000,0.4448051000
26.6200000000,3557.1670000000,0.4451294000
26.6400000000,3558.0000000000,0.4454536000
26.6600000000,3558.8330000000,0.4457779000
26.6800000000,3563.3330000000,0.4461040000
26.7000000000,3565.8330000000,0.4464283000
26.7200000000,3566.8330000000,0.4467525000
26.7400000000,3567.0000000000,0.4471169000
26.7600000000,3567.1670000000,0.4474411000
26.7800000000,3568.1670000000,0.4477654000
26.8000000000,3569.3330000000,0.4480896000
26.8200000000,3571.1670000000,0.4484558000
26.8400000000,3572.8330000000,0.4487801000
26.8600000000,3574.0000000000,0.4491043000
26.8800000000,3575.1670000000,0.4494286000
26.9000000000,3577.0000000000,0.4497929000
26.9200000000,3577.8330000000,0.4501190000
26.9400000000,3578.1670000000,0.4504433000
26.9600000000,3579.0000000000,0.4507675000
26.9800000000,3581.1670000000,0.4510918000
27.0000000000,3584.1670000000,0.4514160000
27.0200000000,3586.0000000000,0.4517803000
27.0400000000,3587.0000000000,0.4521046000
27.0600000000,3588.0000000000,0.4524307000
27.0800000000,3590.6670000000,0.4527550000
27.1000000000,3592.5000000000,0.4530792000
27.1200000000,3593.6670000000,0.4534035000
27.1400000000,3594.5000000000,0.4537678000
27.1600000000,3595.5000000000,0.4540920000
27.1800000000,3597.0000000000,0.4544163000
27.2000000000,3598.8330000000,0.4547424000
27.2200000000,3599.5000000000,0.4551067000
27.2400000000,3599.5000000000,0.4554310000
27.2600000000,3599.8330000000,0.4557552000
27.2800000000,3601.8330000000,0.4560795000
27.3000000000,3603.6670000000,0.4564457000
27.3200000000,3604.8330000000,0.4567699000
27.3400000000,3605.8330000000,0.4570942000
27.3600000000,3607.8330000000,0.4574184000
27.3800000000,3611.6670000000,0.4577427000
27.4000000000,3613.1670000000,0.4580669000
27.4200000000,3614.0000000000,0.4583912000
27.4400000000,3614.3330000000,0.4587154000
27.4600000000,3615.0000000000,0.4590816000
27.4800000000,3618.0000000000,0.4594059000
27.5000000000,3619.5000000000,0.4597301000
27.5200000000,3619.8330000000,0.4600544000
27.5400000000,3619.6670000000,0.4604187000
27.5600000000,3619.3330000000,0.4607430000
27.5800000000,3619.0000000000,0.4610672000
27.6000000000,3618.5000000000,0.4613934000
27.6200000000,3617.6670000000,0.4617577000
27.6400000000,3617.1670000000,0.4620819000
27.6600000000,3617.6670000000,0.4624062000
27.6800000000,3620.1670000000,0.4627304000
27.7000000000,3620.1670000000,0.4630547000
27.7200000000,3619.3330000000,0.4634209000
27.7400000000,3617.0000000000,0.4637451000
27.7600000000,3613.3330000000,0.4640694000
27.7800000000,3609.0000000000,0.4643936000
27.8000000000,3609.0000000000,0.4647179000
27.8200000000,3608.8330000000,0.4650822000
27.8400000000,3608.8330000000,0.4654083000
27.8600000000,3608.3330000000,0.4657326000
27.8800000000,3606.8330000000,0.4660969000
27.9000000000,3601.5000000000,0.4664211000
27.9200000000,3589.8330000000,0.4667454000
27.9400000000,3574.3330000000,0.4671116000
27.9600000000,3558.6670000000,0.4674358000
27.9800000000,3545.6670000000,0.4677601000
28.0000000000,3532.0000000000,0.4682064000
28.0200000000,3514.0000000000,0.4685707000
28.0400000000,2945.0000000000,0.4688549000
28.0600000000,1788.1670000000,0.4691792000
28.0800000000,419.8333000000,0.4694633000
28.1000000000,77.0000000000,0.4697876000
