"PlayTime","LoadValue","PositionValue"
"s","N","mm"
0.0000000000,6.5000000000,0.0013771060
0.0200000000,7.8333330000,0.0017032620
0.0400000000,8.5000000000,0.0020275120
0.0600000000,9.3333330000,0.0023517610
0.0800000000,10.5000000000,0.0026760100
0.1000000000,11.5000000000,0.0030002590
0.1200000000,11.8333300000,0.0033245090
0.1400000000,11.8333300000,0.0036487580
0.1600000000,11.1666700000,0.0040149690
0.1800000000,10.6666700000,0.0043392180
0.2000000000,10.8333300000,0.0046634670
0.2200000000,12.1666700000,0.0049877170
0.2400000000,13.1666700000,0.0053520200
0.2600000000,13.6666700000,0.0056762700
0.2800000000,13.8333300000,0.0060005190
0.3000000000,14.1666700000,0.0063667300
0.3200000000,15.1666700000,0.0066909790
0.3400000000,15.3333300000,0.0070552830
0.3600000000,13.5000000000,0.0073795320
0.3800000000,11.8333300000,0.0077037810
0.4000000000,11.8333300000,0.0080699920
0.4200000000,12.1666700000,0.0083942410
0.4400000000,12.1666700000,0.0087585450
0.4600000000,12.1666700000,0.0090827940
0.4800000000,12.5000000000,0.0094070430
0.5000000000,13.3333300000,0.0097332000
0.5200000000,14.5000000000,0.0100574500
0.5400000000,14.6666700000,0.0104217500
0.5600000000,13.1666700000,0.0107460000
0.5800000000,12.0000000000,0.0110702500
0.6000000000,12.0000000000,0.0113945000
0.6200000000,12.0000000000,0.0117187500
0.6400000000,12.1666700000,0.0120430000
0.6600000000,12.3333300000,0.0124092100
0.6800000000,14.1666700000,0.0127334600
0.7000000000,17.1666700000,0.0130577100
0.7200000000,17.1666700000,0.0133819600
0.7400000000,14.1666700000,0.0137462600
0.7600000000,13.3333300000,0.0140724200
0.7800000000,13.1666700000,0.0143966700
0.8000000000,13.0000000000,0.0147609700
0.8200000000,13.0000000000,0.0150852200
0.8400000000,13.0000000000,0.0154094700
0.8600000000,13.8333300000,0.0157337200
0.8800000000,15.5000000000,0.0160579700
0.9000000000,17.1666700000,0.0163841200
0.9200000000,17.1666700000,0.0167083700
0.9400000000,14.6666700000,0.0170726800
0.9600000000,12.6666700000,0.0173969300
0.9800000000,11.3333300000,0.0177211800
1.0000000000,10.6666700000,0.0180454300
1.0200000000,10.6666700000,0.0184116400
1.0400000000,12.1666700000,0.0187358900
1.0600000000,14.8333300000,0.0190601300
1.0800000000,16.3333300000,0.0193843800
1.1000000000,16.1666700000,0.0197486900
1.1200000000,15.3333300000,0.0200729400
1.1400000000,15.3333300000,0.0203990900
1.1600000000,15.5000000000,0.0207233400
1.1800000000,16.3333300000,0.0210876500
1.2000000000,17.1666700000,0.0214119000
1.2200000000,17.3333300000,0.0217361500
1.2400000000,17.8333300000,0.0220603900
1.2600000000,17.5000000000,0.0223846400
1.2800000000,17.3333300000,0.0227088900
1.3000000000,17.0000000000,0.0230350500
1.3200000000,16.0000000000,0.0233993500
1.3400000000,16.0000000000,0.0237236000
1.3600000000,16.0000000000,0.0240478500
1.3800000000,16.1666700000,0.0243721000
1.4000000000,16.3333300000,0.0247383100
1.4200000000,16.3333300000,0.0250625600
1.4400000000,16.0000000000,0.0253868100
1.4600000000,15.1666700000,0.0257110600
1.4800000000,14.5000000000,0.0260753600
1.5000000000,14.3333300000,0.0263996100
1.5200000000,14.5000000000,0.0267238600
1.5400000000,17.1666700000,0.0270500200
1.5600000000,17.6666700000,0.0273742700
1.5800000000,17.6666700000,0.0276985200
1.6000000000,17.5000000000,0.0280227700
1.6200000000,17.6666700000,0.0283470200
1.6400000000,18.6666700000,0.0287113200
1.6600000000,18.8333300000,0.0290355700
1.6800000000,18.6666700000,0.0293617200
1.7000000000,18.0000000000,0.0296859700
1.7200000000,17.3333300000,0.0300502800
1.7400000000,16.1666700000,0.0303745300
1.7600000000,16.0000000000,0.0306987800
1.7800000000,16.1666700000,0.0310230300
1.8000000000,16.8333300000,0.0313892400
1.8200000000,18.1666700000,0.0317134900
1.8400000000,19.1666700000,0.0320377300
1.8600000000,20.5000000000,0.0323619800
1.8800000000,20.8333300000,0.0326862300
1.9000000000,20.8333300000,0.0330104800
1.9200000000,21.0000000000,0.0333766900
1.9400000000,21.8333300000,0.0337009400
1.9600000000,22.0000000000,0.0340251900
1.9800000000,20.5000000000,0.0343494400
2.0000000000,19.1666700000,0.0346736900
2.0200000000,19.8333300000,0.0350379900
2.0400000000,23.3333300000,0.0353622400
2.0600000000,23.6666700000,0.0356864900
2.0800000000,23.5000000000,0.0360527000
2.1000000000,23.1666700000,0.0363769500
2.1200000000,22.6666700000,0.0367012000
2.1400000000,22.6666700000,0.0370254500
2.1600000000,22.3333300000,0.0373916600
2.1800000000,21.3333300000,0.0377159100
2.2000000000,20.3333300000,0.0380401600
2.2200000000,19.0000000000,0.0383644100
2.2400000000,16.5000000000,0.0386886600
2.2600000000,16.3333300000,0.0390129100
2.2800000000,16.3333300000,0.0393772100
2.3000000000,16.6666700000,0.0397014600
2.3200000000,17.3333300000,0.0400276200
2.3400000000,17.3333300000,0.0403518700
2.3600000000,19.3333300000,0.0407161700
2.3800000000,21.1666700000,0.0410404200
2.4000000000,23.3333300000,0.0413646700
2.4200000000,25.5000000000,0.0417308800
2.4400000000,25.5000000000,0.0420551300
2.4600000000,24.3333300000,0.0423793800
2.4800000000,23.8333300000,0.0427436800
2.5000000000,25.1666700000,0.0430679300
2.5200000000,27.5000000000,0.0433921800
2.5400000000,28.6666700000,0.0437164300
2.5600000000,28.6666700000,0.0440425900
2.5800000000,28.3333300000,0.0443668400
2.6000000000,27.6666700000,0.0447311400
2.6200000000,26.8333300000,0.0450553900
2.6400000000,25.6666700000,0.0453796400
2.6600000000,25.6666700000,0.0457038900
2.6800000000,26.5000000000,0.0460701000
2.7000000000,27.8333300000,0.0463943500
2.7200000000,29.0000000000,0.0467186000
2.7400000000,29.0000000000,0.0470829000
2.7600000000,28.3333300000,0.0474071500
2.7800000000,27.8333300000,0.0477314000
2.8000000000,27.6666700000,0.0480575600
2.8200000000,27.8333300000,0.0484218600
2.8400000000,27.8333300000,0.0487461100
2.8600000000,28.3333300000,0.0490703600
2.8800000000,28.5000000000,0.0493946100
2.9000000000,29.5000000000,0.0497188600
2.9200000000,31.3333300000,0.0500431100
2.9400000000,32.1666700000,0.0504093200
2.9600000000,32.6666700000,0.0507335700
2.9800000000,32.8333300000,0.0510578200
3.0000000000,32.6666700000,0.0513820600
3.0200000000,32.5000000000,0.0517463700
3.0400000000,32.5000000000,0.0520725300
3.0600000000,33.5000000000,0.0523967700
3.0800000000,33.8333300000,0.0527210200
3.1000000000,33.6666700000,0.0530853300
3.1200000000,33.3333300000,0.0534095800
3.1400000000,33.3333300000,0.0537338300
3.1600000000,34.6666700000,0.0540580700
3.1800000000,37.1666700000,0.0544242900
3.2000000000,38.5000000000,0.0547485400
3.2200000000,38.5000000000,0.0550727800
3.2400000000,38.5000000000,0.0553970300
3.2600000000,38.5000000000,0.0557212800
3.2800000000,39.5000000000,0.0560455300
3.3000000000,40.1666700000,0.0563697800
3.3200000000,40.3333300000,0.0567359900
3.3400000000,40.6666700000,0.0570602400
3.3600000000,41.3333300000,0.0573844900
3.3800000000,42.0000000000,0.0577087400
3.4000000000,42.8333300000,0.0580730400
3.4200000000,43.5000000000,0.0583972900
3.4400000000,43.5000000000,0.0587234500
3.4600000000,43.1666700000,0.0590877500
3.4800000000,43.1666700000,0.0594120000
3.5000000000,43.8333300000,0.0597362500
3.5200000000,44.8333300000,0.0600605000
3.5400000000,45.6666700000,0.0603847500
3.5600000000,48.6666700000,0.0607090000
3.5800000000,49.0000000000,0.0610351600
3.6000000000,48.8333300000,0.0613994600
3.6200000000,48.5000000000,0.0617237100
3.6400000000,48.0000000000,0.0620479600
3.6600000000,48.0000000000,0.0623722100
3.6800000000,48.0000000000,0.0627384200
3.7000000000,49.1666700000,0.0630626700
3.7200000000,51.1666700000,0.0633869200
3.7400000000,53.6666700000,0.0637111700
3.7600000000,54.1666700000,0.0640754700
3.7800000000,54.1666700000,0.0643997200
3.8000000000,54.1666700000,0.0647239700
3.8200000000,54.5000000000,0.0650501300
3.8400000000,55.6666700000,0.0653743700
3.8600000000,56.5000000000,0.0657386800
3.8800000000,56.8333300000,0.0660629300
3.9000000000,57.6666700000,0.0663871800
3.9200000000,59.0000000000,0.0667114300
3.9400000000,60.6666700000,0.0670356800
3.9600000000,60.6666700000,0.0673599200
3.9800000000,59.8333300000,0.0676860800
4.0000000000,59.5000000000,0.0680503800
4.0200000000,61.1666700000,0.0683746300
4.0400000000,64.6666600000,0.0686988800
4.0600000000,64.6666600000,0.0690631900
4.0800000000,64.5000000000,0.0693893400
4.1000000000,63.5000000000,0.0697135900
4.1200000000,62.6666700000,0.0700378400
4.1400000000,62.8333300000,0.0704021500
4.1600000000,63.3333300000,0.0707263900
4.1800000000,64.5000000000,0.0710506400
4.2000000000,66.5000000000,0.0713748900
4.2200000000,68.6666600000,0.0717010500
4.2400000000,70.6666600000,0.0720253000
4.2600000000,72.0000000000,0.0723495500
4.2800000000,72.1666600000,0.0726738000
4.3000000000,72.3333400000,0.0730381000
4.3200000000,72.8333400000,0.0733623500
4.3400000000,73.8333400000,0.0736866000
4.3600000000,74.1666600000,0.0740127600
4.3800000000,74.1666600000,0.0743770600
4.4000000000,74.1666600000,0.0747013100
4.4200000000,74.8333400000,0.0750255600
4.4400000000,76.0000000000,0.0753898600
4.4600000000,76.6666600000,0.0757160200
4.4800000000,77.3333400000,0.0760402700
4.5000000000,78.6666600000,0.0763645200
4.5200000000,80.8333400000,0.0766887700
4.5400000000,83.0000000000,0.0770530700
4.5600000000,83.0000000000,0.0773773200
4.5800000000,83.0000000000,0.0777015700
4.6000000000,83.5000000000,0.0780258200
4.6200000000,84.6666600000,0.0783519700
4.6400000000,86.0000000000,0.0786762200
4.6600000000,86.8333400000,0.0790405300
4.6800000000,87.3333400000,0.0793647800
4.7000000000,89.6666600000,0.0796890300
4.7200000000,91.3333400000,0.0800552400
4.7400000000,91.3333400000,0.0803794900
4.7600000000,91.3333400000,0.0807037400
4.7800000000,91.6666600000,0.0810680400
4.8000000000,92.8333400000,0.0813922900
4.8200000000,93.6666600000,0.0817165400
4.8400000000,94.5000000000,0.0820407900
4.8600000000,96.3333400000,0.0824070000
4.8800000000,97.3333400000,0.0827312500
4.9000000000,97.6666600000,0.0830555000
4.9200000000,97.8333400000,0.0833797500
4.9400000000,98.1666600000,0.0837039900
4.9600000000,98.8333400000,0.0840282400
4.9800000000,100.3333000000,0.0843944500
5.0000000000,101.8333000000,0.0847187000
5.0200000000,103.1667000000,0.0850429500
5.0400000000,104.5000000000,0.0854072600
5.0600000000,106.6667000000,0.0857315100
5.0800000000,109.8333000000,0.0860557600
5.1000000000,110.6667000000,0.0864219700
5.1200000000,111.0000000000,0.0867462200
5.1400000000,111.5000000000,0.0870704700
5.1600000000,111.8333000000,0.0873947100
5.1800000000,114.1667000000,0.0877189600
5.2000000000,115.5000000000,0.0880851700
5.2200000000,116.1667000000,0.0884094200
5.2400000000,116.6667000000,0.0887336700
5.2600000000,117.6667000000,0.0890579200
5.2800000000,118.3333000000,0.0893821700
5.3000000000,118.6667000000,0.0897064200
5.3200000000,119.1667000000,0.0900707200
5.3400000000,120.3333000000,0.0903968800
5.3600000000,121.5000000000,0.0907211300
5.3800000000,125.3333000000,0.0910854300
5.4000000000,126.0000000000,0.0914096800
5.4200000000,126.0000000000,0.0917339300
5.4400000000,125.8333000000,0.0920581800
5.4600000000,126.0000000000,0.0924243900
5.4800000000,127.5000000000,0.0927486400
5.5000000000,128.1667000000,0.0930728900
5.5200000000,128.8333000000,0.0933971400
5.5400000000,130.3333000000,0.0937213900
5.5600000000,133.0000000000,0.0940456400
5.5800000000,135.1667000000,0.0944118500
5.6000000000,135.5000000000,0.0947361000
5.6200000000,135.3333000000,0.0950603500
5.6400000000,135.1667000000,0.0953846000
5.6600000000,135.5000000000,0.0957088500
5.6800000000,138.1667000000,0.0960731500
5.7000000000,138.5000000000,0.0963974000
5.7200000000,139.1667000000,0.0967216500
5.7400000000,139.8333000000,0.0970878600
5.7600000000,140.0000000000,0.0974121100
5.7800000000,142.3333000000,0.0977363600
5.8000000000,143.1667000000,0.0980606100
5.8200000000,144.3333000000,0.0983848600
5.8400000000,146.5000000000,0.0987510700
5.8600000000,149.3333000000,0.0990753200
5.8800000000,150.1667000000,0.0993995700
5.9000000000,150.3333000000,0.0997238200
5.9200000000,151.1667000000,0.1000481000
5.9400000000,153.0000000000,0.1003723000
5.9600000000,155.0000000000,0.1006966000
5.9800000000,155.1667000000,0.1010628000
6.0000000000,155.6667000000,0.1013870000
6.0200000000,158.1667000000,0.1017113000
6.0400000000,161.0000000000,0.1020355000
6.0600000000,162.3333000000,0.1023998000
6.0800000000,162.3333000000,0.1027241000
6.1000000000,162.3333000000,0.1030483000
6.1200000000,164.3333000000,0.1034145000
6.1400000000,167.0000000000,0.1037388000
6.1600000000,168.5000000000,0.1040630000
6.1800000000,168.5000000000,0.1043873000
6.2000000000,166.5000000000,0.1047115000
6.2200000000,165.0000000000,0.1050358000
6.2400000000,164.3333000000,0.1053600000
6.2600000000,164.6667000000,0.1057262000
6.2800000000,166.8333000000,0.1060505000
6.3000000000,168.8333000000,0.1063747000
6.3200000000,169.5000000000,0.1066990000
6.3400000000,170.1667000000,0.1070232000
6.3600000000,171.6667000000,0.1073895000
6.3800000000,175.0000000000,0.1077137000
6.4000000000,176.8333000000,0.1080379000
6.4200000000,178.8333000000,0.1083622000
6.4400000000,180.1667000000,0.1087265000
6.4600000000,180.8333000000,0.1090508000
6.4800000000,180.8333000000,0.1093750000
6.5000000000,183.8333000000,0.1096992000
6.5200000000,186.3333000000,0.1100254000
6.5400000000,187.8333000000,0.1103897000
6.5600000000,188.5000000000,0.1107140000
6.5800000000,188.5000000000,0.1110382000
6.6000000000,188.5000000000,0.1113625000
6.6200000000,188.5000000000,0.1116867000
6.6400000000,189.0000000000,0.1120110000
6.6600000000,190.3333000000,0.1123371000
6.6800000000,191.5000000000,0.1127014000
6.7000000000,193.5000000000,0.1130257000
6.7200000000,196.1667000000,0.1133499000
6.7400000000,198.0000000000,0.1137142000
6.7600000000,198.3333000000,0.1140404000
6.7800000000,198.8333000000,0.1143646000
6.8000000000,200.1667000000,0.1146889000
6.8200000000,201.1667000000,0.1150131000
6.8400000000,202.0000000000,0.1153774000
6.8600000000,202.6667000000,0.1157017000
6.8800000000,204.0000000000,0.1160259000
6.9000000000,207.5000000000,0.1163521000
6.9200000000,209.5000000000,0.1166763000
6.9400000000,210.3333000000,0.1170406000
6.9600000000,210.8333000000,0.1173649000
6.9800000000,212.5000000000,0.1176891000
7.0000000000,215.0000000000,0.1180134000
7.0200000000,216.5000000000,0.1183796000
7.0400000000,217.6667000000,0.1187038000
7.0600000000,218.8333000000,0.1190281000
7.0800000000,219.6667000000,0.1193924000
7.1000000000,221.0000000000,0.1197166000
7.1200000000,222.6667000000,0.1200409000
7.1400000000,223.8333000000,0.1204071000
7.1600000000,224.6667000000,0.1207314000
7.1800000000,226.5000000000,0.1210556000
7.2000000000,231.1667000000,0.1213799000
7.2200000000,233.1667000000,0.1217041000
7.2400000000,234.3333000000,0.1220703000
7.2600000000,235.3333000000,0.1223946000
7.2800000000,236.0000000000,0.1227188000
7.3000000000,237.6667000000,0.1230431000
7.3200000000,238.6667000000,0.1233673000
7.3400000000,239.8333000000,0.1237316000
7.3600000000,241.3333000000,0.1240559000
7.3800000000,243.3333000000,0.1243801000
7.4000000000,247.6667000000,0.1247463000
7.4200000000,248.6667000000,0.1250706000
7.4400000000,249.0000000000,0.1253948000
7.4600000000,249.8333000000,0.1257591000
7.4800000000,251.5000000000,0.1260853000
7.5000000000,253.6667000000,0.1264095000
7.5200000000,255.3333000000,0.1267338000
7.5400000000,257.0000000000,0.1270580000
7.5600000000,259.1667000000,0.1273823000
7.5800000000,262.3333000000,0.1277065000
7.6000000000,262.3333000000,0.1280708000
7.6200000000,262.6667000000,0.1283951000
7.6400000000,263.1667000000,0.1287212000
7.6600000000,263.8333000000,0.1290455000
7.6800000000,264.6667000000,0.1294098000
7.7000000000,267.3333000000,0.1297340000
7.7200000000,270.5000000000,0.1300583000
7.7400000000,274.0000000000,0.1304245000
7.7600000000,277.3333000000,0.1307487000
7.7800000000,279.1667000000,0.1310730000
7.8000000000,279.3333000000,0.1313972000
7.8200000000,279.8333000000,0.1317215000
7.8400000000,281.6667000000,0.1320858000
7.8600000000,285.1667000000,0.1324100000
7.8800000000,289.8333000000,0.1327362000
7.9000000000,290.0000000000,0.1330605000
7.9200000000,290.5000000000,0.1333847000
7.9400000000,291.5000000000,0.1337090000
7.9600000000,293.1667000000,0.1340733000
7.9800000000,295.6667000000,0.1343975000
8.0000000000,298.0000000000,0.1347218000
8.0200000000,299.5000000000,0.1350479000
8.0400000000,301.5000000000,0.1354122000
8.0600000000,304.0000000000,0.1357365000
8.0800000000,306.0000000000,0.1360607000
8.1000000000,306.3333000000,0.1364250000
8.1200000000,307.3333000000,0.1367512000
8.1400000000,309.1667000000,0.1370754000
8.1600000000,311.8333000000,0.1373997000
8.1800000000,314.6667000000,0.1377239000
8.2000000000,317.5000000000,0.1380482000
8.2200000000,319.6667000000,0.1384125000
8.2400000000,321.5000000000,0.1387367000
8.2600000000,323.0000000000,0.1390610000
8.2800000000,324.1667000000,0.1393871000
8.3000000000,325.8333000000,0.1397114000
8.3200000000,328.1667000000,0.1400757000
8.3400000000,329.1667000000,0.1403999000
8.3600000000,330.3333000000,0.1407242000
8.3800000000,332.5000000000,0.1410484000
8.4000000000,334.6667000000,0.1414146000
8.4200000000,336.5000000000,0.1417389000
8.4400000000,339.5000000000,0.1420631000
8.4600000000,342.5000000000,0.1423874000
8.4800000000,344.0000000000,0.1427517000
8.5000000000,345.1667000000,0.1430759000
8.5200000000,346.6667000000,0.1434021000
8.5400000000,348.5000000000,0.1437263000
8.5600000000,350.6667000000,0.1440506000
8.5800000000,352.6667000000,0.1443748000
8.6000000000,354.3333000000,0.1446991000
8.6200000000,358.3333000000,0.1450233000
8.6400000000,361.6667000000,0.1453876000
8.6600000000,364.1667000000,0.1457138000
8.6800000000,365.8333000000,0.1460381000
8.7000000000,367.8333000000,0.1464024000
8.7200000000,369.0000000000,0.1467266000
8.7400000000,371.0000000000,0.1470509000
8.7600000000,372.6667000000,0.1473751000
8.7800000000,374.1667000000,0.1477413000
8.8000000000,375.3333000000,0.1480656000
8.8200000000,380.0000000000,0.1483898000
8.8400000000,384.3333000000,0.1487141000
8.8600000000,386.6667000000,0.1490383000
8.8800000000,386.6667000000,0.1493626000
8.9000000000,386.6667000000,0.1496868000
8.9200000000,386.6667000000,0.1500111000
8.9400000000,389.3333000000,0.1503773000
8.9600000000,393.0000000000,0.1507015000
8.9800000000,396.3333000000,0.1510258000
9.0000000000,398.3333000000,0.1513500000
9.0200000000,401.3333000000,0.1517143000
9.0400000000,404.6667000000,0.1520386000
9.0600000000,407.6667000000,0.1523647000
9.0800000000,409.8333000000,0.1526890000
9.1000000000,411.8333000000,0.1530533000
9.1200000000,415.3333000000,0.1533775000
9.1400000000,417.6667000000,0.1537018000
9.1600000000,419.5000000000,0.1540260000
9.1800000000,422.0000000000,0.1543503000
9.2000000000,425.5000000000,0.1546764000
9.2200000000,429.1667000000,0.1550407000
9.2400000000,430.6667000000,0.1553650000
9.2600000000,431.5000000000,0.1556892000
9.2800000000,432.5000000000,0.1560135000
9.3000000000,434.1667000000,0.1563377000
9.3200000000,436.8333000000,0.1567039000
9.3400000000,439.8333000000,0.1570282000
9.3600000000,441.5000000000,0.1573524000
9.3800000000,442.6667000000,0.1577168000
9.4000000000,444.6667000000,0.1580410000
9.4200000000,447.8333000000,0.1583652000
9.4400000000,450.0000000000,0.1587315000
9.4600000000,451.8333000000,0.1590557000
9.4800000000,454.3333000000,0.1593800000
9.5000000000,458.0000000000,0.1597042000
9.5200000000,461.5000000000,0.1600285000
9.5400000000,463.8333000000,0.1603527000
9.5600000000,466.3333000000,0.1607189000
9.5800000000,469.3333000000,0.1610432000
9.6000000000,472.6667000000,0.1613674000
9.6200000000,475.0000000000,0.1616917000
9.6400000000,477.5000000000,0.1620560000
9.6600000000,479.6667000000,0.1623802000
9.6800000000,481.3333000000,0.1627064000
9.7000000000,482.1667000000,0.1630707000
9.7200000000,484.6667000000,0.1633949000
9.7400000000,487.5000000000,0.1637192000
9.7600000000,489.6667000000,0.1640835000
9.7800000000,491.5000000000,0.1644096000
9.8000000000,493.6667000000,0.1647339000
9.8200000000,497.0000000000,0.1650581000
9.8400000000,500.0000000000,0.1653824000
9.8600000000,502.8333000000,0.1657066000
9.8800000000,506.0000000000,0.1660709000
9.9000000000,509.5000000000,0.1663952000
9.9200000000,511.3333000000,0.1667194000
9.9400000000,513.3333000000,0.1670456000
9.9600000000,516.3333000000,0.1673698000
9.9800000000,520.3333000000,0.1677341000
10.0000000000,525.0000000000,0.1680584000
10.0200000000,528.1667000000,0.1683826000
10.0400000000,530.1667000000,0.1687489000
10.0600000000,532.5000000000,0.1690731000
10.0800000000,535.1667000000,0.1693974000
10.1000000000,537.6667000000,0.1697216000
10.1200000000,538.0000000000,0.1700859000
10.1400000000,540.6667000000,0.1704102000
10.1600000000,544.8333000000,0.1707344000
10.1800000000,547.8333000000,0.1710606000
10.2000000000,548.1667000000,0.1713848000
10.2200000000,549.0000000000,0.1717091000
10.2400000000,551.5000000000,0.1720734000
10.2600000000,552.8333000000,0.1723976000
10.2800000000,554.5000000000,0.1727219000
10.3000000000,557.6667000000,0.1730461000
10.3200000000,561.8333000000,0.1734123000
10.3400000000,564.6667000000,0.1737366000
10.3600000000,568.1667000000,0.1740608000
10.3800000000,571.5000000000,0.1743851000
10.4000000000,573.6667000000,0.1747494000
10.4200000000,574.8333000000,0.1750755000
10.4400000000,577.3333000000,0.1753998000
10.4600000000,581.5000000000,0.1757641000
10.4800000000,586.1667000000,0.1760883000
10.5000000000,590.0000000000,0.1764126000
10.5200000000,592.5000000000,0.1767368000
10.5400000000,596.0000000000,0.1770611000
10.5600000000,598.1667000000,0.1773872000
10.5800000000,599.0000000000,0.1777115000
10.6000000000,599.5000000000,0.1780758000
10.6200000000,602.0000000000,0.1784000000
10.6400000000,605.6667000000,0.1787243000
10.6600000000,608.8333000000,0.1790485000
10.6800000000,611.5000000000,0.1794147000
10.7000000000,614.0000000000,0.1797390000
10.7200000000,616.6667000000,0.1800632000
10.7400000000,618.1667000000,0.1803875000
10.7600000000,620.1667000000,0.1807518000
10.7800000000,622.6667000000,0.1810760000
10.8000000000,625.6667000000,0.1814003000
10.8200000000,628.5000000000,0.1817265000
10.8400000000,631.1667000000,0.1820507000
10.8600000000,633.6667000000,0.1823750000
10.8800000000,636.0000000000,0.1826992000
10.9000000000,638.8333000000,0.1830635000
10.9200000000,642.8333000000,0.1833878000
10.9400000000,646.8333000000,0.1837120000
10.9600000000,649.3333000000,0.1840382000
10.9800000000,651.1667000000,0.1843624000
11.0000000000,652.8333000000,0.1847267000
11.0200000000,654.0000000000,0.1850510000
11.0400000000,656.3333000000,0.1853752000
11.0600000000,659.0000000000,0.1856995000
11.0800000000,661.3333000000,0.1860657000
11.1000000000,663.5000000000,0.1863899000
11.1200000000,666.5000000000,0.1867142000
11.1400000000,669.5000000000,0.1870384000
11.1600000000,672.3333000000,0.1874027000
11.1800000000,675.6667000000,0.1877270000
11.2000000000,679.5000000000,0.1880531000
11.2200000000,683.3333000000,0.1883774000
11.2400000000,685.6667000000,0.1887016000
11.2600000000,687.1667000000,0.1890259000
11.2800000000,688.1667000000,0.1893501000
11.3000000000,690.1667000000,0.1896744000
11.3200000000,695.0000000000,0.1900387000
11.3400000000,697.6667000000,0.1903629000
11.3600000000,698.8333000000,0.1906891000
11.3800000000,701.1667000000,0.1910534000
11.4000000000,705.0000000000,0.1913776000
11.4200000000,709.0000000000,0.1917019000
11.4400000000,710.1667000000,0.1920261000
11.4600000000,711.5000000000,0.1923504000
11.4800000000,713.3333000000,0.1927166000
11.5000000000,716.5000000000,0.1930408000
11.5200000000,721.8333000000,0.1933651000
11.5400000000,725.8333000000,0.1936893000
11.5600000000,726.6667000000,0.1940136000
11.5800000000,726.8333000000,0.1943378000
11.6000000000,728.3333000000,0.1946621000
11.6200000000,731.8333000000,0.1950283000
11.6400000000,734.8333000000,0.1953526000
11.6600000000,737.1667000000,0.1956768000
11.6800000000,740.3333000000,0.1960411000
11.7000000000,744.3333000000,0.1963654000
11.7200000000,749.0000000000,0.1966896000
11.7400000000,750.5000000000,0.1970558000
11.7600000000,750.8333000000,0.1973801000
11.7800000000,753.5000000000,0.1977043000
11.8000000000,757.0000000000,0.1980286000
11.8200000000,759.6667000000,0.1983528000
11.8400000000,762.1667000000,0.1987190000
11.8600000000,766.5000000000,0.1990433000
11.8800000000,769.3333000000,0.1993675000
11.9000000000,771.1667000000,0.1996918000
11.9200000000,773.5000000000,0.2000160000
11.9400000000,776.6667000000,0.2003803000
11.9600000000,778.3333000000,0.2007046000
11.9800000000,780.0000000000,0.2010307000
12.0000000000,782.3333000000,0.2013550000
12.0200000000,785.8333000000,0.2017193000
12.0400000000,789.6667000000,0.2020435000
12.0600000000,791.8333000000,0.2024078000
12.0800000000,794.6667000000,0.2027340000
12.1000000000,797.1667000000,0.2030582000
12.1200000000,799.3333000000,0.2034225000
12.1400000000,801.1667000000,0.2037468000
12.1600000000,804.6667000000,0.2040710000
12.1800000000,808.6667000000,0.2043953000
12.2000000000,812.3333000000,0.2047195000
12.2200000000,815.3333000000,0.2050457000
12.2400000000,817.8333000000,0.2054100000
12.2600000000,821.3333000000,0.2057343000
12.2800000000,824.0000000000,0.2060585000
12.3000000000,826.3333000000,0.2063828000
12.3200000000,828.6667000000,0.2067490000
12.3400000000,831.8333000000,0.2070732000
12.3600000000,835.1667000000,0.2073975000
12.3800000000,837.0000000000,0.2077618000
12.4000000000,838.0000000000,0.2080860000
12.4200000000,839.5000000000,0.2084103000
12.4400000000,842.3333000000,0.2087345000
12.4600000000,846.8333000000,0.2091007000
12.4800000000,850.6667000000,0.2094250000
12.5000000000,853.1667000000,0.2097492000
12.5200000000,855.0000000000,0.2100735000
12.5400000000,858.0000000000,0.2103977000
12.5600000000,861.8333000000,0.2107220000
12.5800000000,864.5000000000,0.2110462000
12.6000000000,866.5000000000,0.2113705000
12.6200000000,868.5000000000,0.2117367000
12.6400000000,872.3333000000,0.2120609000
12.6600000000,878.5000000000,0.2123852000
12.6800000000,881.3333000000,0.2127495000
12.7000000000,882.5000000000,0.2130737000
12.7200000000,883.3333000000,0.2133999000
12.7400000000,884.8333000000,0.2137241000
12.7600000000,889.0000000000,0.2140884000
12.7800000000,892.6667000000,0.2144127000
12.8000000000,895.6667000000,0.2147369000
12.8200000000,898.1667000000,0.2150612000
12.8400000000,901.1667000000,0.2153854000
12.8600000000,903.0000000000,0.2157116000
12.8800000000,904.6667000000,0.2160759000
12.9000000000,907.0000000000,0.2164001000
12.9200000000,909.8333000000,0.2167244000
12.9400000000,912.1667000000,0.2170486000
12.9600000000,915.0000000000,0.2173729000
12.9800000000,918.5000000000,0.2177391000
13.0000000000,921.8333000000,0.2180634000
13.0200000000,925.5000000000,0.2183876000
13.0400000000,929.8333000000,0.2187519000
13.0600000000,934.0000000000,0.2190762000
13.0800000000,936.3333000000,0.2194004000
13.1000000000,938.0000000000,0.2197266000
13.1200000000,939.8333000000,0.2200909000
13.1400000000,943.5000000000,0.2204151000
13.1600000000,948.6667000000,0.2207394000
13.1800000000,951.3333000000,0.2210636000
13.2000000000,953.0000000000,0.2213879000
13.2200000000,955.3333000000,0.2217121000
13.2400000000,960.3333000000,0.2220364000
13.2600000000,963.5000000000,0.2223625000
13.2800000000,964.8333000000,0.2227268000
13.3000000000,967.1667000000,0.2230511000
13.3200000000,970.6667000000,0.2233753000
13.3400000000,974.3333000000,0.2236996000
13.3600000000,977.1667000000,0.2240658000
13.3800000000,979.0000000000,0.2243900000
13.4000000000,980.6667000000,0.2247143000
13.4200000000,982.5000000000,0.2250385000
13.4400000000,984.3333000000,0.2254028000
13.4600000000,987.3333000000,0.2257271000
13.4800000000,991.6667000000,0.2260513000
13.5000000000,995.6667000000,0.2263775000
13.5200000000,999.5000000000,0.2267017000
13.5400000000,1003.1670000000,0.2270260000
13.5600000000,1007.0000000000,0.2273502000
13.5800000000,1009.8330000000,0.2276745000
13.6000000000,1012.5000000000,0.2280388000
13.6200000000,1015.0000000000,0.2283630000
13.6400000000,1017.3330000000,0.2286892000
13.6600000000,1020.0000000000,0.2290134000
13.6800000000,1022.8330000000,0.2293777000
13.7000000000,1025.1670000000,0.2297020000
13.7200000000,1027.8330000000,0.2300262000
13.7400000000,1031.5000000000,0.2303925000
13.7600000000,1034.5000000000,0.2307167000
13.7800000000,1037.0000000000,0.2310410000
13.8000000000,1040.5000000000,0.2313652000
13.8200000000,1044.8330000000,0.2316895000
13.8400000000,1049.6670000000,0.2320137000
13.8600000000,1052.1670000000,0.2323780000
13.8800000000,1054.5000000000,0.2327042000
13.9000000000,1057.0000000000,0.2330284000
13.9200000000,1059.6670000000,0.2333527000
13.9400000000,1062.6670000000,0.2336769000
13.9600000000,1066.0000000000,0.2340012000
13.9800000000,1069.8330000000,0.2343655000
14.0000000000,1074.0000000000,0.2346897000
14.0200000000,1078.1670000000,0.2350140000
14.0400000000,1081.0000000000,0.2353802000
14.0600000000,1082.5000000000,0.2357044000
14.0800000000,1085.3330000000,0.2360287000
14.1000000000,1089.5000000000,0.2363930000
14.1200000000,1093.8330000000,0.2367172000
14.1400000000,1097.0000000000,0.2370434000
14.1600000000,1099.1670000000,0.2373676000
14.1800000000,1100.3330000000,0.2376919000
14.2000000000,1101.6670000000,0.2380562000
14.2200000000,1103.5000000000,0.2383804000
14.2400000000,1105.8330000000,0.2387047000
14.2600000000,1109.8330000000,0.2390289000
14.2800000000,1113.1670000000,0.2393551000
14.3000000000,1116.1670000000,0.2397194000
14.3200000000,1119.8330000000,0.2400436000
14.3400000000,1124.0000000000,0.2403679000
14.3600000000,1127.6670000000,0.2407322000
14.3800000000,1132.0000000000,0.2410583000
14.4000000000,1136.3330000000,0.2413826000
14.4200000000,1139.8330000000,0.2417469000
14.4400000000,1142.1670000000,0.2420712000
14.4600000000,1144.5000000000,0.2423954000
14.4800000000,1149.1670000000,0.2427197000
14.5000000000,1154.0000000000,0.2430439000
14.5200000000,1157.8330000000,0.2434101000
14.5400000000,1160.0000000000,0.2437344000
14.5600000000,1161.5000000000,0.2440586000
14.5800000000,1163.6670000000,0.2443829000
14.6000000000,1166.5000000000,0.2447071000
14.6200000000,1169.3330000000,0.2450733000
14.6400000000,1172.1670000000,0.2453976000
14.6600000000,1175.8330000000,0.2457218000
14.6800000000,1180.8330000000,0.2460461000
14.7000000000,1185.1670000000,0.2464104000
14.7200000000,1188.1670000000,0.2467346000
14.7400000000,1189.8330000000,0.2470589000
14.7600000000,1190.8330000000,0.2474251000
14.7800000000,1193.6670000000,0.2477493000
14.8000000000,1196.5000000000,0.2480736000
14.8200000000,1199.8330000000,0.2483978000
14.8400000000,1203.6670000000,0.2487221000
14.8600000000,1208.8330000000,0.2490463000
14.8800000000,1214.0000000000,0.2493706000
14.9000000000,1217.8330000000,0.2497368000
14.9200000000,1220.0000000000,0.2500610000
14.9400000000,1221.6670000000,0.2503853000
14.9600000000,1224.5000000000,0.2507095000
14.9800000000,1228.5000000000,0.2510738000
15.0000000000,1231.8330000000,0.2514000000
15.0200000000,1234.5000000000,0.2517242000
15.0400000000,1236.8330000000,0.2520885000
15.0600000000,1238.5000000000,0.2524128000
15.0800000000,1242.1670000000,0.2527370000
15.1000000000,1245.6670000000,0.2530613000
15.1200000000,1248.6670000000,0.2533855000
15.1400000000,1251.8330000000,0.2537518000
15.1600000000,1257.0000000000,0.2540760000
15.1800000000,1261.8330000000,0.2544003000
15.2000000000,1264.5000000000,0.2547245000
15.2200000000,1266.6670000000,0.2550488000
15.2400000000,1269.3330000000,0.2553730000
15.2600000000,1273.1670000000,0.2557392000
15.2800000000,1276.5000000000,0.2560635000
15.3000000000,1280.1670000000,0.2563877000
15.3200000000,1283.6670000000,0.2567120000
15.3400000000,1287.6670000000,0.2570763000
15.3600000000,1293.0000000000,0.2574005000
15.3800000000,1296.6670000000,0.2577248000
15.4000000000,1297.3330000000,0.2580509000
15.4200000000,1298.5000000000,0.2584152000
15.4400000000,1301.1670000000,0.2587395000
15.4600000000,1305.3330000000,0.2590637000
15.4800000000,1309.1670000000,0.2593880000
15.5000000000,1311.8330000000,0.2597122000
15.5200000000,1315.3330000000,0.2600365000
15.5400000000,1319.6670000000,0.2603626000
15.5600000000,1324.6670000000,0.2607269000
15.5800000000,1327.0000000000,0.2610512000
15.6000000000,1328.6670000000,0.2613754000
15.6200000000,1330.8330000000,0.2616997000
15.6400000000,1333.5000000000,0.2620659000
15.6600000000,1336.8330000000,0.2623901000
15.6800000000,1341.3330000000,0.2627144000
15.7000000000,1344.5000000000,0.2630386000
15.7200000000,1347.5000000000,0.2634029000
15.7400000000,1351.1670000000,0.2637272000
15.7600000000,1355.5000000000,0.2640514000
15.7800000000,1359.0000000000,0.2643757000
15.8000000000,1362.3330000000,0.2647018000
15.8200000000,1366.3330000000,0.2650661000
15.8400000000,1371.3330000000,0.2653904000
15.8600000000,1376.3330000000,0.2657146000
15.8800000000,1378.6670000000,0.2660389000
15.9000000000,1381.0000000000,0.2663631000
15.9200000000,1383.5000000000,0.2666874000
15.9400000000,1385.8330000000,0.2670135000
15.9600000000,1387.6670000000,0.2673779000
15.9800000000,1391.6670000000,0.2677021000
16.0000000000,1395.3330000000,0.2680264000
16.0200000000,1398.8330000000,0.2683506000
16.0400000000,1402.1670000000,0.2687168000
16.0600000000,1405.0000000000,0.2690411000
16.0800000000,1407.5000000000,0.2693653000
16.1000000000,1411.0000000000,0.2696896000
16.1200000000,1414.1670000000,0.2700539000
16.1400000000,1417.0000000000,0.2703781000
16.1600000000,1420.0000000000,0.2707024000
16.1800000000,1423.6670000000,0.2710285000
16.2000000000,1428.1670000000,0.2713528000
16.2200000000,1433.5000000000,0.2716770000
16.2400000000,1437.5000000000,0.2720413000
16.2600000000,1439.8330000000,0.2723656000
16.2800000000,1442.8330000000,0.2726898000
16.3000000000,1448.8330000000,0.2730141000
16.3200000000,1452.5000000000,0.2733803000
16.3400000000,1453.8330000000,0.2737045000
16.3600000000,1454.3330000000,0.2740288000
16.3800000000,1456.3330000000,0.2743530000
16.4000000000,1460.6670000000,0.2747173000
16.4200000000,1464.8330000000,0.2750435000
16.4400000000,1468.3330000000,0.2753677000
16.4600000000,1471.5000000000,0.2756920000
16.4800000000,1475.1670000000,0.2760563000
16.5000000000,1479.1670000000,0.2763805000
16.5200000000,1482.8330000000,0.2767048000
16.5400000000,1486.1670000000,0.2770290000
16.5600000000,1489.0000000000,0.2773533000
16.5800000000,1491.6670000000,0.2776794000
16.6000000000,1498.1670000000,0.2780437000
16.6200000000,1504.3330000000,0.2783680000
16.6400000000,1507.8330000000,0.2786922000
16.6600000000,1509.1670000000,0.2790565000
16.6800000000,1511.5000000000,0.2793827000
16.7000000000,1513.8330000000,0.2797070000
16.7200000000,1515.8330000000,0.2800713000
16.7400000000,1518.5000000000,0.2803955000
16.7600000000,1522.3330000000,0.2807198000
16.7800000000,1526.8330000000,0.2810440000
16.8000000000,1531.8330000000,0.2814102000
16.8200000000,1535.3330000000,0.2817345000
16.8400000000,1538.1670000000,0.2820587000
16.8600000000,1541.3330000000,0.2823830000
16.8800000000,1545.0000000000,0.2827072000
16.9000000000,1546.6670000000,0.2830315000
16.9200000000,1549.0000000000,0.2833977000
16.9400000000,1552.3330000000,0.2837219000
16.9600000000,1556.8330000000,0.2840462000
16.9800000000,1563.0000000000,0.2844105000
17.0000000000,1567.6670000000,0.2847347000
17.0200000000,1569.5000000000,0.2850590000
17.0400000000,1570.8330000000,0.2854252000
17.0600000000,1573.1670000000,0.2857494000
17.0800000000,1576.6670000000,0.2860737000
17.1000000000,1579.6670000000,0.2863979000
17.1200000000,1583.1670000000,0.2867622000
17.1400000000,1587.3330000000,0.2870865000
17.1600000000,1592.3330000000,0.2874126000
17.1800000000,1598.1670000000,0.2877369000
17.2000000000,1602.1670000000,0.2880611000
17.2200000000,1603.5000000000,0.2883854000
17.2400000000,1605.1670000000,0.2887096000
17.2600000000,1608.1670000000,0.2890739000
17.2800000000,1612.3330000000,0.2893982000
17.3000000000,1616.5000000000,0.2897243000
17.3200000000,1619.3330000000,0.2900486000
17.3400000000,1621.6670000000,0.2904129000
17.3600000000,1624.0000000000,0.2907372000
17.3800000000,1626.8330000000,0.2910614000
17.4000000000,1631.1670000000,0.2914276000
17.4200000000,1635.1670000000,0.2917519000
17.4400000000,1639.1670000000,0.2920761000
17.4600000000,1643.1670000000,0.2924004000
17.4800000000,1646.8330000000,0.2927246000
17.5000000000,1650.6670000000,0.2930489000
17.5200000000,1654.6670000000,0.2933731000
17.5400000000,1658.6670000000,0.2937393000
17.5600000000,1662.1670000000,0.2940636000
17.5800000000,1665.1670000000,0.2943878000
17.6000000000,1667.6670000000,0.2947121000
17.6200000000,1671.6670000000,0.2950764000
17.6400000000,1675.3330000000,0.2954006000
17.6600000000,1678.6670000000,0.2957249000
17.6800000000,1681.8330000000,0.2960491000
17.7000000000,1684.6670000000,0.2964153000
17.7200000000,1687.3330000000,0.2967396000
17.7400000000,1690.8330000000,0.2970638000
17.7600000000,1695.1670000000,0.2973881000
17.7800000000,1699.1670000000,0.2977524000
17.8000000000,1702.3330000000,0.2980785000
17.8200000000,1707.3330000000,0.2984028000
17.8400000000,1712.1670000000,0.2987270000
17.8600000000,1715.1670000000,0.2990513000
17.8800000000,1716.5000000000,0.2993755000
17.9000000000,1719.5000000000,0.2996998000
17.9200000000,1722.8330000000,0.3000240000
17.9400000000,1727.0000000000,0.3003902000
17.9600000000,1731.8330000000,0.3007145000
17.9800000000,1736.6670000000,0.3010387000
18.0000000000,1740.3330000000,0.3014030000
18.0200000000,1744.6670000000,0.3017273000
18.0400000000,1747.6670000000,0.3020515000
18.0600000000,1749.5000000000,0.3023758000
18.0800000000,1751.3330000000,0.3027420000
18.1000000000,1754.6670000000,0.3030663000
18.1200000000,1758.8330000000,0.3033905000
18.1400000000,1763.6670000000,0.3037148000
18.1600000000,1767.5000000000,0.3040390000
18.1800000000,1769.8330000000,0.3043633000
18.2000000000,1771.0000000000,0.3047295000
18.2200000000,1771.6670000000,0.3050537000
18.2400000000,1773.5000000000,0.3053780000
18.2600000000,1777.5000000000,0.3057022000
18.2800000000,1783.5000000000,0.3060265000
18.3000000000,1789.6670000000,0.3063507000
18.3200000000,1795.5000000000,0.3067150000
18.3400000000,1800.8330000000,0.3070412000
18.3600000000,1804.6670000000,0.3073654000
18.3800000000,1806.8330000000,0.3077297000
18.4000000000,1808.3330000000,0.3080540000
18.4200000000,1812.3330000000,0.3083782000
18.4400000000,1816.5000000000,0.3087025000
18.4600000000,1820.1670000000,0.3090267000
18.4800000000,1823.5000000000,0.3093529000
18.5000000000,1828.5000000000,0.3097172000
18.5200000000,1833.3330000000,0.3100414000
18.5400000000,1836.1670000000,0.3103657000
18.5600000000,1838.1670000000,0.3106899000
18.5800000000,1839.8330000000,0.3110142000
18.6000000000,1842.5000000000,0.3113384000
18.6200000000,1846.1670000000,0.3117046000
18.6400000000,1850.0000000000,0.3120289000
18.6600000000,1853.6670000000,0.3123531000
18.6800000000,1857.6670000000,0.3127174000
18.7000000000,1862.3330000000,0.3130417000
18.7200000000,1865.1670000000,0.3133678000
18.7400000000,1867.1670000000,0.3136921000
18.7600000000,1869.3330000000,0.3140564000
18.7800000000,1872.3330000000,0.3143806000
18.8000000000,1876.0000000000,0.3147049000
18.8200000000,1881.3330000000,0.3150291000
18.8400000000,1885.6670000000,0.3153534000
18.8600000000,1889.3330000000,0.3156776000
18.8800000000,1893.3330000000,0.3160439000
18.9000000000,1898.5000000000,0.3163681000
18.9200000000,1902.1670000000,0.3166924000
18.9400000000,1904.8330000000,0.3170166000
18.9600000000,1907.8330000000,0.3173828000
18.9800000000,1911.3330000000,0.3177071000
19.0000000000,1914.1670000000,0.3180313000
19.0200000000,1916.8330000000,0.3183956000
19.0400000000,1920.0000000000,0.3187199000
19.0600000000,1923.1670000000,0.3190441000
19.0800000000,1926.1670000000,0.3194103000
19.1000000000,1929.6670000000,0.3197346000
19.1200000000,1933.5000000000,0.3200588000
19.1400000000,1937.0000000000,0.3203831000
19.1600000000,1942.0000000000,0.3207073000
19.1800000000,1948.5000000000,0.3210316000
19.2000000000,1955.0000000000,0.3213978000
19.2200000000,1956.8330000000,0.3217220000
19.2400000000,1957.8330000000,0.3220463000
19.2600000000,1960.3330000000,0.3223705000
19.2800000000,1964.5000000000,0.3226948000
19.3000000000,1968.8330000000,0.3230591000
19.3200000000,1973.0000000000,0.3233833000
19.3400000000,1977.0000000000,0.3237076000
19.3600000000,1980.5000000000,0.3240738000
19.3800000000,1983.0000000000,0.3243980000
19.4000000000,1984.5000000000,0.3247223000
19.4200000000,1986.6670000000,0.3250866000
19.4400000000,1989.8330000000,0.3254108000
19.4600000000,1993.6670000000,0.3257370000
19.4800000000,1997.6670000000,0.3260612000
19.5000000000,2001.8330000000,0.3263855000
19.5200000000,2005.1670000000,0.3267097000
19.5400000000,2008.6670000000,0.3270340000
19.5600000000,2013.1670000000,0.3273983000
19.5800000000,2017.3330000000,0.3277225000
19.6000000000,2019.6670000000,0.3280487000
19.6200000000,2021.0000000000,0.3283730000
19.6400000000,2024.6670000000,0.3287373000
19.6600000000,2030.3330000000,0.3290615000
19.6800000000,2035.8330000000,0.3293858000
19.7000000000,2039.6670000000,0.3297520000
19.7200000000,2041.0000000000,0.3300762000
19.7400000000,2044.0000000000,0.3304005000
19.7600000000,2047.0000000000,0.3307247000
19.7800000000,2050.3330000000,0.3310890000
19.8000000000,2054.1670000000,0.3314133000
19.8200000000,2060.1670000000,0.3317375000
19.8400000000,2066.0000000000,0.3320637000
19.8600000000,2069.6670000000,0.3323879000
19.8800000000,2071.5000000000,0.3327122000
19.9000000000,2073.0000000000,0.3330364000
19.9200000000,2075.5000000000,0.3334007000
19.9400000000,2078.5000000000,0.3337250000
19.9600000000,2082.1670000000,0.3340492000
19.9800000000,2086.0000000000,0.3343735000
20.0000000000,2089.6670000000,0.3347397000
20.0200000000,2092.8330000000,0.3350639000
20.0400000000,2095.6670000000,0.3353882000
20.0600000000,2098.8330000000,0.3357525000
20.0800000000,2102.3330000000,0.3360786000
20.1000000000,2106.0000000000,0.3364029000
20.1200000000,2109.8330000000,0.3367271000
20.1400000000,2115.3330000000,0.3370514000
20.1600000000,2120.0000000000,0.3373756000
20.1800000000,2123.5000000000,0.3377399000
20.2000000000,2125.6670000000,0.3380642000
20.2200000000,2128.1670000000,0.3383884000
20.2400000000,2133.1670000000,0.3387146000
20.2600000000,2137.1670000000,0.3390388000
20.2800000000,2139.8330000000,0.3394032000
20.3000000000,2141.8330000000,0.3397274000
20.3200000000,2145.0000000000,0.3400517000
20.3400000000,2149.1670000000,0.3404179000
20.3600000000,2152.8330000000,0.3407421000
20.3800000000,2155.6670000000,0.3410664000
20.4000000000,2158.1670000000,0.3413906000
20.4200000000,2161.8330000000,0.3417549000
20.4400000000,2166.0000000000,0.3420792000
20.4600000000,2170.5000000000,0.3424034000
20.4800000000,2174.5000000000,0.3427296000
20.5000000000,2177.8330000000,0.3430538000
20.5200000000,2181.1670000000,0.3433781000
20.5400000000,2186.3330000000,0.3437023000
20.5600000000,2189.8330000000,0.3440266000
20.5800000000,2192.5000000000,0.3443909000
20.6000000000,2196.3330000000,0.3447151000
20.6200000000,2203.0000000000,0.3450413000
20.6400000000,2208.1670000000,0.3453655000
20.6600000000,2209.5000000000,0.3457298000
20.6800000000,2210.5000000000,0.3460541000
20.7000000000,2212.6670000000,0.3463783000
20.7200000000,2216.0000000000,0.3467026000
20.7400000000,2219.3330000000,0.3470688000
20.7600000000,2222.3330000000,0.3473930000
20.7800000000,2226.3330000000,0.3477173000
20.8000000000,2231.3330000000,0.3480415000
20.8200000000,2237.6670000000,0.3483658000
20.8400000000,2240.5000000000,0.3486900000
20.8600000000,2241.8330000000,0.3490143000
20.8800000000,2243.5000000000,0.3493385000
20.9000000000,2246.5000000000,0.3497047000
20.9200000000,2251.3330000000,0.3500290000
20.9400000000,2256.1670000000,0.3503532000
20.9600000000,2258.8330000000,0.3506775000
20.9800000000,2261.3330000000,0.3510418000
21.0000000000,2264.8330000000,0.3513660000
21.0200000000,2269.5000000000,0.3516922000
21.0400000000,2273.0000000000,0.3520164000
21.0600000000,2275.3330000000,0.3523808000
21.0800000000,2279.0000000000,0.3527050000
21.1000000000,2283.8330000000,0.3530293000
21.1200000000,2288.3330000000,0.3533535000
21.1400000000,2293.5000000000,0.3537197000
21.1600000000,2297.6670000000,0.3540440000
21.1800000000,2300.8330000000,0.3543682000
21.2000000000,2304.0000000000,0.3546925000
21.2200000000,2308.5000000000,0.3550167000
21.2400000000,2310.8330000000,0.3553410000
21.2600000000,2312.8330000000,0.3556652000
21.2800000000,2316.1670000000,0.3560314000
21.3000000000,2320.5000000000,0.3563557000
21.3200000000,2324.6670000000,0.3566799000
21.3400000000,2327.1670000000,0.3570442000
21.3600000000,2329.1670000000,0.3573685000
21.3800000000,2332.3330000000,0.3576927000
21.4000000000,2336.1670000000,0.3580589000
21.4200000000,2339.5000000000,0.3583832000
21.4400000000,2342.6670000000,0.3587074000
21.4600000000,2347.1670000000,0.3590317000
21.4800000000,2352.3330000000,0.3593559000
21.5000000000,2357.5000000000,0.3597221000
21.5200000000,2361.6670000000,0.3600464000
21.5400000000,2364.0000000000,0.3603706000
21.5600000000,2367.0000000000,0.3606949000
21.5800000000,2371.0000000000,0.3610191000
21.6000000000,2374.5000000000,0.3613834000
21.6200000000,2376.6670000000,0.3617077000
21.6400000000,2380.0000000000,0.3620319000
21.6600000000,2384.3330000000,0.3623981000
21.6800000000,2388.0000000000,0.3627224000
21.7000000000,2390.8330000000,0.3630466000
21.7200000000,2393.5000000000,0.3634109000
21.7400000000,2395.8330000000,0.3637371000
21.7600000000,2400.1670000000,0.3640614000
21.7800000000,2403.6670000000,0.3643856000
21.8000000000,2407.0000000000,0.3647099000
21.8200000000,2411.0000000000,0.3650742000
21.8400000000,2416.1670000000,0.3653984000
21.8600000000,2421.0000000000,0.3657227000
21.8800000000,2425.3330000000,0.3660469000
21.9000000000,2428.8330000000,0.3663731000
21.9200000000,2431.5000000000,0.3667374000
21.9400000000,2434.6670000000,0.3670616000
21.9600000000,2440.3330000000,0.3673859000
21.9800000000,2444.8330000000,0.3677101000
22.0000000000,2447.8330000000,0.3680763000
22.0200000000,2449.5000000000,0.3684006000
22.0400000000,2451.3330000000,0.3687248000
22.0600000000,2455.1670000000,0.3690891000
22.0800000000,2459.1670000000,0.3694134000
22.1000000000,2462.8330000000,0.3697376000
22.1200000000,2466.3330000000,0.3700619000
22.1400000000,2471.5000000000,0.3703880000
22.1600000000,2476.0000000000,0.3707523000
22.1800000000,2478.6670000000,0.3710766000
22.2000000000,2480.8330000000,0.3714008000
22.2200000000,2483.8330000000,0.3717251000
22.2400000000,2487.8330000000,0.3720493000
22.2600000000,2490.1670000000,0.3724155000
22.2800000000,2494.3330000000,0.3727398000
22.3000000000,2499.0000000000,0.3730640000
22.3200000000,2503.3330000000,0.3733883000
22.3400000000,2506.8330000000,0.3737526000
22.3600000000,2510.8330000000,0.3740768000
22.3800000000,2513.5000000000,0.3744030000
22.4000000000,2516.5000000000,0.3747673000
22.4200000000,2520.1670000000,0.3750916000
22.4400000000,2524.6670000000,0.3754158000
22.4600000000,2529.0000000000,0.3757401000
22.4800000000,2534.5000000000,0.3760643000
22.5000000000,2539.0000000000,0.3763885000
22.5200000000,2542.1670000000,0.3767128000
22.5400000000,2543.5000000000,0.3770390000
22.5600000000,2545.6670000000,0.3774033000
22.5800000000,2548.3330000000,0.3777275000
22.6000000000,2551.8330000000,0.3780518000
22.6200000000,2556.1670000000,0.3783760000
22.6400000000,2562.1670000000,0.3787422000
22.6600000000,2566.0000000000,0.3790665000
22.6800000000,2567.5000000000,0.3793907000
22.7000000000,2569.3330000000,0.3797150000
22.7200000000,2572.5000000000,0.3800793000
22.7400000000,2576.5000000000,0.3804035000
22.7600000000,2580.0000000000,0.3807278000
22.7800000000,2583.1670000000,0.3810539000
22.8000000000,2587.1670000000,0.3813782000
22.8200000000,2591.8330000000,0.3817024000
22.8400000000,2596.6670000000,0.3820667000
22.8600000000,2600.6670000000,0.3823910000
22.8800000000,2604.5000000000,0.3827152000
22.9000000000,2608.0000000000,0.3830395000
22.9200000000,2610.8330000000,0.3833656000
22.9400000000,2613.3330000000,0.3836899000
22.9600000000,2616.0000000000,0.3840542000
22.9800000000,2620.1670000000,0.3843784000
23.0000000000,2624.1670000000,0.3847027000
23.0200000000,2627.5000000000,0.3850689000
23.0400000000,2630.3330000000,0.3853931000
23.0600000000,2632.6670000000,0.3857174000
23.0800000000,2635.8330000000,0.3860416000
23.1000000000,2639.6670000000,0.3863659000
23.1200000000,2643.6670000000,0.3867302000
23.1400000000,2647.6670000000,0.3870544000
23.1600000000,2651.6670000000,0.3873806000
23.1800000000,2654.8330000000,0.3877048000
23.2000000000,2658.0000000000,0.3880291000
23.2200000000,2661.8330000000,0.3883533000
23.2400000000,2666.0000000000,0.3886776000
23.2600000000,2668.5000000000,0.3890419000
23.2800000000,2671.6670000000,0.3893661000
23.3000000000,2677.3330000000,0.3896904000
23.3200000000,2683.1670000000,0.3900166000
23.3400000000,2686.6670000000,0.3903809000
23.3600000000,2687.6670000000,0.3907051000
23.3800000000,2691.3330000000,0.3910294000
23.4000000000,2694.5000000000,0.3913536000
23.4200000000,2696.6670000000,0.3916779000
23.4400000000,2698.5000000000,0.3920441000
23.4600000000,2702.0000000000,0.3923683000
23.4800000000,2706.6670000000,0.3926926000
23.5000000000,2710.8330000000,0.3930168000
23.5200000000,2714.3330000000,0.3933411000
23.5400000000,2717.3330000000,0.3937054000
23.5600000000,2720.8330000000,0.3940315000
23.5800000000,2722.6670000000,0.3943558000
23.6000000000,2725.0000000000,0.3946800000
23.6200000000,2728.1670000000,0.3950443000
23.6400000000,2732.3330000000,0.3953686000
23.6600000000,2737.6670000000,0.3956928000
23.6800000000,2743.1670000000,0.3960590000
23.7000000000,2746.6670000000,0.3963833000
23.7200000000,2748.8330000000,0.3967075000
23.7400000000,2751.0000000000,0.3970318000
23.7600000000,2754.5000000000,0.3973961000
23.7800000000,2759.5000000000,0.3977203000
23.8000000000,2764.3330000000,0.3980465000
23.8200000000,2768.6670000000,0.3983707000
23.8400000000,2772.3330000000,0.3986950000
23.8600000000,2775.6670000000,0.3990593000
23.8800000000,2779.1670000000,0.3993835000
23.9000000000,2781.5000000000,0.3997078000
23.9200000000,2783.0000000000,0.4000320000
23.9400000000,2785.6670000000,0.4003983000
23.9600000000,2791.5000000000,0.4007225000
23.9800000000,2797.8330000000,0.4010468000
24.0000000000,2800.6670000000,0.4014111000
24.0200000000,2801.8330000000,0.4017353000
24.0400000000,2803.0000000000,0.4020615000
24.0600000000,2806.1670000000,0.4023857000
24.0800000000,2809.6670000000,0.4027500000
24.1000000000,2813.1670000000,0.4030743000
24.1200000000,2816.8330000000,0.4033985000
24.1400000000,2820.8330000000,0.4037228000
24.1600000000,2825.1670000000,0.4040470000
24.1800000000,2830.5000000000,0.4043713000
24.2000000000,2833.6670000000,0.4047375000
24.2200000000,2836.1670000000,0.4050617000
24.2400000000,2839.0000000000,0.4053860000
24.2600000000,2843.8330000000,0.4057102000
24.2800000000,2848.0000000000,0.4060764000
24.3000000000,2850.6670000000,0.4064007000
24.3200000000,2852.8330000000,0.4067249000
24.3400000000,2855.5000000000,0.4070892000
24.3600000000,2859.3330000000,0.4074135000
24.3800000000,2862.5000000000,0.4077377000
24.4000000000,2864.6670000000,0.4081039000
24.4200000000,2867.8330000000,0.4084282000
24.4400000000,2872.5000000000,0.4087524000
24.4600000000,2878.3330000000,0.4090767000
24.4800000000,2880.8330000000,0.4094009000
24.5000000000,2881.8330000000,0.4097252000
24.5200000000,2883.6670000000,0.4100494000
24.5400000000,2887.0000000000,0.4103737000
24.5600000000,2891.0000000000,0.4107399000
24.5800000000,2894.6670000000,0.4110641000
24.6000000000,2900.0000000000,0.4113884000
24.6200000000,2905.5000000000,0.4117126000
24.6400000000,2909.8330000000,0.4120770000
24.6600000000,2912.1670000000,0.4124012000
24.6800000000,2913.3330000000,0.4127274000
24.7000000000,2914.5000000000,0.4130917000
24.7200000000,2917.3330000000,0.4134159000
24.7400000000,2921.6670000000,0.4137402000
24.7600000000,2926.3330000000,0.4140644000
24.7800000000,2929.6670000000,0.4143887000
24.8000000000,2931.8330000000,0.4147129000
24.8200000000,2934.6670000000,0.4150791000
24.8400000000,2938.8330000000,0.4154034000
24.8600000000,2944.1670000000,0.4157276000
24.8800000000,2946.8330000000,0.4160519000
24.9000000000,2947.8330000000,0.4163761000
24.9200000000,2951.0000000000,0.4167004000
24.9400000000,2955.5000000000,0.4170666000
24.9600000000,2959.3330000000,0.4173908000
24.9800000000,2961.3330000000,0.4177151000
25.0000000000,2964.3330000000,0.4180794000
25.0200000000,2967.5000000000,0.4184036000
25.0400000000,2970.6670000000,0.4187279000
25.0600000000,2974.1670000000,0.4190540000
25.0800000000,2978.0000000000,0.4193783000
25.1000000000,2983.1670000000,0.4197426000
25.1200000000,2988.8330000000,0.4200668000
25.1400000000,2993.3330000000,0.4203911000
25.1600000000,2995.6670000000,0.4207153000
25.1800000000,2996.8330000000,0.4210396000
25.2000000000,2999.8330000000,0.4213638000
25.2200000000,3003.3330000000,0.4216900000
25.2400000000,3006.5000000000,0.4220543000
25.2600000000,3008.5000000000,0.4223785000
25.2800000000,3010.5000000000,0.4227028000
25.3000000000,3015.1670000000,0.4230270000
25.3200000000,3018.6670000000,0.4233932000
25.3400000000,3020.5000000000,0.4237175000
25.3600000000,3021.1670000000,0.4240417000
25.3800000000,3024.8330000000,0.4243660000
25.4000000000,3028.8330000000,0.4247303000
25.4200000000,3032.6670000000,0.4250546000
25.4400000000,3036.5000000000,0.4253788000
25.4600000000,3040.6670000000,0.4257050000
25.4800000000,3044.5000000000,0.4260292000
25.5000000000,3048.3330000000,0.4263535000
25.5200000000,3052.0000000000,0.4266777000
25.5400000000,3055.0000000000,0.4270420000
25.5600000000,3057.3330000000,0.4273663000
25.5800000000,3060.1670000000,0.4276905000
25.6000000000,3064.1670000000,0.4280167000
25.6200000000,3068.0000000000,0.4283810000
25.6400000000,3071.1670000000,0.4287052000
25.6600000000,3073.8330000000,0.4290295000
25.6800000000,3076.1670000000,0.4293537000
25.7000000000,3078.3330000000,0.4297199000
25.7200000000,3081.1670000000,0.4300442000
25.7400000000,3083.8330000000,0.4303684000
25.7600000000,3086.8330000000,0.4306927000
25.7800000000,3091.0000000000,0.4310169000
25.8000000000,3096.6670000000,0.4313412000
25.8200000000,3100.5000000000,0.4317055000
25.8400000000,3102.6670000000,0.4320297000
25.8600000000,3104.0000000000,0.4323559000
25.8800000000,3107.6670000000,0.4326801000
25.9000000000,3112.8330000000,0.4330044000
25.9200000000,3115.5000000000,0.4333687000
25.9400000000,3118.0000000000,0.4336929000
25.9600000000,3122.5000000000,0.4340172000
25.9800000000,3129.5000000000,0.4343834000
26.0000000000,3133.1670000000,0.4347076000
26.0200000000,3134.3330000000,0.4350319000
26.0400000000,3134.6670000000,0.4353561000
26.0600000000,3135.5000000000,0.4357204000
26.0800000000,3138.1670000000,0.4360447000
26.1000000000,3141.5000000000,0.4363708000
26.1200000000,3144.8330000000,0.4366951000
26.1400000000,3147.8330000000,0.4370594000
26.1600000000,3150.6670000000,0.4373837000
26.1800000000,3153.6670000000,0.4377079000
26.2000000000,3155.0000000000,0.4380322000
26.2200000000,3157.6670000000,0.4383564000
26.2400000000,3161.6670000000,0.4387226000
26.2600000000,3166.3330000000,0.4390469000
26.2800000000,3170.5000000000,0.4393711000
26.3000000000,3174.6670000000,0.4397354000
26.3200000000,3176.5000000000,0.4400597000
26.3400000000,3177.8330000000,0.4403858000
26.3600000000,3180.1670000000,0.4407501000
26.3800000000,3184.0000000000,0.4410744000
26.4000000000,3186.6670000000,0.4413986000
26.4200000000,3190.0000000000,0.4417229000
26.4400000000,3194.5000000000,0.4420471000
26.4600000000,3200.0000000000,0.4424133000
26.4800000000,3205.6670000000,0.4427376000
26.5000000000,3207.5000000000,0.4430618000
26.5200000000,3208.0000000000,0.4433861000
26.5400000000,3209.0000000000,0.4437103000
26.5600000000,3211.1670000000,0.4440346000
26.5800000000,3215.0000000000,0.4444008000
26.6000000000,3217.6670000000,0.4447250000
26.6200000000,3220.1670000000,0.4450493000
26.6400000000,3223.3330000000,0.4454136000
26.6600000000,3226.6670000000,0.4457378000
26.6800000000,3228.8330000000,0.4460621000
26.7000000000,3230.0000000000,0.4463863000
26.7200000000,3232.1670000000,0.4467525000
26.7400000000,3234.8330000000,0.4470768000
26.7600000000,3238.0000000000,0.4474010000
26.7800000000,3242.6670000000,0.4477253000
26.8000000000,3246.6670000000,0.4480495000
26.8200000000,3249.3330000000,0.4483738000
26.8400000000,3252.6670000000,0.4487400000
26.8600000000,3256.5000000000,0.4490643000
26.8800000000,3259.5000000000,0.4493885000
26.9000000000,3261.1670000000,0.4497128000
26.9200000000,3263.8330000000,0.4500771000
26.9400000000,3266.0000000000,0.4504013000
26.9600000000,3267.6670000000,0.4507256000
26.9800000000,3269.8330000000,0.4510517000
27.0000000000,3272.6670000000,0.4514160000
27.0200000000,3275.3330000000,0.4517403000
27.0400000000,3278.0000000000,0.4520645000
27.0600000000,3280.6670000000,0.4524307000
27.0800000000,3283.3330000000,0.4527550000
27.1000000000,3286.0000000000,0.4530792000
27.1200000000,3288.8330000000,0.4534035000
27.1400000000,3292.8330000000,0.4537277000
27.1600000000,3297.3330000000,0.4540520000
27.1800000000,3300.6670000000,0.4543762000
27.2000000000,3302.1670000000,0.4547405000
27.2200000000,3305.0000000000,0.4550667000
27.2400000000,3308.1670000000,0.4553909000
27.2600000000,3311.0000000000,0.4557152000
27.2800000000,3313.6670000000,0.4560795000
27.3000000000,3319.5000000000,0.4564037000
27.3200000000,3321.6670000000,0.4567280000
27.3400000000,3323.0000000000,0.4570522000
27.3600000000,3323.6670000000,0.4574184000
27.3800000000,3324.1670000000,0.4577427000
27.4000000000,3326.8330000000,0.4580669000
27.4200000000,3329.3330000000,0.4583912000
27.4400000000,3332.0000000000,0.4587154000
27.4600000000,3334.6670000000,0.4590397000
27.4800000000,3337.3330000000,0.4594059000
27.5000000000,3343.1670000000,0.4597301000
27.5200000000,3347.0000000000,0.4600544000
27.5400000000,3348.5000000000,0.4603786000
27.5600000000,3349.0000000000,0.4607029000
27.5800000000,3350.1670000000,0.4610271000
27.6000000000,3353.3330000000,0.4613934000
27.6200000000,3356.5000000000,0.4617176000
27.6400000000,3359.0000000000,0.4620419000
27.6600000000,3361.0000000000,0.4624062000
27.6800000000,3362.8330000000,0.4627304000
27.7000000000,3364.6670000000,0.4630547000
27.7200000000,3366.8330000000,0.4633789000
27.7400000000,3369.0000000000,0.4637032000
27.7600000000,3372.0000000000,0.4640694000
27.7800000000,3375.8330000000,0.4643936000
27.8000000000,3379.3330000000,0.4647179000
27.8200000000,3381.3330000000,0.4650421000
27.8400000000,3382.8330000000,0.4653664000
27.8600000000,3384.0000000000,0.4656906000
27.8800000000,3385.3330000000,0.4660149000
27.9000000000,3387.8330000000,0.4663811000
27.9200000000,3389.1670000000,0.4667053000
27.9400000000,3390.5000000000,0.4670296000
27.9600000000,3392.3330000000,0.4673538000
27.9800000000,3394.3330000000,0.4677181000
28.0000000000,3395.3330000000,0.4681644000
28.0200000000,3395.3330000000,0.4685307000
28.0400000000,2635.0000000000,0.4688148000
28.0600000000,1448.8330000000,0.4691391000
28.0800000000,344.1667000000,0.4694214000
