"PlayTime","LoadValue","PositionValue"
"s","N","mm"
0.0000000000,9.3333330000,0.0018672940
0.0200000000,12.5000000000,0.0021915440
0.0400000000,12.5000000000,0.0025157930
0.0600000000,9.8333330000,0.0028400420
0.0800000000,8.3333330000,0.0031642910
0.1000000000,8.5000000000,0.0034885410
0.1200000000,9.0000000000,0.0038127900
0.1400000000,9.0000000000,0.0041370390
0.1600000000,8.5000000000,0.0045032500
0.1800000000,8.1666670000,0.0048274990
0.2000000000,9.0000000000,0.0051517490
0.2200000000,11.3333300000,0.0055160520
0.2400000000,11.8333300000,0.0058403020
0.2600000000,12.3333300000,0.0062065120
0.2800000000,13.0000000000,0.0065307620
0.3000000000,13.3333300000,0.0068950650
0.3200000000,13.3333300000,0.0072193150
0.3400000000,12.0000000000,0.0075435640
0.3600000000,11.1666700000,0.0079097750
0.3800000000,10.1666700000,0.0082340240
0.4000000000,9.3333330000,0.0085582730
0.4200000000,9.0000000000,0.0088825230
0.4400000000,7.1666670000,0.0092067720
0.4600000000,6.5000000000,0.0095310210
0.4800000000,6.3333330000,0.0098972320
0.5000000000,6.3333330000,0.0102214800
0.5200000000,6.3333330000,0.0105457300
0.5400000000,6.5000000000,0.0108699800
0.5600000000,7.6666670000,0.0112342800
0.5800000000,9.5000000000,0.0115585300
0.6000000000,11.6666700000,0.0118846900
0.6200000000,13.1666700000,0.0122489900
0.6400000000,13.1666700000,0.0125732400
0.6600000000,12.1666700000,0.0128974900
0.6800000000,11.8333300000,0.0132217400
0.7000000000,12.1666700000,0.0135879500
0.7200000000,12.8333300000,0.0139122000
0.7400000000,12.8333300000,0.0142364500
0.7600000000,11.8333300000,0.0145607000
0.7800000000,11.3333300000,0.0148849500
0.8000000000,11.1666700000,0.0152092000
0.8200000000,11.1666700000,0.0155334500
0.8400000000,10.5000000000,0.0158996600
0.8600000000,10.5000000000,0.0162239100
0.8800000000,11.0000000000,0.0165481600
0.9000000000,11.3333300000,0.0168724100
0.9200000000,11.3333300000,0.0172367100
0.9400000000,10.6666700000,0.0175609600
0.9600000000,10.5000000000,0.0178852100
0.9800000000,10.6666700000,0.0182113600
1.0000000000,10.8333300000,0.0185756700
1.0200000000,10.8333300000,0.0188999200
1.0400000000,10.3333300000,0.0192241700
1.0600000000,10.3333300000,0.0195484200
1.0800000000,11.3333300000,0.0198726700
1.1000000000,12.3333300000,0.0201969100
1.1200000000,12.8333300000,0.0205631300
1.1400000000,13.6666700000,0.0208873700
1.1600000000,15.8333300000,0.0212116200
1.1800000000,16.5000000000,0.0215358700
1.2000000000,15.6666700000,0.0218601200
1.2200000000,14.0000000000,0.0222263300
1.2400000000,14.0000000000,0.0225505800
1.2600000000,13.6666700000,0.0228748300
1.2800000000,13.1666700000,0.0232391400
1.3000000000,12.1666700000,0.0235633900
1.3200000000,10.8333300000,0.0238876300
1.3400000000,10.0000000000,0.0242118800
1.3600000000,10.0000000000,0.0245361300
1.3800000000,11.1666700000,0.0248622900
1.4000000000,12.3333300000,0.0252265900
1.4200000000,12.8333300000,0.0255508400
1.4400000000,12.8333300000,0.0258750900
1.4600000000,12.6666700000,0.0261993400
1.4800000000,12.0000000000,0.0265235900
1.5000000000,11.3333300000,0.0268478400
1.5200000000,11.3333300000,0.0271740000
1.5400000000,11.3333300000,0.0275383000
1.5600000000,12.8333300000,0.0278625500
1.5800000000,15.1666700000,0.0281868000
1.6000000000,16.5000000000,0.0285110500
1.6200000000,16.1666700000,0.0288772600
1.6400000000,14.1666700000,0.0292015100
1.6600000000,13.3333300000,0.0295257600
1.6800000000,13.0000000000,0.0298500100
1.7000000000,13.0000000000,0.0302143100
1.7200000000,13.1666700000,0.0305385600
1.7400000000,13.5000000000,0.0308628100
1.7600000000,13.5000000000,0.0311889600
1.7800000000,13.6666700000,0.0315132100
1.8000000000,13.6666700000,0.0318374600
1.8200000000,13.1666700000,0.0321617100
1.8400000000,11.0000000000,0.0325260200
1.8600000000,11.0000000000,0.0328502700
1.8800000000,11.5000000000,0.0331745100
1.9000000000,12.0000000000,0.0334987600
1.9200000000,12.8333300000,0.0338649700
1.9400000000,15.0000000000,0.0341892200
1.9600000000,15.6666700000,0.0345134700
1.9800000000,15.8333300000,0.0348777800
2.0000000000,15.8333300000,0.0352020300
2.0200000000,16.0000000000,0.0355281800
2.0400000000,16.6666700000,0.0358524300
2.0600000000,18.1666700000,0.0361766800
2.0800000000,18.8333300000,0.0365409900
2.1000000000,19.0000000000,0.0368652300
2.1200000000,19.0000000000,0.0371894800
2.1400000000,18.8333300000,0.0375137300
2.1600000000,18.3333300000,0.0378398900
2.1800000000,17.1666700000,0.0381641400
2.2000000000,16.6666700000,0.0385284400
2.2200000000,17.1666700000,0.0388526900
2.2400000000,18.3333300000,0.0391769400
2.2600000000,18.3333300000,0.0395431500
2.2800000000,18.3333300000,0.0398674000
2.3000000000,17.1666700000,0.0401916500
2.3200000000,16.0000000000,0.0405559500
2.3400000000,15.6666700000,0.0408802000
2.3600000000,16.0000000000,0.0412044500
2.3800000000,16.0000000000,0.0415287000
2.4000000000,17.0000000000,0.0418949100
2.4200000000,18.6666700000,0.0422191600
2.4400000000,20.3333300000,0.0425434100
2.4600000000,20.3333300000,0.0428676600
2.4800000000,20.0000000000,0.0431919100
2.5000000000,19.6666700000,0.0435581200
2.5200000000,19.5000000000,0.0438823700
2.5400000000,19.5000000000,0.0442066200
2.5600000000,19.5000000000,0.0445709200
2.5800000000,18.3333300000,0.0448951700
2.6000000000,18.0000000000,0.0452194200
2.6200000000,18.0000000000,0.0455856300
2.6400000000,18.3333300000,0.0459098800
2.6600000000,19.0000000000,0.0462341300
2.6800000000,19.1666700000,0.0465583800
2.7000000000,19.1666700000,0.0469226800
2.7200000000,20.0000000000,0.0472469300
2.7400000000,21.5000000000,0.0475730900
2.7600000000,21.5000000000,0.0478973400
2.7800000000,20.6666700000,0.0482215900
2.8000000000,20.3333300000,0.0485458400
2.8200000000,21.0000000000,0.0488700900
2.8400000000,22.5000000000,0.0492343900
2.8600000000,23.0000000000,0.0495586400
2.8800000000,23.6666700000,0.0498848000
2.9000000000,23.5000000000,0.0502090500
2.9200000000,23.0000000000,0.0505733500
2.9400000000,22.8333300000,0.0508976000
2.9600000000,22.0000000000,0.0512218500
2.9800000000,22.0000000000,0.0515880600
3.0000000000,22.0000000000,0.0519123100
3.0200000000,22.6666700000,0.0522365600
3.0400000000,23.6666700000,0.0525608100
3.0600000000,23.6666700000,0.0528850600
3.0800000000,22.1666700000,0.0532093000
3.1000000000,21.5000000000,0.0535335500
3.1200000000,21.1666700000,0.0538978600
3.1400000000,20.6666700000,0.0542240100
3.1600000000,20.6666700000,0.0545482600
3.1800000000,21.3333300000,0.0548725100
3.2000000000,21.8333300000,0.0552368200
3.2200000000,22.5000000000,0.0555610700
3.2400000000,23.5000000000,0.0558853100
3.2600000000,24.3333300000,0.0562095600
3.2800000000,24.6666700000,0.0565757800
3.3000000000,25.8333300000,0.0569000200
3.3200000000,26.5000000000,0.0572242700
3.3400000000,26.5000000000,0.0575485200
3.3600000000,26.5000000000,0.0579128300
3.3800000000,26.6666700000,0.0582389800
3.4000000000,28.0000000000,0.0585632300
3.4200000000,28.8333300000,0.0588874800
3.4400000000,28.1666700000,0.0592117300
3.4600000000,26.1666700000,0.0595359800
3.4800000000,26.1666700000,0.0598602300
3.5000000000,26.3333300000,0.0602245300
3.5200000000,26.6666700000,0.0605506900
3.5400000000,27.0000000000,0.0608749400
3.5600000000,27.5000000000,0.0611991900
3.5800000000,28.6666700000,0.0615634900
3.6000000000,29.0000000000,0.0618877400
3.6200000000,29.0000000000,0.0622119900
3.6400000000,28.6666700000,0.0625782000
3.6600000000,27.8333300000,0.0629024500
3.6800000000,27.8333300000,0.0632267000
3.7000000000,28.1666700000,0.0635509500
3.7200000000,29.0000000000,0.0638752000
3.7400000000,29.8333300000,0.0641994500
3.7600000000,30.0000000000,0.0645237000
3.7800000000,30.6666700000,0.0648479500
3.8000000000,30.8333300000,0.0652141600
3.8200000000,30.3333300000,0.0655384100
3.8400000000,29.8333300000,0.0658626600
3.8600000000,29.8333300000,0.0661869000
3.8800000000,30.6666700000,0.0665111500
3.9000000000,30.8333300000,0.0668754600
3.9200000000,30.6666700000,0.0672016100
3.9400000000,30.3333300000,0.0675258600
3.9600000000,30.3333300000,0.0678501100
3.9800000000,30.3333300000,0.0682144200
4.0000000000,31.1666700000,0.0685386700
4.0200000000,31.5000000000,0.0688629200
4.0400000000,31.5000000000,0.0691871600
4.0600000000,31.8333300000,0.0695133200
4.0800000000,34.8333300000,0.0698375700
4.1000000000,35.3333300000,0.0702018700
4.1200000000,34.1666700000,0.0705261200
4.1400000000,33.0000000000,0.0708503700
4.1600000000,33.3333300000,0.0711746200
4.1800000000,35.5000000000,0.0714988700
4.2000000000,36.0000000000,0.0718650800
4.2200000000,36.3333300000,0.0721893300
4.2400000000,37.1666700000,0.0725135800
4.2600000000,38.5000000000,0.0728378300
4.2800000000,38.5000000000,0.0732021300
4.3000000000,37.1666700000,0.0735282900
4.3200000000,36.6666700000,0.0738525400
4.3400000000,37.5000000000,0.0742168400
4.3600000000,39.1666700000,0.0745410900
4.3800000000,39.1666700000,0.0748653400
4.4000000000,36.6666700000,0.0751895900
4.4200000000,35.3333300000,0.0755138400
4.4400000000,34.1666700000,0.0758380900
4.4600000000,32.0000000000,0.0762043000
4.4800000000,32.0000000000,0.0765285500
4.5000000000,32.6666700000,0.0768528000
4.5200000000,33.5000000000,0.0771770500
4.5400000000,34.8333300000,0.0775432600
4.5600000000,36.6666700000,0.0778675100
4.5800000000,39.1666700000,0.0781917600
4.6000000000,39.3333300000,0.0785560600
4.6200000000,38.6666700000,0.0788803100
4.6400000000,38.0000000000,0.0792045600
4.6600000000,38.1666700000,0.0795288100
4.6800000000,39.1666700000,0.0798950200
4.7000000000,39.5000000000,0.0802192700
4.7200000000,39.8333300000,0.0805435200
4.7400000000,40.6666700000,0.0808677700
4.7600000000,41.3333300000,0.0811920200
4.7800000000,41.3333300000,0.0815563200
4.8000000000,40.1666700000,0.0818824800
4.8200000000,39.6666700000,0.0822067300
4.8400000000,40.5000000000,0.0825309800
4.8600000000,42.0000000000,0.0828552200
4.8800000000,42.0000000000,0.0832195300
4.9000000000,42.1666700000,0.0835437800
4.9200000000,42.1666700000,0.0838680300
4.9400000000,42.1666700000,0.0842342400
4.9600000000,42.0000000000,0.0845584900
4.9800000000,41.6666700000,0.0848827400
5.0000000000,40.8333300000,0.0852470400
5.0200000000,40.5000000000,0.0855712900
5.0400000000,40.3333300000,0.0858974500
5.0600000000,40.5000000000,0.0862216900
5.0800000000,41.5000000000,0.0865459400
5.1000000000,42.1666700000,0.0868701900
5.1200000000,42.8333300000,0.0872345000
5.1400000000,43.3333300000,0.0875587500
5.1600000000,43.5000000000,0.0878830000
5.1800000000,43.6666700000,0.0882091500
5.2000000000,43.6666700000,0.0885334000
5.2200000000,43.6666700000,0.0888977100
5.2400000000,43.8333300000,0.0892219500
5.2600000000,44.3333300000,0.0895462000
5.2800000000,44.3333300000,0.0899124100
5.3000000000,43.3333300000,0.0902366600
5.3200000000,43.1666700000,0.0905609100
5.3400000000,43.5000000000,0.0908851600
5.3600000000,44.1666700000,0.0912494700
5.3800000000,45.6666700000,0.0915737200
5.4000000000,46.8333300000,0.0918979600
5.4200000000,47.1666700000,0.0922241200
5.4400000000,47.1666700000,0.0925483700
5.4600000000,47.1666700000,0.0928726200
5.4800000000,46.8333300000,0.0931968700
5.5000000000,46.8333300000,0.0935611700
5.5200000000,48.3333300000,0.0938854200
5.5400000000,49.5000000000,0.0942096700
5.5600000000,49.6666700000,0.0945339200
5.5800000000,50.0000000000,0.0949001300
5.6000000000,50.0000000000,0.0952243800
5.6200000000,50.0000000000,0.0955486300
5.6400000000,49.1666700000,0.0959129300
5.6600000000,48.0000000000,0.0962371800
5.6800000000,48.1666700000,0.0965633400
5.7000000000,49.1666700000,0.0968875900
5.7200000000,51.1666700000,0.0972118400
5.7400000000,52.1666700000,0.0975360900
5.7600000000,52.3333300000,0.0979003900
5.7800000000,52.1666700000,0.0982246400
5.8000000000,50.1666700000,0.0985488900
5.8200000000,49.8333300000,0.0988750500
5.8400000000,49.8333300000,0.0991993000
5.8600000000,50.1666700000,0.0995636000
5.8800000000,51.1666700000,0.0998878500
5.9000000000,52.6666700000,0.1002121000
5.9200000000,54.3333300000,0.1005783000
5.9400000000,55.0000000000,0.1009026000
5.9600000000,55.0000000000,0.1012268000
5.9800000000,55.0000000000,0.1015511000
6.0000000000,55.5000000000,0.1018753000
6.0200000000,56.6666700000,0.1022396000
6.0400000000,57.1666700000,0.1025639000
6.0600000000,57.6666700000,0.1028900000
6.0800000000,58.8333300000,0.1032143000
6.1000000000,59.0000000000,0.1035385000
6.1200000000,59.0000000000,0.1038628000
6.1400000000,58.6666700000,0.1041870000
6.1600000000,58.3333300000,0.1045513000
6.1800000000,58.3333300000,0.1048756000
6.2000000000,58.8333300000,0.1051998000
6.2200000000,59.8333300000,0.1055260000
6.2400000000,60.1666700000,0.1058903000
6.2600000000,60.3333300000,0.1062145000
6.2800000000,60.8333300000,0.1065388000
6.3000000000,61.0000000000,0.1068630000
6.3200000000,61.8333300000,0.1072292000
6.3400000000,62.5000000000,0.1075535000
6.3600000000,63.0000000000,0.1078777000
6.3800000000,63.8333300000,0.1082020000
6.4000000000,66.0000000000,0.1085262000
6.4200000000,67.1666600000,0.1088505000
6.4400000000,67.5000000000,0.1091747000
6.4600000000,67.5000000000,0.1095409000
6.4800000000,67.8333400000,0.1098652000
6.5000000000,71.0000000000,0.1101894000
6.5200000000,71.3333400000,0.1105137000
6.5400000000,71.0000000000,0.1108379000
6.5600000000,70.8333400000,0.1112022000
6.5800000000,71.0000000000,0.1115265000
6.6000000000,72.0000000000,0.1118526000
6.6200000000,72.8333400000,0.1122169000
6.6400000000,73.6666600000,0.1125412000
6.6600000000,74.5000000000,0.1128654000
6.6800000000,75.3333400000,0.1131897000
6.7000000000,76.8333400000,0.1135139000
6.7200000000,77.0000000000,0.1138802000
6.7400000000,77.0000000000,0.1142044000
6.7600000000,77.6666600000,0.1145287000
6.7800000000,79.0000000000,0.1148529000
6.8000000000,79.3333400000,0.1151772000
6.8200000000,80.0000000000,0.1155014000
6.8400000000,80.5000000000,0.1158257000
6.8600000000,82.5000000000,0.1161919000
6.8800000000,85.3333400000,0.1165161000
6.9000000000,86.0000000000,0.1168404000
6.9200000000,86.0000000000,0.1172047000
6.9400000000,86.0000000000,0.1175289000
6.9600000000,86.1666600000,0.1178532000
6.9800000000,86.5000000000,0.1182194000
7.0000000000,87.6666600000,0.1185436000
7.0200000000,88.6666600000,0.1188679000
7.0400000000,89.6666600000,0.1191921000
7.0600000000,90.8333400000,0.1195164000
7.0800000000,91.8333400000,0.1198826000
7.1000000000,91.8333400000,0.1202068000
7.1200000000,91.8333400000,0.1205311000
7.1400000000,91.6666600000,0.1208553000
7.1600000000,92.0000000000,0.1211796000
7.1800000000,92.5000000000,0.1215439000
7.2000000000,92.5000000000,0.1218681000
7.2200000000,96.0000000000,0.1221924000
7.2400000000,98.5000000000,0.1225586000
7.2600000000,100.5000000000,0.1228828000
7.2800000000,102.1667000000,0.1232071000
7.3000000000,103.8333000000,0.1235714000
7.3200000000,103.8333000000,0.1238956000
7.3400000000,103.8333000000,0.1242218000
7.3600000000,104.6667000000,0.1245461000
7.3800000000,106.5000000000,0.1248703000
7.4000000000,108.6667000000,0.1252346000
7.4200000000,108.6667000000,0.1255589000
7.4400000000,108.6667000000,0.1258831000
7.4600000000,109.0000000000,0.1262074000
7.4800000000,109.8333000000,0.1265335000
7.5000000000,111.6667000000,0.1268978000
7.5200000000,112.3333000000,0.1272221000
7.5400000000,112.8333000000,0.1275463000
7.5600000000,115.1667000000,0.1279106000
7.5800000000,118.1667000000,0.1282368000
7.6000000000,118.0000000000,0.1285610000
7.6200000000,117.3333000000,0.1288853000
7.6400000000,117.3333000000,0.1292496000
7.6600000000,118.8333000000,0.1295738000
7.6800000000,121.1667000000,0.1298981000
7.7000000000,122.0000000000,0.1302223000
7.7200000000,122.8333000000,0.1305485000
7.7400000000,124.0000000000,0.1308727000
7.7600000000,125.1667000000,0.1312370000
7.7800000000,126.1667000000,0.1315613000
7.8000000000,126.3333000000,0.1318855000
7.8200000000,126.5000000000,0.1322098000
7.8400000000,126.8333000000,0.1325340000
7.8600000000,128.5000000000,0.1329002000
7.8800000000,130.6667000000,0.1332245000
7.9000000000,131.5000000000,0.1335487000
7.9200000000,132.1667000000,0.1339130000
7.9400000000,132.1667000000,0.1342373000
7.9600000000,133.1667000000,0.1345634000
7.9800000000,134.5000000000,0.1348877000
8.0000000000,135.1667000000,0.1352520000
8.0200000000,135.6667000000,0.1355762000
8.0400000000,138.0000000000,0.1359005000
8.0600000000,140.3333000000,0.1362247000
8.0800000000,142.0000000000,0.1365490000
8.1000000000,142.3333000000,0.1368732000
8.1200000000,142.3333000000,0.1371994000
8.1400000000,143.6667000000,0.1375637000
8.1600000000,145.3333000000,0.1378880000
8.1800000000,146.6667000000,0.1382122000
8.2000000000,146.8333000000,0.1385365000
8.2200000000,148.1667000000,0.1389027000
8.2400000000,151.1667000000,0.1392269000
8.2600000000,152.8333000000,0.1395512000
8.2800000000,153.3333000000,0.1399155000
8.3000000000,153.5000000000,0.1402397000
8.3200000000,153.5000000000,0.1405640000
8.3400000000,156.6667000000,0.1408882000
8.3600000000,158.0000000000,0.1412144000
8.3800000000,157.8333000000,0.1415386000
8.4000000000,157.5000000000,0.1419029000
8.4200000000,156.5000000000,0.1422272000
8.4400000000,156.3333000000,0.1425514000
8.4600000000,156.3333000000,0.1428757000
8.4800000000,157.8333000000,0.1431999000
8.5000000000,161.3333000000,0.1435261000
8.5200000000,163.3333000000,0.1438904000
8.5400000000,165.1667000000,0.1442146000
8.5600000000,168.3333000000,0.1445389000
8.5800000000,171.3333000000,0.1449032000
8.6000000000,173.0000000000,0.1452293000
8.6200000000,174.5000000000,0.1455536000
8.6400000000,175.5000000000,0.1458778000
8.6600000000,176.0000000000,0.1462421000
8.6800000000,177.0000000000,0.1465664000
8.7000000000,179.0000000000,0.1468906000
8.7200000000,181.0000000000,0.1472149000
8.7400000000,182.0000000000,0.1475410000
8.7600000000,182.3333000000,0.1478653000
8.7800000000,182.5000000000,0.1481895000
8.8000000000,183.0000000000,0.1485138000
8.8200000000,184.6667000000,0.1488380000
8.8400000000,187.6667000000,0.1492023000
8.8600000000,190.0000000000,0.1495266000
8.8800000000,191.1667000000,0.1498508000
8.9000000000,191.3333000000,0.1501770000
8.9200000000,192.1667000000,0.1505413000
8.9400000000,194.8333000000,0.1508656000
8.9600000000,196.8333000000,0.1511898000
8.9800000000,198.0000000000,0.1515141000
9.0000000000,198.5000000000,0.1518803000
9.0200000000,200.6667000000,0.1522045000
9.0400000000,203.5000000000,0.1525288000
9.0600000000,205.3333000000,0.1528530000
9.0800000000,206.5000000000,0.1531773000
9.1000000000,208.0000000000,0.1535015000
9.1200000000,210.8333000000,0.1538258000
9.1400000000,214.0000000000,0.1541920000
9.1600000000,214.8333000000,0.1545162000
9.1800000000,215.0000000000,0.1548405000
9.2000000000,216.0000000000,0.1551647000
9.2200000000,219.6667000000,0.1555290000
9.2400000000,222.3333000000,0.1558533000
9.2600000000,223.3333000000,0.1561775000
9.2800000000,223.3333000000,0.1565437000
9.3000000000,224.1667000000,0.1568680000
9.3200000000,227.5000000000,0.1571922000
9.3400000000,229.8333000000,0.1575165000
9.3600000000,230.5000000000,0.1578808000
9.3800000000,232.1667000000,0.1582069000
9.4000000000,236.0000000000,0.1585312000
9.4200000000,240.8333000000,0.1588554000
9.4400000000,242.0000000000,0.1591797000
9.4600000000,242.8333000000,0.1595039000
9.4800000000,243.5000000000,0.1598682000
9.5000000000,244.6667000000,0.1601925000
9.5200000000,246.8333000000,0.1605167000
9.5400000000,248.8333000000,0.1608829000
9.5600000000,251.5000000000,0.1612072000
9.5800000000,253.6667000000,0.1615314000
9.6000000000,255.3333000000,0.1618958000
9.6200000000,256.0000000000,0.1622219000
9.6400000000,257.1667000000,0.1625462000
9.6600000000,259.0000000000,0.1628704000
9.6800000000,261.5000000000,0.1632347000
9.7000000000,265.1667000000,0.1635590000
9.7200000000,269.5000000000,0.1638832000
9.7400000000,270.3333000000,0.1642075000
9.7600000000,270.5000000000,0.1645317000
9.7800000000,270.5000000000,0.1648579000
9.8000000000,270.8333000000,0.1652222000
9.8200000000,272.0000000000,0.1655464000
9.8400000000,274.5000000000,0.1658707000
9.8600000000,276.5000000000,0.1661949000
9.8800000000,279.5000000000,0.1665611000
9.9000000000,283.1667000000,0.1668854000
9.9200000000,286.1667000000,0.1672096000
9.9400000000,286.5000000000,0.1675739000
9.9600000000,287.1667000000,0.1678982000
9.9800000000,288.8333000000,0.1682224000
10.0000000000,291.5000000000,0.1685467000
10.0200000000,295.0000000000,0.1689129000
10.0400000000,298.0000000000,0.1692371000
10.0600000000,299.5000000000,0.1695614000
10.0800000000,300.8333000000,0.1698856000
10.1000000000,302.8333000000,0.1702099000
10.1200000000,306.1667000000,0.1705341000
10.1400000000,306.1667000000,0.1709003000
10.1600000000,306.3333000000,0.1712246000
10.1800000000,308.6667000000,0.1715488000
10.2000000000,311.6667000000,0.1718731000
10.2200000000,313.3333000000,0.1722374000
10.2400000000,313.5000000000,0.1725616000
10.2600000000,314.0000000000,0.1728878000
10.2800000000,316.0000000000,0.1732521000
10.3000000000,319.1667000000,0.1735764000
10.3200000000,322.1667000000,0.1739006000
10.3400000000,323.5000000000,0.1742249000
10.3600000000,325.8333000000,0.1745491000
10.3800000000,328.5000000000,0.1749153000
10.4000000000,331.5000000000,0.1752396000
10.4200000000,334.3333000000,0.1755638000
10.4400000000,336.5000000000,0.1758881000
10.4600000000,338.5000000000,0.1762123000
10.4800000000,340.5000000000,0.1765366000
10.5000000000,342.3333000000,0.1769028000
10.5200000000,343.8333000000,0.1772270000
10.5400000000,344.8333000000,0.1775513000
10.5600000000,346.0000000000,0.1778755000
10.5800000000,348.5000000000,0.1782398000
10.6000000000,351.0000000000,0.1785641000
10.6200000000,352.8333000000,0.1788883000
10.6400000000,354.5000000000,0.1792545000
10.6600000000,356.5000000000,0.1795788000
10.6800000000,359.5000000000,0.1799030000
10.7000000000,362.3333000000,0.1802273000
10.7200000000,364.3333000000,0.1805515000
10.7400000000,365.0000000000,0.1808758000
10.7600000000,366.3333000000,0.1812000000
10.7800000000,368.6667000000,0.1815243000
10.8000000000,371.1667000000,0.1818905000
10.8200000000,373.5000000000,0.1822147000
10.8400000000,376.1667000000,0.1825390000
10.8600000000,380.0000000000,0.1829033000
10.8800000000,382.6667000000,0.1832275000
10.9000000000,384.1667000000,0.1835537000
10.9200000000,384.6667000000,0.1838779000
10.9400000000,385.3333000000,0.1842422000
10.9600000000,387.8333000000,0.1845665000
10.9800000000,390.5000000000,0.1848907000
11.0000000000,393.1667000000,0.1852150000
11.0200000000,395.1667000000,0.1855392000
11.0400000000,396.1667000000,0.1858654000
11.0600000000,399.3333000000,0.1862297000
11.0800000000,401.0000000000,0.1865540000
11.1000000000,402.3333000000,0.1868782000
11.1200000000,403.8333000000,0.1872025000
11.1400000000,405.8333000000,0.1875267000
11.1600000000,407.6667000000,0.1878510000
11.1800000000,410.5000000000,0.1882172000
11.2000000000,413.6667000000,0.1885414000
11.2200000000,417.1667000000,0.1888657000
11.2400000000,421.8333000000,0.1891899000
11.2600000000,424.5000000000,0.1895542000
11.2800000000,425.5000000000,0.1898804000
11.3000000000,425.8333000000,0.1902046000
11.3200000000,426.8333000000,0.1905289000
11.3400000000,430.5000000000,0.1908531000
11.3600000000,434.1667000000,0.1912174000
11.3800000000,435.5000000000,0.1915417000
11.4000000000,436.5000000000,0.1918659000
11.4200000000,438.5000000000,0.1921902000
11.4400000000,442.3333000000,0.1925163000
11.4600000000,444.5000000000,0.1928406000
11.4800000000,445.8333000000,0.1931648000
11.5000000000,447.1667000000,0.1935291000
11.5200000000,449.8333000000,0.1938534000
11.5400000000,453.6667000000,0.1941776000
11.5600000000,456.5000000000,0.1945438000
11.5800000000,457.6667000000,0.1948681000
11.6000000000,458.8333000000,0.1951923000
11.6200000000,460.3333000000,0.1955166000
11.6400000000,463.0000000000,0.1958809000
11.6600000000,467.0000000000,0.1962051000
11.6800000000,469.5000000000,0.1965313000
11.7000000000,471.5000000000,0.1968555000
11.7200000000,474.0000000000,0.1971798000
11.7400000000,478.3333000000,0.1975040000
11.7600000000,481.6667000000,0.1978683000
11.7800000000,482.6667000000,0.1981926000
11.8000000000,484.0000000000,0.1985168000
11.8200000000,485.8333000000,0.1988430000
11.8400000000,488.3333000000,0.1991673000
11.8600000000,491.6667000000,0.1995316000
11.8800000000,494.3333000000,0.1998558000
11.9000000000,495.8333000000,0.2001801000
11.9200000000,496.8333000000,0.2005463000
11.9400000000,499.0000000000,0.2008705000
11.9600000000,502.3333000000,0.2011948000
11.9800000000,505.5000000000,0.2015591000
12.0000000000,508.5000000000,0.2018833000
12.0200000000,511.6667000000,0.2022076000
12.0400000000,515.0000000000,0.2025318000
12.0600000000,517.3333000000,0.2028561000
12.0800000000,518.8333000000,0.2031822000
12.1000000000,520.5000000000,0.2035465000
12.1200000000,523.3333000000,0.2038708000
12.1400000000,527.0000000000,0.2041950000
12.1600000000,529.8333000000,0.2045193000
12.1800000000,532.0000000000,0.2048435000
12.2000000000,535.6667000000,0.2052097000
12.2200000000,541.0000000000,0.2055340000
12.2400000000,546.0000000000,0.2058983000
12.2600000000,546.8333000000,0.2062225000
12.2800000000,547.5000000000,0.2065468000
12.3000000000,548.6667000000,0.2068710000
12.3200000000,551.3333000000,0.2072372000
12.3400000000,555.3333000000,0.2075615000
12.3600000000,557.5000000000,0.2078857000
12.3800000000,558.1667000000,0.2082100000
12.4000000000,558.3333000000,0.2085342000
12.4200000000,558.5000000000,0.2089005000
12.4400000000,559.3333000000,0.2092247000
12.4600000000,563.3333000000,0.2095490000
12.4800000000,567.6667000000,0.2098732000
12.5000000000,571.0000000000,0.2102375000
12.5200000000,574.1667000000,0.2105618000
12.5400000000,578.1667000000,0.2108860000
12.5600000000,583.3333000000,0.2112122000
12.5800000000,585.5000000000,0.2115765000
12.6000000000,587.3333000000,0.2119007000
12.6200000000,590.1667000000,0.2122250000
12.6400000000,593.8333000000,0.2125893000
12.6600000000,595.3333000000,0.2129154000
12.6800000000,597.8333000000,0.2132397000
12.7000000000,602.0000000000,0.2135639000
12.7200000000,606.5000000000,0.2138882000
12.7400000000,609.6667000000,0.2142124000
12.7600000000,609.8333000000,0.2145367000
12.7800000000,610.0000000000,0.2149010000
12.8000000000,612.8333000000,0.2152271000
12.8200000000,616.5000000000,0.2155514000
12.8400000000,619.5000000000,0.2158756000
12.8600000000,620.8333000000,0.2162399000
12.8800000000,623.6667000000,0.2165642000
12.9000000000,627.0000000000,0.2168884000
12.9200000000,629.5000000000,0.2172546000
12.9400000000,630.8333000000,0.2175789000
12.9600000000,632.3333000000,0.2179031000
12.9800000000,634.5000000000,0.2182274000
13.0000000000,637.1667000000,0.2185516000
13.0200000000,640.3333000000,0.2188759000
13.0400000000,643.8333000000,0.2192421000
13.0600000000,647.6667000000,0.2195663000
13.0800000000,651.8333000000,0.2198906000
13.1000000000,655.1667000000,0.2202148000
13.1200000000,657.8333000000,0.2205391000
13.1400000000,660.1667000000,0.2208633000
13.1600000000,661.5000000000,0.2212276000
13.1800000000,663.5000000000,0.2215519000
13.2000000000,668.1667000000,0.2218781000
13.2200000000,671.5000000000,0.2222424000
13.2400000000,672.6667000000,0.2225666000
13.2600000000,673.3333000000,0.2228909000
13.2800000000,675.0000000000,0.2232151000
13.3000000000,677.6667000000,0.2235813000
13.3200000000,680.6667000000,0.2239056000
13.3400000000,683.5000000000,0.2242298000
13.3600000000,685.8333000000,0.2245541000
13.3800000000,689.5000000000,0.2248783000
13.4000000000,693.0000000000,0.2252026000
13.4200000000,695.5000000000,0.2255268000
13.4400000000,697.1667000000,0.2258511000
13.4600000000,699.6667000000,0.2262173000
13.4800000000,703.0000000000,0.2265415000
13.5000000000,707.3333000000,0.2268658000
13.5200000000,711.0000000000,0.2271900000
13.5400000000,713.3333000000,0.2275543000
13.5600000000,714.5000000000,0.2278786000
13.5800000000,718.3333000000,0.2282047000
13.6000000000,720.1667000000,0.2285290000
13.6200000000,721.1667000000,0.2288933000
13.6400000000,722.0000000000,0.2292175000
13.6600000000,723.6667000000,0.2295418000
13.6800000000,727.8333000000,0.2298660000
13.7000000000,732.1667000000,0.2301903000
13.7200000000,735.1667000000,0.2305145000
13.7400000000,736.8333000000,0.2308407000
13.7600000000,738.6667000000,0.2312050000
13.7800000000,742.1667000000,0.2315292000
13.8000000000,744.1667000000,0.2318535000
13.8200000000,745.5000000000,0.2321777000
13.8400000000,747.0000000000,0.2325020000
13.8600000000,749.6667000000,0.2328682000
13.8800000000,755.0000000000,0.2331924000
13.9000000000,759.6667000000,0.2335167000
13.9200000000,761.8333000000,0.2338409000
13.9400000000,762.6667000000,0.2342052000
13.9600000000,764.1667000000,0.2345295000
13.9800000000,767.5000000000,0.2348557000
14.0000000000,770.5000000000,0.2351799000
14.0200000000,773.8333000000,0.2355042000
14.0400000000,777.5000000000,0.2358685000
14.0600000000,780.8333000000,0.2361927000
14.0800000000,782.6667000000,0.2365170000
14.1000000000,785.0000000000,0.2368412000
14.1200000000,787.3333000000,0.2371674000
14.1400000000,790.0000000000,0.2374916000
14.1600000000,793.1667000000,0.2378559000
14.1800000000,795.8333000000,0.2381802000
14.2000000000,798.1667000000,0.2385044000
14.2200000000,800.0000000000,0.2388706000
14.2400000000,801.8333000000,0.2391949000
14.2600000000,804.1667000000,0.2395191000
14.2800000000,807.5000000000,0.2398834000
14.3000000000,810.5000000000,0.2402077000
14.3200000000,813.8333000000,0.2405319000
14.3400000000,817.5000000000,0.2408562000
14.3600000000,821.0000000000,0.2412224000
14.3800000000,824.3333000000,0.2415466000
14.4000000000,826.0000000000,0.2418709000
14.4200000000,828.3333000000,0.2421951000
14.4400000000,832.3333000000,0.2425194000
14.4600000000,837.0000000000,0.2428856000
14.4800000000,839.6667000000,0.2432098000
14.5000000000,840.6667000000,0.2435341000
14.5200000000,843.0000000000,0.2438583000
14.5400000000,846.6667000000,0.2442226000
14.5600000000,850.5000000000,0.2445469000
14.5800000000,851.5000000000,0.2448711000
14.6000000000,852.3333000000,0.2452374000
14.6200000000,855.6667000000,0.2455616000
14.6400000000,860.0000000000,0.2458858000
14.6600000000,863.8333000000,0.2462502000
14.6800000000,866.5000000000,0.2465744000
14.7000000000,868.1667000000,0.2469006000
14.7200000000,871.1667000000,0.2472248000
14.7400000000,874.5000000000,0.2475491000
14.7600000000,877.3333000000,0.2478733000
14.7800000000,879.5000000000,0.2481976000
14.8000000000,882.1667000000,0.2485619000
14.8200000000,887.1667000000,0.2488861000
14.8400000000,891.8333000000,0.2492104000
14.8600000000,894.0000000000,0.2495766000
14.8800000000,894.1667000000,0.2499008000
14.9000000000,896.0000000000,0.2502251000
14.9200000000,898.8333000000,0.2505493000
14.9400000000,902.0000000000,0.2509155000
14.9600000000,905.1667000000,0.2512398000
14.9800000000,907.6667000000,0.2515640000
15.0000000000,910.8333000000,0.2518883000
15.0200000000,915.5000000000,0.2522125000
15.0400000000,919.5000000000,0.2525368000
15.0600000000,921.6667000000,0.2529011000
15.0800000000,921.8333000000,0.2532253000
15.1000000000,923.8333000000,0.2535515000
15.1200000000,926.0000000000,0.2538757000
15.1400000000,928.8333000000,0.2542000000
15.1600000000,932.5000000000,0.2545643000
15.1800000000,936.3333000000,0.2548885000
15.2000000000,939.5000000000,0.2552128000
15.2200000000,944.3333000000,0.2555790000
15.2400000000,949.5000000000,0.2559032000
15.2600000000,953.1667000000,0.2562275000
15.2800000000,954.1667000000,0.2565517000
15.3000000000,954.6667000000,0.2569160000
15.3200000000,959.5000000000,0.2572403000
15.3400000000,965.3333000000,0.2575665000
15.3600000000,969.1667000000,0.2578907000
15.3800000000,969.5000000000,0.2582150000
15.4000000000,971.1667000000,0.2585392000
15.4200000000,974.0000000000,0.2588634000
15.4400000000,976.5000000000,0.2592278000
15.4600000000,978.6667000000,0.2595520000
15.4800000000,981.0000000000,0.2598782000
15.5000000000,984.0000000000,0.2602024000
15.5200000000,988.5000000000,0.2605667000
15.5400000000,992.8333000000,0.2608910000
15.5600000000,996.1667000000,0.2612152000
15.5800000000,998.3333000000,0.2615395000
15.6000000000,999.8333000000,0.2619057000
15.6200000000,1002.0000000000,0.2622299000
15.6400000000,1005.3330000000,0.2625542000
15.6600000000,1008.8330000000,0.2628784000
15.6800000000,1011.8330000000,0.2632027000
15.7000000000,1015.6670000000,0.2635269000
15.7200000000,1019.6670000000,0.2638931000
15.7400000000,1023.1670000000,0.2642174000
15.7600000000,1026.1670000000,0.2645416000
15.7800000000,1028.6670000000,0.2648659000
15.8000000000,1031.8330000000,0.2651901000
15.8200000000,1034.6670000000,0.2655544000
15.8400000000,1037.1670000000,0.2658787000
15.8600000000,1039.5000000000,0.2662029000
15.8800000000,1041.8330000000,0.2665291000
15.9000000000,1044.8330000000,0.2668934000
15.9200000000,1048.1670000000,0.2672176000
15.9400000000,1051.8330000000,0.2675419000
15.9600000000,1056.0000000000,0.2678661000
15.9800000000,1060.5000000000,0.2682323000
16.0000000000,1064.3330000000,0.2685566000
16.0200000000,1067.1670000000,0.2688808000
16.0400000000,1069.5000000000,0.2692051000
16.0600000000,1072.1670000000,0.2695293000
16.0800000000,1075.6670000000,0.2698536000
16.1000000000,1079.8330000000,0.2701778000
16.1200000000,1082.6670000000,0.2705021000
16.1400000000,1085.5000000000,0.2708683000
16.1600000000,1088.8330000000,0.2711926000
16.1800000000,1093.3330000000,0.2715168000
16.2000000000,1099.3330000000,0.2718410000
16.2200000000,1102.5000000000,0.2722054000
16.2400000000,1104.1670000000,0.2725296000
16.2600000000,1106.0000000000,0.2728558000
16.2800000000,1109.0000000000,0.2732201000
16.3000000000,1113.0000000000,0.2735443000
16.3200000000,1116.8330000000,0.2738686000
16.3400000000,1119.8330000000,0.2741928000
16.3600000000,1122.6670000000,0.2745171000
16.3800000000,1125.3330000000,0.2748413000
16.4000000000,1125.5000000000,0.2751656000
16.4200000000,1127.8330000000,0.2755318000
16.4400000000,1131.5000000000,0.2758560000
16.4600000000,1134.5000000000,0.2761803000
16.4800000000,1137.1670000000,0.2765045000
16.5000000000,1141.5000000000,0.2768688000
16.5200000000,1147.0000000000,0.2771950000
16.5400000000,1151.5000000000,0.2775192000
16.5600000000,1155.1670000000,0.2778435000
16.5800000000,1158.1670000000,0.2782078000
16.6000000000,1160.6670000000,0.2785320000
16.6200000000,1163.1670000000,0.2788563000
16.6400000000,1166.8330000000,0.2791805000
16.6600000000,1171.5000000000,0.2795467000
16.6800000000,1176.0000000000,0.2798710000
16.7000000000,1180.0000000000,0.2801952000
16.7200000000,1183.5000000000,0.2805195000
16.7400000000,1186.0000000000,0.2808437000
16.7600000000,1188.5000000000,0.2811680000
16.7800000000,1191.3330000000,0.2815342000
16.8000000000,1194.3330000000,0.2818584000
16.8200000000,1196.8330000000,0.2821827000
16.8400000000,1200.8330000000,0.2825069000
16.8600000000,1206.3330000000,0.2828712000
16.8800000000,1211.1670000000,0.2831955000
16.9000000000,1213.6670000000,0.2835217000
16.9200000000,1214.6670000000,0.2838860000
16.9400000000,1217.1670000000,0.2842102000
16.9600000000,1220.1670000000,0.2845345000
16.9800000000,1223.5000000000,0.2848988000
17.0000000000,1227.1670000000,0.2852249000
17.0200000000,1230.8330000000,0.2855492000
17.0400000000,1234.5000000000,0.2858734000
17.0600000000,1238.3330000000,0.2861977000
17.0800000000,1241.8330000000,0.2865620000
17.1000000000,1244.8330000000,0.2868862000
17.1200000000,1248.0000000000,0.2872105000
17.1400000000,1251.5000000000,0.2875366000
17.1600000000,1256.1670000000,0.2878609000
17.1800000000,1260.8330000000,0.2882252000
17.2000000000,1263.6670000000,0.2885494000
17.2200000000,1264.5000000000,0.2888737000
17.2400000000,1266.8330000000,0.2892399000
17.2600000000,1269.8330000000,0.2895641000
17.2800000000,1273.1670000000,0.2898884000
17.3000000000,1277.0000000000,0.2902126000
17.3200000000,1280.0000000000,0.2905769000
17.3400000000,1284.0000000000,0.2909012000
17.3600000000,1290.0000000000,0.2912254000
17.3800000000,1295.8330000000,0.2915497000
17.4000000000,1298.6670000000,0.2918758000
17.4200000000,1298.8330000000,0.2922001000
17.4400000000,1302.5000000000,0.2925644000
17.4600000000,1307.1670000000,0.2928886000
17.4800000000,1311.1670000000,0.2932129000
17.5000000000,1313.6670000000,0.2935371000
17.5200000000,1316.6670000000,0.2939034000
17.5400000000,1321.6670000000,0.2942276000
17.5600000000,1325.3330000000,0.2945518000
17.5800000000,1327.5000000000,0.2949162000
17.6000000000,1329.3330000000,0.2952404000
17.6200000000,1332.6670000000,0.2955647000
17.6400000000,1337.5000000000,0.2958908000
17.6600000000,1342.1670000000,0.2962151000
17.6800000000,1345.8330000000,0.2965794000
17.7000000000,1347.8330000000,0.2969036000
17.7200000000,1350.6670000000,0.2972279000
17.7400000000,1355.1670000000,0.2975521000
17.7600000000,1359.3330000000,0.2978764000
17.7800000000,1362.1670000000,0.2982025000
17.8000000000,1364.0000000000,0.2985668000
17.8200000000,1366.3330000000,0.2988911000
17.8400000000,1370.5000000000,0.2992153000
17.8600000000,1375.3330000000,0.2995396000
17.8800000000,1379.8330000000,0.2999058000
17.9000000000,1383.3330000000,0.3002300000
17.9200000000,1386.5000000000,0.3005543000
17.9400000000,1389.1670000000,0.3009186000
17.9600000000,1392.1670000000,0.3012428000
17.9800000000,1395.8330000000,0.3015671000
18.0000000000,1400.5000000000,0.3018913000
18.0200000000,1405.0000000000,0.3022175000
18.0400000000,1410.1670000000,0.3025417000
18.0600000000,1413.5000000000,0.3028660000
18.0800000000,1415.3330000000,0.3032303000
18.1000000000,1416.3330000000,0.3035545000
18.1200000000,1418.5000000000,0.3038788000
18.1400000000,1421.5000000000,0.3042030000
18.1600000000,1425.5000000000,0.3045273000
18.1800000000,1429.1670000000,0.3048935000
18.2000000000,1432.1670000000,0.3052177000
18.2200000000,1435.8330000000,0.3055420000
18.2400000000,1440.6670000000,0.3059063000
18.2600000000,1444.0000000000,0.3062325000
18.2800000000,1446.6670000000,0.3065567000
18.3000000000,1449.8330000000,0.3068810000
18.3200000000,1454.0000000000,0.3072052000
18.3400000000,1457.8330000000,0.3075695000
18.3600000000,1461.0000000000,0.3078938000
18.3800000000,1464.6670000000,0.3082180000
18.4000000000,1469.3330000000,0.3085423000
18.4200000000,1474.3330000000,0.3088684000
18.4400000000,1476.6670000000,0.3091927000
18.4600000000,1478.8330000000,0.3095169000
18.4800000000,1482.3330000000,0.3098812000
18.5000000000,1486.8330000000,0.3102055000
18.5200000000,1489.8330000000,0.3105297000
18.5400000000,1493.0000000000,0.3108540000
18.5600000000,1496.6670000000,0.3112202000
18.5800000000,1499.5000000000,0.3115444000
18.6000000000,1501.5000000000,0.3118687000
18.6200000000,1504.6670000000,0.3121929000
18.6400000000,1509.6670000000,0.3125572000
18.6600000000,1513.3330000000,0.3128834000
18.6800000000,1516.1670000000,0.3132076000
18.7000000000,1519.1670000000,0.3135319000
18.7200000000,1523.3330000000,0.3138561000
18.7400000000,1527.1670000000,0.3141804000
18.7600000000,1531.0000000000,0.3145046000
18.7800000000,1535.0000000000,0.3148289000
18.8000000000,1539.5000000000,0.3151951000
18.8200000000,1544.3330000000,0.3155193000
18.8400000000,1547.5000000000,0.3158436000
18.8600000000,1549.3330000000,0.3162079000
18.8800000000,1551.1670000000,0.3165321000
18.9000000000,1553.8330000000,0.3168564000
18.9200000000,1557.6670000000,0.3171806000
18.9400000000,1561.6670000000,0.3175468000
18.9600000000,1565.3330000000,0.3178711000
18.9800000000,1568.8330000000,0.3181953000
19.0000000000,1573.3330000000,0.3185196000
19.0200000000,1580.0000000000,0.3188438000
19.0400000000,1583.6670000000,0.3191681000
19.0600000000,1584.8330000000,0.3195343000
19.0800000000,1586.1670000000,0.3198586000
19.1000000000,1588.8330000000,0.3201828000
19.1200000000,1592.1670000000,0.3205070000
19.1400000000,1597.0000000000,0.3208714000
19.1600000000,1601.1670000000,0.3211956000
19.1800000000,1605.8330000000,0.3215199000
19.2000000000,1610.6670000000,0.3218460000
19.2200000000,1614.6670000000,0.3222103000
19.2400000000,1616.3330000000,0.3225346000
19.2600000000,1618.8330000000,0.3228588000
19.2800000000,1622.8330000000,0.3232231000
19.3000000000,1627.5000000000,0.3235493000
19.3200000000,1631.8330000000,0.3238735000
19.3400000000,1635.0000000000,0.3241978000
19.3600000000,1639.0000000000,0.3245621000
19.3800000000,1642.6670000000,0.3248863000
19.4000000000,1645.8330000000,0.3252106000
19.4200000000,1648.5000000000,0.3255348000
19.4400000000,1651.1670000000,0.3258610000
19.4600000000,1654.0000000000,0.3261852000
19.4800000000,1658.3330000000,0.3265495000
19.5000000000,1663.6670000000,0.3268738000
19.5200000000,1668.1670000000,0.3271980000
19.5400000000,1670.0000000000,0.3275642000
19.5600000000,1672.5000000000,0.3278885000
19.5800000000,1675.8330000000,0.3282127000
19.6000000000,1679.3330000000,0.3285770000
19.6200000000,1683.0000000000,0.3289013000
19.6400000000,1686.0000000000,0.3292255000
19.6600000000,1689.1670000000,0.3295498000
19.6800000000,1693.3330000000,0.3298759000
19.7000000000,1697.8330000000,0.3302002000
19.7200000000,1701.8330000000,0.3305645000
19.7400000000,1705.1670000000,0.3308887000
19.7600000000,1708.8330000000,0.3312130000
19.7800000000,1712.3330000000,0.3315372000
19.8000000000,1716.1670000000,0.3319035000
19.8200000000,1720.3330000000,0.3322277000
19.8400000000,1723.5000000000,0.3325520000
19.8600000000,1726.5000000000,0.3328762000
19.8800000000,1730.1670000000,0.3332405000
19.9000000000,1734.0000000000,0.3335648000
19.9200000000,1737.1670000000,0.3338909000
19.9400000000,1740.0000000000,0.3342152000
19.9600000000,1744.3330000000,0.3345795000
19.9800000000,1748.6670000000,0.3349037000
20.0000000000,1753.0000000000,0.3352280000
20.0200000000,1757.3330000000,0.3355522000
20.0400000000,1761.1670000000,0.3358765000
20.0600000000,1765.0000000000,0.3362007000
20.0800000000,1768.5000000000,0.3365269000
20.1000000000,1771.3330000000,0.3368912000
20.1200000000,1773.8330000000,0.3372154000
20.1400000000,1778.3330000000,0.3375397000
20.1600000000,1784.8330000000,0.3378639000
20.1800000000,1788.8330000000,0.3382301000
20.2000000000,1790.6670000000,0.3385544000
20.2200000000,1792.0000000000,0.3388786000
20.2400000000,1796.6670000000,0.3392429000
20.2600000000,1801.0000000000,0.3395672000
20.2800000000,1804.3330000000,0.3398914000
20.3000000000,1807.0000000000,0.3402157000
20.3200000000,1809.6670000000,0.3405418000
20.3400000000,1813.6670000000,0.3409061000
20.3600000000,1818.3330000000,0.3412304000
20.3800000000,1821.3330000000,0.3415546000
20.4000000000,1824.0000000000,0.3418789000
20.4200000000,1826.8330000000,0.3422031000
20.4400000000,1830.3330000000,0.3425274000
20.4600000000,1832.8330000000,0.3428936000
20.4800000000,1837.0000000000,0.3432178000
20.5000000000,1841.6670000000,0.3435421000
20.5200000000,1846.1670000000,0.3439064000
20.5400000000,1849.3330000000,0.3442307000
20.5600000000,1853.3330000000,0.3445568000
20.5800000000,1856.8330000000,0.3448811000
20.6000000000,1859.8330000000,0.3452454000
20.6200000000,1863.3330000000,0.3455696000
20.6400000000,1868.0000000000,0.3458939000
20.6600000000,1873.3330000000,0.3462181000
20.6800000000,1877.6670000000,0.3465424000
20.7000000000,1880.8330000000,0.3468666000
20.7200000000,1883.5000000000,0.3471928000
20.7400000000,1886.8330000000,0.3475571000
20.7600000000,1889.5000000000,0.3478813000
20.7800000000,1892.1670000000,0.3482056000
20.8000000000,1895.6670000000,0.3485298000
20.8200000000,1900.5000000000,0.3488541000
20.8400000000,1906.1670000000,0.3492203000
20.8600000000,1909.1670000000,0.3495445000
20.8800000000,1911.5000000000,0.3498688000
20.9000000000,1914.1670000000,0.3502331000
20.9200000000,1917.3330000000,0.3505573000
20.9400000000,1920.8330000000,0.3508816000
20.9600000000,1925.0000000000,0.3512077000
20.9800000000,1928.8330000000,0.3515320000
21.0000000000,1932.8330000000,0.3518562000
21.0200000000,1937.1670000000,0.3522205000
21.0400000000,1942.0000000000,0.3525448000
21.0600000000,1946.1670000000,0.3528690000
21.0800000000,1948.8330000000,0.3531933000
21.1000000000,1951.6670000000,0.3535194000
21.1200000000,1955.0000000000,0.3538437000
21.1400000000,1959.0000000000,0.3542080000
21.1600000000,1962.8330000000,0.3545322000
21.1800000000,1966.5000000000,0.3548565000
21.2000000000,1969.6670000000,0.3551807000
21.2200000000,1972.3330000000,0.3555470000
21.2400000000,1975.5000000000,0.3558712000
21.2600000000,1979.3330000000,0.3561954000
21.2800000000,1983.5000000000,0.3565197000
21.3000000000,1987.1670000000,0.3568439000
21.3200000000,1991.0000000000,0.3572083000
21.3400000000,1995.3330000000,0.3575344000
21.3600000000,2000.3330000000,0.3578587000
21.3800000000,2002.8330000000,0.3581829000
21.4000000000,2005.5000000000,0.3585072000
21.4200000000,2009.1670000000,0.3588314000
21.4400000000,2013.8330000000,0.3591957000
21.4600000000,2017.3330000000,0.3595200000
21.4800000000,2020.5000000000,0.3598442000
21.5000000000,2024.3330000000,0.3601704000
21.5200000000,2029.0000000000,0.3605347000
21.5400000000,2034.0000000000,0.3608589000
21.5600000000,2037.3330000000,0.3611832000
21.5800000000,2039.1670000000,0.3615494000
21.6000000000,2041.5000000000,0.3618736000
21.6200000000,2044.8330000000,0.3621979000
21.6400000000,2048.8330000000,0.3625221000
21.6600000000,2052.0000000000,0.3628464000
21.6800000000,2054.6670000000,0.3632107000
21.7000000000,2058.3330000000,0.3635349000
21.7200000000,2063.1670000000,0.3638592000
21.7400000000,2068.3330000000,0.3641853000
21.7600000000,2071.6670000000,0.3645096000
21.7800000000,2074.0000000000,0.3648739000
21.8000000000,2077.0000000000,0.3651981000
21.8200000000,2080.5000000000,0.3655224000
21.8400000000,2084.5000000000,0.3658886000
21.8600000000,2088.3330000000,0.3662128000
21.8800000000,2091.8330000000,0.3665371000
21.9000000000,2095.8330000000,0.3669014000
21.9200000000,2100.0000000000,0.3672256000
21.9400000000,2103.1670000000,0.3675499000
21.9600000000,2105.6670000000,0.3678741000
21.9800000000,2110.5000000000,0.3682003000
22.0000000000,2114.8330000000,0.3685646000
22.0200000000,2119.3330000000,0.3688889000
22.0400000000,2124.3330000000,0.3692131000
22.0600000000,2127.6670000000,0.3695374000
22.0800000000,2128.8330000000,0.3698616000
22.1000000000,2131.8330000000,0.3702278000
22.1200000000,2135.6670000000,0.3705521000
22.1400000000,2139.3330000000,0.3708763000
22.1600000000,2142.8330000000,0.3712006000
22.1800000000,2147.5000000000,0.3715649000
22.2000000000,2151.5000000000,0.3718891000
22.2200000000,2154.0000000000,0.3722153000
22.2400000000,2155.5000000000,0.3725796000
22.2600000000,2159.0000000000,0.3729038000
22.2800000000,2162.8330000000,0.3732281000
22.3000000000,2166.5000000000,0.3735523000
22.3200000000,2170.6670000000,0.3738766000
22.3400000000,2175.3330000000,0.3742428000
22.3600000000,2179.5000000000,0.3745670000
22.3800000000,2183.6670000000,0.3748913000
22.4000000000,2188.6670000000,0.3752155000
22.4200000000,2192.6670000000,0.3755398000
22.4400000000,2195.3330000000,0.3759041000
22.4600000000,2197.1670000000,0.3762302000
22.4800000000,2200.1670000000,0.3765545000
22.5000000000,2204.0000000000,0.3768787000
22.5200000000,2208.3330000000,0.3772430000
22.5400000000,2212.1670000000,0.3775673000
22.5600000000,2213.8330000000,0.3778915000
22.5800000000,2215.8330000000,0.3782578000
22.6000000000,2220.0000000000,0.3785820000
22.6200000000,2224.6670000000,0.3789063000
22.6400000000,2229.0000000000,0.3792305000
22.6600000000,2232.0000000000,0.3795547000
22.6800000000,2236.3330000000,0.3799191000
22.7000000000,2241.6670000000,0.3802433000
22.7200000000,2245.5000000000,0.3805695000
22.7400000000,2247.8330000000,0.3808937000
22.7600000000,2249.5000000000,0.3812180000
22.7800000000,2254.5000000000,0.3815422000
22.8000000000,2260.3330000000,0.3819065000
22.8200000000,2264.5000000000,0.3822308000
22.8400000000,2266.6670000000,0.3825550000
22.8600000000,2268.5000000000,0.3828812000
22.8800000000,2273.1670000000,0.3832455000
22.9000000000,2276.6670000000,0.3835697000
22.9200000000,2279.5000000000,0.3838940000
22.9400000000,2282.6670000000,0.3842182000
22.9600000000,2287.1670000000,0.3845425000
22.9800000000,2292.3330000000,0.3849087000
23.0000000000,2296.0000000000,0.3852329000
23.0200000000,2298.5000000000,0.3855572000
23.0400000000,2300.6670000000,0.3858814000
23.0600000000,2303.6670000000,0.3862057000
23.0800000000,2308.3330000000,0.3865299000
23.1000000000,2312.3330000000,0.3868542000
23.1200000000,2315.6670000000,0.3872204000
23.1400000000,2319.0000000000,0.3875446000
23.1600000000,2323.5000000000,0.3878689000
23.1800000000,2327.1670000000,0.3882332000
23.2000000000,2330.5000000000,0.3885574000
23.2200000000,2334.0000000000,0.3888817000
23.2400000000,2337.0000000000,0.3892059000
23.2600000000,2340.0000000000,0.3895721000
23.2800000000,2344.1670000000,0.3898964000
23.3000000000,2348.8330000000,0.3902206000
23.3200000000,2353.6670000000,0.3905449000
23.3400000000,2358.5000000000,0.3908691000
23.3600000000,2362.6670000000,0.3911934000
23.3800000000,2365.8330000000,0.3915176000
23.4000000000,2368.5000000000,0.3918438000
23.4200000000,2370.8330000000,0.3922081000
23.4400000000,2373.6670000000,0.3925323000
23.4600000000,2377.1670000000,0.3928566000
23.4800000000,2381.0000000000,0.3931808000
23.5000000000,2384.6670000000,0.3935051000
23.5200000000,2387.3330000000,0.3938713000
23.5400000000,2389.3330000000,0.3941956000
23.5600000000,2391.6670000000,0.3945198000
23.5800000000,2396.3330000000,0.3948441000
23.6000000000,2401.0000000000,0.3952084000
23.6200000000,2404.8330000000,0.3955326000
23.6400000000,2408.5000000000,0.3958588000
23.6600000000,2412.6670000000,0.3961830000
23.6800000000,2417.3330000000,0.3965073000
23.7000000000,2421.1670000000,0.3968315000
23.7200000000,2424.6670000000,0.3971958000
23.7400000000,2428.8330000000,0.3975201000
23.7600000000,2433.5000000000,0.3978443000
23.7800000000,2437.3330000000,0.3981705000
23.8000000000,2439.8330000000,0.3984947000
23.8200000000,2443.6670000000,0.3988590000
23.8400000000,2448.3330000000,0.3991833000
23.8600000000,2452.5000000000,0.3995075000
23.8800000000,2454.3330000000,0.3998737000
23.9000000000,2456.6670000000,0.4001980000
23.9200000000,2460.6670000000,0.4005222000
23.9400000000,2465.1670000000,0.4008465000
23.9600000000,2469.1670000000,0.4011707000
23.9800000000,2471.6670000000,0.4015350000
24.0000000000,2475.0000000000,0.4018593000
24.0200000000,2479.8330000000,0.4021835000
24.0400000000,2484.5000000000,0.4025097000
24.0600000000,2488.1670000000,0.4028339000
24.0800000000,2491.3330000000,0.4031982000
24.1000000000,2495.0000000000,0.4035225000
24.1200000000,2500.0000000000,0.4038467000
24.1400000000,2505.3330000000,0.4041710000
24.1600000000,2509.5000000000,0.4045372000
24.1800000000,2510.6670000000,0.4048615000
24.2000000000,2513.6670000000,0.4052258000
24.2200000000,2517.3330000000,0.4055500000
24.2400000000,2520.6670000000,0.4058743000
24.2600000000,2523.6670000000,0.4062405000
24.2800000000,2527.3330000000,0.4065647000
24.3000000000,2531.3330000000,0.4068890000
24.3200000000,2536.5000000000,0.4072132000
24.3400000000,2541.3330000000,0.4075375000
24.3600000000,2544.5000000000,0.4079018000
24.3800000000,2546.0000000000,0.4082279000
24.4000000000,2548.3330000000,0.4085522000
24.4200000000,2550.1670000000,0.4088764000
24.4400000000,2552.6670000000,0.4092007000
24.4600000000,2556.5000000000,0.4095650000
24.4800000000,2561.5000000000,0.4098892000
24.5000000000,2565.8330000000,0.4102135000
24.5200000000,2570.3330000000,0.4105797000
24.5400000000,2574.6670000000,0.4109039000
24.5600000000,2578.8330000000,0.4112282000
24.5800000000,2582.3330000000,0.4115925000
24.6000000000,2587.0000000000,0.4119167000
24.6200000000,2592.0000000000,0.4122429000
24.6400000000,2596.0000000000,0.4125671000
24.6600000000,2598.8330000000,0.4128914000
24.6800000000,2601.8330000000,0.4132156000
24.7000000000,2605.5000000000,0.4135399000
24.7200000000,2610.0000000000,0.4139042000
24.7400000000,2613.6670000000,0.4142284000
24.7600000000,2616.0000000000,0.4145546000
24.7800000000,2617.8330000000,0.4148788000
24.8000000000,2622.5000000000,0.4152431000
24.8200000000,2626.6670000000,0.4155674000
24.8400000000,2629.5000000000,0.4158916000
24.8600000000,2631.6670000000,0.4162159000
24.8800000000,2634.5000000000,0.4165821000
24.9000000000,2637.8330000000,0.4169064000
24.9200000000,2641.3330000000,0.4172306000
24.9400000000,2645.3330000000,0.4175549000
24.9600000000,2649.5000000000,0.4179192000
24.9800000000,2653.6670000000,0.4182434000
25.0000000000,2658.0000000000,0.4185696000
25.0200000000,2663.6670000000,0.4188938000
25.0400000000,2668.3330000000,0.4192181000
25.0600000000,2671.1670000000,0.4195423000
25.0800000000,2673.0000000000,0.4198666000
25.1000000000,2676.1670000000,0.4202309000
25.1200000000,2680.1670000000,0.4205551000
25.1400000000,2683.8330000000,0.4208794000
25.1600000000,2687.1670000000,0.4212055000
25.1800000000,2689.8330000000,0.4215698000
25.2000000000,2693.0000000000,0.4218941000
25.2200000000,2695.6670000000,0.4222183000
25.2400000000,2698.8330000000,0.4225845000
25.2600000000,2702.5000000000,0.4229088000
25.2800000000,2706.8330000000,0.4232330000
25.3000000000,2712.1670000000,0.4235573000
25.3200000000,2716.3330000000,0.4238815000
25.3400000000,2719.0000000000,0.4242058000
25.3600000000,2721.6670000000,0.4245701000
25.3800000000,2725.6670000000,0.4248943000
25.4000000000,2730.1670000000,0.4252205000
25.4200000000,2734.0000000000,0.4255447000
25.4400000000,2737.6670000000,0.4258690000
25.4600000000,2741.8330000000,0.4261932000
25.4800000000,2746.5000000000,0.4265575000
25.5000000000,2751.3330000000,0.4268818000
25.5200000000,2754.5000000000,0.4272060000
25.5400000000,2756.0000000000,0.4275322000
25.5600000000,2757.6670000000,0.4278965000
25.5800000000,2761.0000000000,0.4282207000
25.6000000000,2765.3330000000,0.4285450000
25.6200000000,2768.5000000000,0.4288692000
25.6400000000,2771.3330000000,0.4291935000
25.6600000000,2775.0000000000,0.4295597000
25.6800000000,2779.6670000000,0.4298840000
25.7000000000,2784.3330000000,0.4302082000
25.7200000000,2786.6670000000,0.4305325000
25.7400000000,2788.6670000000,0.4308567000
25.7600000000,2791.3330000000,0.4311810000
25.7800000000,2795.3330000000,0.4315052000
25.8000000000,2800.0000000000,0.4318714000
25.8200000000,2803.1670000000,0.4321957000
25.8400000000,2806.3330000000,0.4325199000
25.8600000000,2811.1670000000,0.4328842000
25.8800000000,2816.6670000000,0.4332085000
25.9000000000,2819.5000000000,0.4335327000
25.9200000000,2821.1670000000,0.4338570000
25.9400000000,2824.3330000000,0.4342232000
25.9600000000,2829.0000000000,0.4345474000
25.9800000000,2834.8330000000,0.4348717000
26.0000000000,2840.1670000000,0.4351959000
26.0200000000,2842.8330000000,0.4355202000
26.0400000000,2845.6670000000,0.4358444000
26.0600000000,2848.1670000000,0.4361687000
26.0800000000,2849.8330000000,0.4364948000
26.1000000000,2851.6670000000,0.4368591000
26.1200000000,2855.0000000000,0.4371834000
26.1400000000,2858.6670000000,0.4375076000
26.1600000000,2864.1670000000,0.4378719000
26.1800000000,2870.3330000000,0.4381981000
26.2000000000,2874.3330000000,0.4385223000
26.2200000000,2874.5000000000,0.4388466000
26.2400000000,2877.0000000000,0.4392109000
26.2600000000,2880.0000000000,0.4395351000
26.2800000000,2883.1670000000,0.4398594000
26.3000000000,2886.6670000000,0.4401836000
26.3200000000,2890.8330000000,0.4405098000
26.3400000000,2895.5000000000,0.4408340000
26.3600000000,2900.1670000000,0.4411983000
26.3800000000,2904.1670000000,0.4415226000
26.4000000000,2907.1670000000,0.4418468000
26.4200000000,2910.3330000000,0.4421711000
26.4400000000,2913.8330000000,0.4425373000
26.4600000000,2916.8330000000,0.4428616000
26.4800000000,2918.8330000000,0.4431858000
26.5000000000,2920.6670000000,0.4435501000
26.5200000000,2924.3330000000,0.4438744000
26.5400000000,2928.0000000000,0.4441986000
26.5600000000,2931.8330000000,0.4445648000
26.5800000000,2935.5000000000,0.4448891000
26.6000000000,2938.5000000000,0.4452133000
26.6200000000,2942.1670000000,0.4455376000
26.6400000000,2948.3330000000,0.4458618000
26.6600000000,2953.3330000000,0.4462280000
26.6800000000,2955.8330000000,0.4465523000
26.7000000000,2956.3330000000,0.4468765000
26.7200000000,2958.5000000000,0.4472008000
26.7400000000,2963.3330000000,0.4475250000
26.7600000000,2968.1670000000,0.4478893000
26.7800000000,2971.8330000000,0.4482136000
26.8000000000,2974.1670000000,0.4485378000
26.8200000000,2977.0000000000,0.4489040000
26.8400000000,2982.0000000000,0.4492283000
26.8600000000,2985.5000000000,0.4495525000
26.8800000000,2987.5000000000,0.4498768000
26.9000000000,2988.8330000000,0.4502411000
26.9200000000,2992.8330000000,0.4505672000
26.9400000000,2997.0000000000,0.4508915000
26.9600000000,3001.6670000000,0.4512157000
26.9800000000,3005.5000000000,0.4515400000
27.0000000000,3007.8330000000,0.4519043000
27.0200000000,3010.5000000000,0.4522285000
27.0400000000,3014.0000000000,0.4525528000
27.0600000000,3017.1670000000,0.4528790000
27.0800000000,3020.0000000000,0.4532032000
27.1000000000,3023.1670000000,0.4535675000
27.1200000000,3026.1670000000,0.4538918000
27.1400000000,3030.0000000000,0.4542160000
27.1600000000,3033.6670000000,0.4545403000
27.1800000000,3036.5000000000,0.4549065000
27.2000000000,3038.5000000000,0.4552307000
27.2200000000,3042.5000000000,0.4555550000
27.2400000000,3046.6670000000,0.4559193000
27.2600000000,3050.1670000000,0.4562435000
27.2800000000,3053.1670000000,0.4565678000
27.3000000000,3056.5000000000,0.4568939000
27.3200000000,3062.0000000000,0.4572182000
27.3400000000,3068.1670000000,0.4575424000
27.3600000000,3071.0000000000,0.4578667000
27.3800000000,3072.0000000000,0.4582310000
27.4000000000,3073.3330000000,0.4585552000
27.4200000000,3077.1670000000,0.4588795000
27.4400000000,3079.3330000000,0.4592056000
27.4600000000,3081.8330000000,0.4595699000
27.4800000000,3085.3330000000,0.4598942000
27.5000000000,3089.5000000000,0.4602184000
27.5200000000,3092.1670000000,0.4605427000
27.5400000000,3095.0000000000,0.4609089000
27.5600000000,3098.5000000000,0.4612331000
27.5800000000,3102.0000000000,0.4615574000
27.6000000000,3104.8330000000,0.4618816000
27.6200000000,3109.0000000000,0.4622459000
27.6400000000,3113.0000000000,0.4625702000
27.6600000000,3116.3330000000,0.4628944000
27.6800000000,3119.5000000000,0.4632187000
27.7000000000,3122.6670000000,0.4635448000
27.7200000000,3125.5000000000,0.4638691000
27.7400000000,3128.5000000000,0.4642334000
27.7600000000,3131.5000000000,0.4645576000
27.7800000000,3134.8330000000,0.4648819000
27.8000000000,3138.3330000000,0.4652061000
27.8200000000,3142.1670000000,0.4655724000
27.8400000000,3144.3330000000,0.4658966000
27.8600000000,3146.3330000000,0.4662209000
27.8800000000,3148.3330000000,0.4665451000
27.9000000000,3151.1670000000,0.4669094000
27.9200000000,3155.1670000000,0.4672337000
27.9400000000,3159.8330000000,0.4675598000
27.9600000000,3163.5000000000,0.4678841000
27.9800000000,3167.3330000000,0.4682083000
28.0000000000,3171.6670000000,0.4685326000
28.0200000000,3176.8330000000,0.4688568000
28.0400000000,3179.3330000000,0.4692211000
28.0600000000,3180.5000000000,0.4695454000
28.0800000000,3182.3330000000,0.4698715000
28.1000000000,3186.0000000000,0.4701958000
28.1200000000,3191.6670000000,0.4705200000
28.1400000000,3195.3330000000,0.4708843000
28.1600000000,3197.5000000000,0.4712086000
28.1800000000,3199.8330000000,0.4715328000
28.2000000000,3203.1670000000,0.4718571000
28.2200000000,3206.3330000000,0.4722233000
28.2400000000,3206.8330000000,0.4725475000
28.2600000000,3208.0000000000,0.4728718000
28.2800000000,3210.8330000000,0.4731960000
28.3000000000,3215.1670000000,0.4735203000
28.3200000000,3220.5000000000,0.4738865000
28.3400000000,3222.1670000000,0.4742107000
28.3600000000,3224.1670000000,0.4745350000
28.3800000000,3226.5000000000,0.4748592000
28.4000000000,3228.8330000000,0.4751835000
28.4200000000,3230.1670000000,0.4755077000
28.4400000000,3234.3330000000,0.4758720000
28.4600000000,3239.0000000000,0.4761963000
28.4800000000,3244.0000000000,0.4765224000
28.5000000000,3248.0000000000,0.4768467000
28.5200000000,3249.5000000000,0.4772110000
28.5400000000,3249.8330000000,0.4775352000
28.5600000000,3252.3330000000,0.4778595000
28.5800000000,3255.3330000000,0.4781837000
28.6000000000,3258.8330000000,0.4785500000
28.6200000000,3263.3330000000,0.4788742000
28.6400000000,3268.3330000000,0.4791985000
28.6600000000,3272.3330000000,0.4795227000
28.6800000000,3275.6670000000,0.4798470000
28.7000000000,3278.1670000000,0.4801712000
28.7200000000,3280.1670000000,0.4804955000
28.7400000000,3281.6670000000,0.4808617000
28.7600000000,3284.5000000000,0.4811859000
28.7800000000,3287.6670000000,0.4815102000
28.8000000000,3290.5000000000,0.4818344000
28.8200000000,3292.6670000000,0.4821987000
28.8400000000,3294.3330000000,0.4825230000
28.8600000000,3296.6670000000,0.4828491000
28.8800000000,3299.5000000000,0.4832134000
28.9000000000,3302.5000000000,0.4835377000
28.9200000000,3304.8330000000,0.4838619000
28.9400000000,3308.0000000000,0.4841862000
28.9600000000,3312.6670000000,0.4845524000
28.9800000000,3316.8330000000,0.4848766000
29.0000000000,3319.5000000000,0.4852009000
29.0200000000,3320.5000000000,0.4855251000
29.0400000000,3323.6670000000,0.4858494000
29.0600000000,3327.3330000000,0.4861736000
29.0800000000,3330.5000000000,0.4865379000
29.1000000000,3333.0000000000,0.4868622000
29.1200000000,3335.0000000000,0.4871883000
29.1400000000,3337.5000000000,0.4875526000
29.1600000000,3341.3330000000,0.4878769000
29.1800000000,3344.5000000000,0.4882011000
29.2000000000,3346.5000000000,0.4885674000
29.2200000000,3347.6670000000,0.4888916000
29.2400000000,3349.5000000000,0.4892159000
29.2600000000,3352.1670000000,0.4895802000
29.2800000000,3355.3330000000,0.4899044000
29.3000000000,3358.5000000000,0.4902287000
29.3200000000,3361.3330000000,0.4905529000
29.3400000000,3364.6670000000,0.4908772000
29.3600000000,3368.6670000000,0.4912033000
29.3800000000,3372.0000000000,0.4915676000
29.4000000000,3374.5000000000,0.4918919000
29.4200000000,3376.3330000000,0.4922161000
29.4400000000,3376.8330000000,0.4925404000
29.4600000000,3381.6670000000,0.4929066000
29.4800000000,3386.5000000000,0.4932308000
29.5000000000,3389.5000000000,0.4935551000
29.5200000000,3390.3330000000,0.4938793000
29.5400000000,3392.0000000000,0.4942436000
29.5600000000,3393.6670000000,0.4945679000
29.5800000000,3396.1670000000,0.4948921000
29.6000000000,3399.0000000000,0.4952183000
29.6200000000,3401.6670000000,0.4955425000
29.6400000000,3404.0000000000,0.4958668000
29.6600000000,3407.6670000000,0.4962311000
29.6800000000,3410.1670000000,0.4965553000
29.7000000000,3412.0000000000,0.4968796000
29.7200000000,3413.5000000000,0.4972038000
29.7400000000,3416.1670000000,0.4975300000
29.7600000000,3419.0000000000,0.4978943000
29.7800000000,3421.5000000000,0.4982185000
29.8000000000,3423.6670000000,0.4985428000
29.8200000000,3425.6670000000,0.4989071000
29.8400000000,3429.5000000000,0.4992332000
29.8600000000,3434.1670000000,0.4995575000
29.8800000000,3436.5000000000,0.4998817000
29.9000000000,3437.6670000000,0.5002460000
29.9200000000,3438.8330000000,0.5005703000
29.9400000000,3441.6670000000,0.5008945000
29.9600000000,3445.8330000000,0.5012188000
29.9800000000,3449.1670000000,0.5015450000
30.0000000000,3452.0000000000,0.5018692000
30.0200000000,3454.3330000000,0.5022335000
30.0400000000,3456.8330000000,0.5025578000
30.0600000000,3458.0000000000,0.5028820000
30.0800000000,3458.5000000000,0.5032063000
30.1000000000,3459.1670000000,0.5035305000
30.1200000000,3461.5000000000,0.5038967000
30.1400000000,3467.1670000000,0.5042210000
30.1600000000,3469.5000000000,0.5045452000
30.1800000000,3470.6670000000,0.5049095000
30.2000000000,3471.6670000000,0.5052338000
30.2200000000,3472.6670000000,0.5055580000
30.2400000000,3473.6670000000,0.5058842000
30.2600000000,3475.6670000000,0.5062485000
30.2800000000,3478.1670000000,0.5065727000
30.3000000000,3480.5000000000,0.5068970000
30.3200000000,3483.0000000000,0.5072212000
30.3400000000,3485.6670000000,0.5075455000
30.3600000000,3488.0000000000,0.5078697000
30.3800000000,3490.1670000000,0.5081959000
30.4000000000,3492.5000000000,0.5085201000
30.4200000000,3494.6670000000,0.5088844000
30.4400000000,3495.5000000000,0.5092087000
30.4600000000,3496.6670000000,0.5095329000
30.4800000000,3497.8330000000,0.5098572000
30.5000000000,3498.8330000000,0.5102234000
30.5200000000,3499.8330000000,0.5105476000
30.5400000000,3501.1670000000,0.5108719000
30.5600000000,3501.1670000000,0.5112362000
30.5800000000,3501.1670000000,0.5115604000
30.6000000000,3498.6670000000,0.5120068000
30.6200000000,3341.1670000000,0.5123310000
30.6400000000,2783.3330000000,0.5126553000
30.6600000000,1387.8330000000,0.5129395000
30.6800000000,399.3333000000,0.5132637000
