"PlayTime","LoadValue","PositionValue"
"s","N","mm"
0.0000000000,10.8333300000,0.0015010830
0.0200000000,12.3333300000,0.0018253330
0.0400000000,16.0000000000,0.0021495820
0.0600000000,17.0000000000,0.0024738310
0.0800000000,16.8333300000,0.0027980800
0.1000000000,16.6666700000,0.0031223300
0.1200000000,15.8333300000,0.0034465790
0.1400000000,15.8333300000,0.0038127900
0.1600000000,16.1666700000,0.0041370390
0.1800000000,17.3333300000,0.0044612880
0.2000000000,19.3333300000,0.0047855380
0.2200000000,22.1666700000,0.0051097870
0.2400000000,22.1666700000,0.0054740910
0.2600000000,20.6666700000,0.0057983400
0.2800000000,19.8333300000,0.0061244960
0.3000000000,19.8333300000,0.0064888000
0.3200000000,19.8333300000,0.0068130490
0.3400000000,19.8333300000,0.0071372990
0.3600000000,19.8333300000,0.0075035100
0.3800000000,19.8333300000,0.0078277590
0.4000000000,20.0000000000,0.0081920620
0.4200000000,20.3333300000,0.0085163120
0.4400000000,20.3333300000,0.0088405610
0.4600000000,20.0000000000,0.0092067720
0.4800000000,19.3333300000,0.0095310210
0.5000000000,18.6666700000,0.0098552700
0.5200000000,18.8333300000,0.0101795200
0.5400000000,20.1666700000,0.0105037700
0.5600000000,20.6666700000,0.0108280200
0.5800000000,21.0000000000,0.0111923200
0.6000000000,21.6666700000,0.0115165700
0.6200000000,23.0000000000,0.0118427300
0.6400000000,23.0000000000,0.0121669800
0.6600000000,21.6666700000,0.0124912300
0.6800000000,20.8333300000,0.0128555300
0.7000000000,20.6666700000,0.0131797800
0.7200000000,20.5000000000,0.0135040300
0.7400000000,20.5000000000,0.0138702400
0.7600000000,20.5000000000,0.0141944900
0.7800000000,20.6666700000,0.0145187400
0.8000000000,20.8333300000,0.0148830400
0.8200000000,21.5000000000,0.0152072900
0.8400000000,21.8333300000,0.0155315400
0.8600000000,22.1666700000,0.0158577000
0.8800000000,22.5000000000,0.0161819500
0.9000000000,23.1666700000,0.0165062000
0.9200000000,23.8333300000,0.0168705000
0.9400000000,23.8333300000,0.0171947500
0.9600000000,23.1666700000,0.0175190000
0.9800000000,23.0000000000,0.0178432500
1.0000000000,24.1666700000,0.0181694000
1.0200000000,26.8333300000,0.0185337100
1.0400000000,26.8333300000,0.0188579600
1.0600000000,26.0000000000,0.0191822100
1.0800000000,25.5000000000,0.0195465100
1.1000000000,25.5000000000,0.0198726700
1.1200000000,25.5000000000,0.0201969100
1.1400000000,24.8333300000,0.0205211600
1.1600000000,24.5000000000,0.0208854700
1.1800000000,24.5000000000,0.0212097200
1.2000000000,24.0000000000,0.0215339700
1.2200000000,22.8333300000,0.0218582200
1.2400000000,22.3333300000,0.0221843700
1.2600000000,21.3333300000,0.0225086200
1.2800000000,20.0000000000,0.0228328700
1.3000000000,19.1666700000,0.0231971700
1.3200000000,19.6666700000,0.0235214200
1.3400000000,22.5000000000,0.0238456700
1.3600000000,22.8333300000,0.0241699200
1.3800000000,25.3333300000,0.0245361300
1.4000000000,27.3333300000,0.0248603800
1.4200000000,27.0000000000,0.0251846300
1.4400000000,25.1666700000,0.0255088800
1.4600000000,25.1666700000,0.0258731800
1.4800000000,26.5000000000,0.0261993400
1.5000000000,27.8333300000,0.0265235900
1.5200000000,28.0000000000,0.0268478400
1.5400000000,28.0000000000,0.0271720900
1.5600000000,28.0000000000,0.0274963400
1.5800000000,27.8333300000,0.0278606400
1.6000000000,27.3333300000,0.0281848900
1.6200000000,26.5000000000,0.0285091400
1.6400000000,26.5000000000,0.0288353000
1.6600000000,26.5000000000,0.0291595500
1.6800000000,26.5000000000,0.0295238500
1.7000000000,26.1666700000,0.0298481000
1.7200000000,25.6666700000,0.0301723500
1.7400000000,25.6666700000,0.0304966000
1.7600000000,26.0000000000,0.0308628100
1.7800000000,26.3333300000,0.0311870600
1.8000000000,26.6666700000,0.0315113100
1.8200000000,26.6666700000,0.0318355600
1.8400000000,26.6666700000,0.0321998600
1.8600000000,27.3333300000,0.0325241100
1.8800000000,28.0000000000,0.0328502700
1.9000000000,28.5000000000,0.0331745100
1.9200000000,28.6666700000,0.0334987600
1.9400000000,29.3333300000,0.0338230100
1.9600000000,30.1666700000,0.0341472600
1.9800000000,30.3333300000,0.0344715100
2.0000000000,30.1666700000,0.0348358200
2.0200000000,29.8333300000,0.0351619700
2.0400000000,29.8333300000,0.0354862200
2.0600000000,29.8333300000,0.0358505200
2.0800000000,28.6666700000,0.0361747700
2.1000000000,28.0000000000,0.0364990200
2.1200000000,28.1666700000,0.0368232700
2.1400000000,28.8333300000,0.0371894800
2.1600000000,29.0000000000,0.0375137300
2.1800000000,29.1666700000,0.0378379800
2.2000000000,29.3333300000,0.0381622300
2.2200000000,30.0000000000,0.0384864800
2.2400000000,32.1666700000,0.0388107300
2.2600000000,32.1666700000,0.0391349800
2.2800000000,31.6666700000,0.0394592300
2.3000000000,31.1666700000,0.0398254400
2.3200000000,30.8333300000,0.0401496900
2.3400000000,30.8333300000,0.0404739400
2.3600000000,30.8333300000,0.0408382400
2.3800000000,31.1666700000,0.0411624900
2.4000000000,31.8333300000,0.0414867400
2.4200000000,32.3333300000,0.0418129000
2.4400000000,32.3333300000,0.0421772000
2.4600000000,32.0000000000,0.0425014500
2.4800000000,32.0000000000,0.0428257000
2.5000000000,32.0000000000,0.0431499500
2.5200000000,32.5000000000,0.0435161600
2.5400000000,34.3333300000,0.0438404100
2.5600000000,34.3333300000,0.0441646600
2.5800000000,33.5000000000,0.0444889100
2.6000000000,32.3333300000,0.0448131600
2.6200000000,31.3333300000,0.0451374100
2.6400000000,30.6666700000,0.0455017100
2.6600000000,30.6666700000,0.0458278700
2.6800000000,30.6666700000,0.0461521100
2.7000000000,31.5000000000,0.0465164200
2.7200000000,33.3333300000,0.0468406700
2.7400000000,36.0000000000,0.0471649200
2.7600000000,36.0000000000,0.0475311300
2.7800000000,34.5000000000,0.0478553800
2.8000000000,33.6666700000,0.0481796300
2.8200000000,34.6666700000,0.0485038800
2.8400000000,37.0000000000,0.0488681800
2.8600000000,37.0000000000,0.0491924300
2.8800000000,37.1666700000,0.0495166800
2.9000000000,37.1666700000,0.0498428300
2.9200000000,37.1666700000,0.0501670800
2.9400000000,37.1666700000,0.0504913300
2.9600000000,36.8333300000,0.0508556400
2.9800000000,35.5000000000,0.0511798900
3.0000000000,35.0000000000,0.0515041400
3.0200000000,35.5000000000,0.0518283800
3.0400000000,37.0000000000,0.0521946000
3.0600000000,37.0000000000,0.0525188400
3.0800000000,36.6666700000,0.0528430900
3.1000000000,36.3333300000,0.0532074000
3.1200000000,36.3333300000,0.0535316500
3.1400000000,36.1666700000,0.0538578000
3.1600000000,35.5000000000,0.0541820500
3.1800000000,35.3333300000,0.0545463600
3.2000000000,36.3333300000,0.0548706100
3.2200000000,37.8333300000,0.0551948500
3.2400000000,39.0000000000,0.0555191000
3.2600000000,39.0000000000,0.0558433500
3.2800000000,38.8333300000,0.0561676000
3.3000000000,38.6666700000,0.0565338100
3.3200000000,38.3333300000,0.0568580600
3.3400000000,38.0000000000,0.0571823100
3.3600000000,37.6666700000,0.0575466200
3.3800000000,37.1666700000,0.0578708600
3.4000000000,37.0000000000,0.0581970200
3.4200000000,36.8333300000,0.0585613300
3.4400000000,37.0000000000,0.0588855700
3.4600000000,38.0000000000,0.0592098200
3.4800000000,39.1666700000,0.0595340700
3.5000000000,39.6666700000,0.0598583200
3.5200000000,39.6666700000,0.0602245300
3.5400000000,39.5000000000,0.0605487800
3.5600000000,39.5000000000,0.0608730300
3.5800000000,39.6666700000,0.0611972800
3.6000000000,40.0000000000,0.0615215300
3.6200000000,40.8333300000,0.0618457800
3.6400000000,42.0000000000,0.0621700300
3.6600000000,42.8333300000,0.0625362400
3.6800000000,44.8333300000,0.0628604900
3.7000000000,45.5000000000,0.0631847400
3.7200000000,44.8333300000,0.0635089900
3.7400000000,43.5000000000,0.0638732900
3.7600000000,43.0000000000,0.0641975400
3.7800000000,43.0000000000,0.0645237000
3.8000000000,43.0000000000,0.0648479500
3.8200000000,43.5000000000,0.0652122500
3.8400000000,44.6666700000,0.0655365000
3.8600000000,45.1666700000,0.0658607500
3.8800000000,46.1666700000,0.0661850000
3.9000000000,46.5000000000,0.0665092500
3.9200000000,45.8333300000,0.0668335000
3.9400000000,44.6666700000,0.0671596500
3.9600000000,44.5000000000,0.0675239600
3.9800000000,44.5000000000,0.0678482100
4.0000000000,45.6666700000,0.0681724500
4.0200000000,47.0000000000,0.0684967000
4.0400000000,48.1666700000,0.0688629200
4.0600000000,49.1666700000,0.0691871600
4.0800000000,50.5000000000,0.0695114100
4.1000000000,50.8333300000,0.0698356600
4.1200000000,50.1666700000,0.0701999700
4.1400000000,49.1666700000,0.0705242200
4.1600000000,49.1666700000,0.0708484600
4.1800000000,51.3333300000,0.0711746200
4.2000000000,52.0000000000,0.0714988700
4.2200000000,52.0000000000,0.0718231200
4.2400000000,52.6666700000,0.0721874200
4.2600000000,55.0000000000,0.0725116700
4.2800000000,55.0000000000,0.0728359200
4.3000000000,54.1666700000,0.0731601700
4.3200000000,53.6666700000,0.0734863300
4.3400000000,54.0000000000,0.0738105800
4.3600000000,55.5000000000,0.0741748800
4.3800000000,56.6666700000,0.0744991300
4.4000000000,57.0000000000,0.0748233800
4.4200000000,56.8333300000,0.0751476300
4.4400000000,56.6666700000,0.0755138400
4.4600000000,56.6666700000,0.0758380900
4.4800000000,56.8333300000,0.0761623400
4.5000000000,56.8333300000,0.0764865900
4.5200000000,57.3333300000,0.0768108400
4.5400000000,58.8333300000,0.0771350900
4.5600000000,62.1666700000,0.0775013000
4.5800000000,62.1666700000,0.0778255500
4.6000000000,62.0000000000,0.0781498000
4.6200000000,62.0000000000,0.0784740400
4.6400000000,62.3333300000,0.0787982900
4.6600000000,63.5000000000,0.0791225400
4.6800000000,63.5000000000,0.0794868500
4.7000000000,63.3333300000,0.0798111000
4.7200000000,63.3333300000,0.0801372500
4.7400000000,63.3333300000,0.0805015600
4.7600000000,63.6666700000,0.0808258100
4.7800000000,64.6666600000,0.0811500500
4.8000000000,65.5000000000,0.0814743000
4.8200000000,66.8333400000,0.0818405200
4.8400000000,68.5000000000,0.0821647600
4.8600000000,70.5000000000,0.0824890100
4.8800000000,70.8333400000,0.0828132600
4.9000000000,71.0000000000,0.0831375100
4.9200000000,71.1666600000,0.0835018200
4.9400000000,71.1666600000,0.0838260700
4.9600000000,71.1666600000,0.0841522200
4.9800000000,71.1666600000,0.0844764700
5.0000000000,72.5000000000,0.0848407700
5.0200000000,75.3333400000,0.0851650200
5.0400000000,77.6666600000,0.0854892700
5.0600000000,77.6666600000,0.0858554800
5.0800000000,76.6666600000,0.0861797300
5.1000000000,76.5000000000,0.0865039800
5.1200000000,77.5000000000,0.0868682900
5.1400000000,78.6666600000,0.0871925400
5.1600000000,78.5000000000,0.0875167800
5.1800000000,78.0000000000,0.0878410300
5.2000000000,75.6666600000,0.0881671900
5.2200000000,74.1666600000,0.0885314900
5.2400000000,73.6666600000,0.0888557400
5.2600000000,74.0000000000,0.0891799900
5.2800000000,75.8333400000,0.0895042400
5.3000000000,76.1666600000,0.0898704500
5.3200000000,76.1666600000,0.0901947000
5.3400000000,76.1666600000,0.0905189500
5.3600000000,76.8333400000,0.0908432000
5.3800000000,80.1666600000,0.0912075000
5.4000000000,82.3333400000,0.0915317500
5.4200000000,83.0000000000,0.0918560000
5.4400000000,83.1666600000,0.0922222100
5.4600000000,83.5000000000,0.0925464600
5.4800000000,83.8333400000,0.0928707100
5.5000000000,87.0000000000,0.0931949600
5.5200000000,88.8333400000,0.0935192100
5.5400000000,89.5000000000,0.0938434600
5.5600000000,89.3333400000,0.0942096700
5.5800000000,88.3333400000,0.0945339200
5.6000000000,88.3333400000,0.0948581700
5.6200000000,89.0000000000,0.0951824200
5.6400000000,89.6666600000,0.0955066700
5.6600000000,90.1666600000,0.0958709700
5.6800000000,91.1666600000,0.0961971300
5.7000000000,94.0000000000,0.0965213800
5.7200000000,94.8333400000,0.0968456300
5.7400000000,93.8333400000,0.0972099300
5.7600000000,92.3333400000,0.0975341800
5.7800000000,92.3333400000,0.0978584300
5.8000000000,93.3333400000,0.0981826800
5.8200000000,94.3333400000,0.0985488900
5.8400000000,95.0000000000,0.0988731400
5.8600000000,95.3333400000,0.0991973900
5.8800000000,95.5000000000,0.0995216400
5.9000000000,97.0000000000,0.0998458900
5.9200000000,98.5000000000,0.1001701000
5.9400000000,100.0000000000,0.1005363000
5.9600000000,101.3333000000,0.1008606000
5.9800000000,102.8333000000,0.1011848000
6.0000000000,103.8333000000,0.1015091000
6.0200000000,104.0000000000,0.1018734000
6.0400000000,103.8333000000,0.1021976000
6.0600000000,103.6667000000,0.1025219000
6.0800000000,103.6667000000,0.1028481000
6.1000000000,103.8333000000,0.1032124000
6.1200000000,104.0000000000,0.1035366000
6.1400000000,104.1667000000,0.1038609000
6.1600000000,104.6667000000,0.1041851000
6.1800000000,105.5000000000,0.1045094000
6.2000000000,109.0000000000,0.1048756000
6.2200000000,109.6667000000,0.1051998000
6.2400000000,110.5000000000,0.1055241000
6.2600000000,111.6667000000,0.1058483000
6.2800000000,111.6667000000,0.1061726000
6.3000000000,112.6667000000,0.1064968000
6.3200000000,113.0000000000,0.1068211000
6.3400000000,113.6667000000,0.1071873000
6.3600000000,115.1667000000,0.1075115000
6.3800000000,117.0000000000,0.1078358000
6.4000000000,118.3333000000,0.1082001000
6.4200000000,118.6667000000,0.1085243000
6.4400000000,118.6667000000,0.1088486000
6.4600000000,119.1667000000,0.1091728000
6.4800000000,120.6667000000,0.1094990000
6.5000000000,120.6667000000,0.1098633000
6.5200000000,120.1667000000,0.1101875000
6.5400000000,120.0000000000,0.1105118000
6.5600000000,120.3333000000,0.1108360000
6.5800000000,121.8333000000,0.1111603000
6.6000000000,122.8333000000,0.1114845000
6.6200000000,123.0000000000,0.1118107000
6.6400000000,123.0000000000,0.1121750000
6.6600000000,123.0000000000,0.1124992000
6.6800000000,123.3333000000,0.1128235000
6.7000000000,125.1667000000,0.1131477000
6.7200000000,126.8333000000,0.1135139000
6.7400000000,128.5000000000,0.1138382000
6.7600000000,130.1667000000,0.1141624000
6.7800000000,131.1667000000,0.1145267000
6.8000000000,131.1667000000,0.1148510000
6.8200000000,132.0000000000,0.1151752000
6.8400000000,133.0000000000,0.1154995000
6.8600000000,134.3333000000,0.1158257000
6.8800000000,135.6667000000,0.1161499000
6.9000000000,137.1667000000,0.1164742000
6.9200000000,137.3333000000,0.1167984000
6.9400000000,137.3333000000,0.1171627000
6.9600000000,138.0000000000,0.1174870000
6.9800000000,139.8333000000,0.1178112000
7.0000000000,140.1667000000,0.1181355000
7.0200000000,140.5000000000,0.1185017000
7.0400000000,142.8333000000,0.1188259000
7.0600000000,145.0000000000,0.1191502000
7.0800000000,145.0000000000,0.1195145000
7.1000000000,144.6667000000,0.1198406000
7.1200000000,144.5000000000,0.1201649000
7.1400000000,145.1667000000,0.1204891000
7.1600000000,146.0000000000,0.1208134000
7.1800000000,147.1667000000,0.1211376000
7.2000000000,148.6667000000,0.1215019000
7.2200000000,150.0000000000,0.1218262000
7.2400000000,151.6667000000,0.1221504000
7.2600000000,153.1667000000,0.1224766000
7.2800000000,154.1667000000,0.1228008000
7.3000000000,154.6667000000,0.1231651000
7.3200000000,155.0000000000,0.1234894000
7.3400000000,155.5000000000,0.1238136000
7.3600000000,155.6667000000,0.1241798000
7.3800000000,155.8333000000,0.1245041000
7.4000000000,155.8333000000,0.1248283000
7.4200000000,158.0000000000,0.1251926000
7.4400000000,160.6667000000,0.1255169000
7.4600000000,162.3333000000,0.1258411000
7.4800000000,162.6667000000,0.1261654000
7.5000000000,163.0000000000,0.1265316000
7.5200000000,164.1667000000,0.1268559000
7.5400000000,165.5000000000,0.1271801000
7.5600000000,166.8333000000,0.1275043000
7.5800000000,167.6667000000,0.1278286000
7.6000000000,168.1667000000,0.1281528000
7.6200000000,169.8333000000,0.1285191000
7.6400000000,172.0000000000,0.1288433000
7.6600000000,173.6667000000,0.1291676000
7.6800000000,174.3333000000,0.1295319000
7.7000000000,175.0000000000,0.1298561000
7.7200000000,177.3333000000,0.1301804000
7.7400000000,177.8333000000,0.1305466000
7.7600000000,178.0000000000,0.1308708000
7.7800000000,178.1667000000,0.1311951000
7.8000000000,179.0000000000,0.1315193000
7.8200000000,182.5000000000,0.1318436000
7.8400000000,183.5000000000,0.1322098000
7.8600000000,183.1667000000,0.1325340000
7.8800000000,182.6667000000,0.1328583000
7.9000000000,182.5000000000,0.1331825000
7.9200000000,182.5000000000,0.1335068000
7.9400000000,184.0000000000,0.1338310000
7.9600000000,185.5000000000,0.1341953000
7.9800000000,186.1667000000,0.1345215000
8.0000000000,186.3333000000,0.1348457000
8.0200000000,189.5000000000,0.1351700000
8.0400000000,192.8333000000,0.1355343000
8.0600000000,194.6667000000,0.1358585000
8.0800000000,195.0000000000,0.1361828000
8.1000000000,196.3333000000,0.1365490000
8.1200000000,197.6667000000,0.1368732000
8.1400000000,198.5000000000,0.1371975000
8.1600000000,199.1667000000,0.1375217000
8.1800000000,200.8333000000,0.1378460000
8.2000000000,204.6667000000,0.1381702000
8.2200000000,205.5000000000,0.1385365000
8.2400000000,206.3333000000,0.1388607000
8.2600000000,206.8333000000,0.1391850000
8.2800000000,207.3333000000,0.1395092000
8.3000000000,209.3333000000,0.1398335000
8.3200000000,210.6667000000,0.1401978000
8.3400000000,211.0000000000,0.1405220000
8.3600000000,212.3333000000,0.1408463000
8.3800000000,214.0000000000,0.1412125000
8.4000000000,214.5000000000,0.1415367000
8.4200000000,215.3333000000,0.1418610000
8.4400000000,216.1667000000,0.1421852000
8.4600000000,217.5000000000,0.1425495000
8.4800000000,219.0000000000,0.1428757000
8.5000000000,221.0000000000,0.1431999000
8.5200000000,222.8333000000,0.1435242000
8.5400000000,224.1667000000,0.1438484000
8.5600000000,225.6667000000,0.1441727000
8.5800000000,227.5000000000,0.1444969000
8.6000000000,230.0000000000,0.1448612000
8.6200000000,231.1667000000,0.1451874000
8.6400000000,231.6667000000,0.1455116000
8.6600000000,233.5000000000,0.1458359000
8.6800000000,235.3333000000,0.1462002000
8.7000000000,235.3333000000,0.1465244000
8.7200000000,235.3333000000,0.1468487000
8.7400000000,235.5000000000,0.1472149000
8.7600000000,237.0000000000,0.1475391000
8.7800000000,239.6667000000,0.1478634000
8.8000000000,242.0000000000,0.1481876000
8.8200000000,242.3333000000,0.1485119000
8.8400000000,244.1667000000,0.1488361000
8.8600000000,246.1667000000,0.1491604000
8.8800000000,247.5000000000,0.1495266000
8.9000000000,247.6667000000,0.1498508000
8.9200000000,248.8333000000,0.1501751000
8.9400000000,251.0000000000,0.1504993000
8.9600000000,253.1667000000,0.1508236000
8.9800000000,255.5000000000,0.1511478000
9.0000000000,258.0000000000,0.1515141000
9.0200000000,260.5000000000,0.1518383000
9.0400000000,261.5000000000,0.1521626000
9.0600000000,263.0000000000,0.1525269000
9.0800000000,264.0000000000,0.1528511000
9.1000000000,264.0000000000,0.1531754000
9.1200000000,264.3333000000,0.1534996000
9.1400000000,265.1667000000,0.1538658000
9.1600000000,266.3333000000,0.1541901000
9.1800000000,267.3333000000,0.1545143000
9.2000000000,268.1667000000,0.1548386000
9.2200000000,268.8333000000,0.1551628000
9.2400000000,269.0000000000,0.1554871000
9.2600000000,269.0000000000,0.1558113000
9.2800000000,269.8333000000,0.1561356000
9.3000000000,272.0000000000,0.1565018000
9.3200000000,276.0000000000,0.1568260000
9.3400000000,278.1667000000,0.1571503000
9.3600000000,281.1667000000,0.1574745000
9.3800000000,283.8333000000,0.1578388000
9.4000000000,285.3333000000,0.1581650000
9.4200000000,285.6667000000,0.1584892000
9.4400000000,286.0000000000,0.1588535000
9.4600000000,287.5000000000,0.1591778000
9.4800000000,289.6667000000,0.1595020000
9.5000000000,291.6667000000,0.1598263000
9.5200000000,293.1667000000,0.1601505000
9.5400000000,296.6667000000,0.1604767000
9.5600000000,297.8333000000,0.1608009000
9.5800000000,298.3333000000,0.1611652000
9.6000000000,299.3333000000,0.1614895000
9.6200000000,301.1667000000,0.1618137000
9.6400000000,303.5000000000,0.1621380000
9.6600000000,304.6667000000,0.1624622000
9.6800000000,306.1667000000,0.1628284000
9.7000000000,308.0000000000,0.1631527000
9.7200000000,309.5000000000,0.1634769000
9.7400000000,310.6667000000,0.1638412000
9.7600000000,311.8333000000,0.1641655000
9.7800000000,313.1667000000,0.1644897000
9.8000000000,315.0000000000,0.1648159000
9.8200000000,317.1667000000,0.1651802000
9.8400000000,319.8333000000,0.1655045000
9.8600000000,322.0000000000,0.1658287000
9.8800000000,323.3333000000,0.1661530000
9.9000000000,324.6667000000,0.1664772000
9.9200000000,327.3333000000,0.1668434000
9.9400000000,330.6667000000,0.1671677000
9.9600000000,332.6667000000,0.1674919000
9.9800000000,333.6667000000,0.1678162000
10.0000000000,334.5000000000,0.1681805000
10.0200000000,335.8333000000,0.1685047000
10.0400000000,336.5000000000,0.1688309000
10.0600000000,337.5000000000,0.1691952000
10.0800000000,339.1667000000,0.1695194000
10.1000000000,341.1667000000,0.1698437000
10.1200000000,342.8333000000,0.1702080000
10.1400000000,345.0000000000,0.1705341000
10.1600000000,346.6667000000,0.1708584000
10.1800000000,349.0000000000,0.1711826000
10.2000000000,352.1667000000,0.1715069000
10.2200000000,356.0000000000,0.1718311000
10.2400000000,356.0000000000,0.1721954000
10.2600000000,356.0000000000,0.1725197000
10.2800000000,357.6667000000,0.1728458000
10.3000000000,360.1667000000,0.1731701000
10.3200000000,362.5000000000,0.1735344000
10.3400000000,365.5000000000,0.1738586000
10.3600000000,367.3333000000,0.1741829000
10.3800000000,368.6667000000,0.1745491000
10.4000000000,370.6667000000,0.1748734000
10.4200000000,373.6667000000,0.1751976000
10.4400000000,373.8333000000,0.1755219000
10.4600000000,374.1667000000,0.1758862000
10.4800000000,374.6667000000,0.1762104000
10.5000000000,376.6667000000,0.1765347000
10.5200000000,380.6667000000,0.1768608000
10.5400000000,382.3333000000,0.1771851000
10.5600000000,382.6667000000,0.1775093000
10.5800000000,383.0000000000,0.1778336000
10.6000000000,383.8333000000,0.1781979000
10.6200000000,384.8333000000,0.1785221000
10.6400000000,387.0000000000,0.1788464000
10.6600000000,388.8333000000,0.1791706000
10.6800000000,392.1667000000,0.1795368000
10.7000000000,396.1667000000,0.1798611000
10.7200000000,399.3333000000,0.1801853000
10.7400000000,400.1667000000,0.1805496000
10.7600000000,400.8333000000,0.1808758000
10.7800000000,402.8333000000,0.1812000000
10.8000000000,405.8333000000,0.1815243000
10.8200000000,409.1667000000,0.1818485000
10.8400000000,411.5000000000,0.1821728000
10.8600000000,412.6667000000,0.1825371000
10.8800000000,413.5000000000,0.1828613000
10.9000000000,415.0000000000,0.1831856000
10.9200000000,417.5000000000,0.1835117000
10.9400000000,419.1667000000,0.1838360000
10.9600000000,420.3333000000,0.1841602000
10.9800000000,422.3333000000,0.1845245000
11.0000000000,425.1667000000,0.1848488000
11.0200000000,427.8333000000,0.1851730000
11.0400000000,430.0000000000,0.1855392000
11.0600000000,430.8333000000,0.1858635000
11.0800000000,432.5000000000,0.1861877000
11.1000000000,434.8333000000,0.1865120000
11.1200000000,437.3333000000,0.1868763000
11.1400000000,439.6667000000,0.1872005000
11.1600000000,443.1667000000,0.1875267000
11.1800000000,447.0000000000,0.1878510000
11.2000000000,449.8333000000,0.1881752000
11.2200000000,450.8333000000,0.1884995000
11.2400000000,452.5000000000,0.1888638000
11.2600000000,456.0000000000,0.1891880000
11.2800000000,458.6667000000,0.1895123000
11.3000000000,460.8333000000,0.1898384000
11.3200000000,463.0000000000,0.1901627000
11.3400000000,464.1667000000,0.1905270000
11.3600000000,465.6667000000,0.1908512000
11.3800000000,467.6667000000,0.1911755000
11.4000000000,469.8333000000,0.1915417000
11.4200000000,472.0000000000,0.1918659000
11.4400000000,475.3333000000,0.1921902000
11.4600000000,479.6667000000,0.1925144000
11.4800000000,483.8333000000,0.1928387000
11.5000000000,486.3333000000,0.1931629000
11.5200000000,487.1667000000,0.1934872000
11.5400000000,488.3333000000,0.1938534000
11.5600000000,490.6667000000,0.1941776000
11.5800000000,492.5000000000,0.1945019000
11.6000000000,495.3333000000,0.1948261000
11.6200000000,499.0000000000,0.1951504000
11.6400000000,502.5000000000,0.1954746000
11.6600000000,505.8333000000,0.1958389000
11.6800000000,508.1667000000,0.1961632000
11.7000000000,509.5000000000,0.1964893000
11.7200000000,510.3333000000,0.1968536000
11.7400000000,511.8333000000,0.1971779000
11.7600000000,515.0000000000,0.1975021000
11.7800000000,518.0000000000,0.1978264000
11.8000000000,520.8333000000,0.1981506000
11.8200000000,523.3333000000,0.1985168000
11.8400000000,525.3333000000,0.1988411000
11.8600000000,527.0000000000,0.1991653000
11.8800000000,529.0000000000,0.1994896000
11.9000000000,530.8333000000,0.1998138000
11.9200000000,532.6667000000,0.2001381000
11.9400000000,534.5000000000,0.2004623000
11.9600000000,536.6667000000,0.2008286000
11.9800000000,539.8333000000,0.2011528000
12.0000000000,544.3333000000,0.2014771000
12.0200000000,549.6667000000,0.2018414000
12.0400000000,555.1667000000,0.2021656000
12.0600000000,556.5000000000,0.2024899000
12.0800000000,557.3333000000,0.2028160000
12.1000000000,558.5000000000,0.2031803000
12.1200000000,561.0000000000,0.2035046000
12.1400000000,565.5000000000,0.2038288000
12.1600000000,569.0000000000,0.2041531000
12.1800000000,570.8333000000,0.2044773000
12.2000000000,572.1667000000,0.2048435000
12.2200000000,574.3333000000,0.2051678000
12.2400000000,578.1667000000,0.2054920000
12.2600000000,580.1667000000,0.2058163000
12.2800000000,580.6667000000,0.2061405000
12.3000000000,582.8333000000,0.2065048000
12.3200000000,587.0000000000,0.2068291000
12.3400000000,591.8333000000,0.2071552000
12.3600000000,595.3333000000,0.2075195000
12.3800000000,595.8333000000,0.2078438000
12.4000000000,596.3333000000,0.2081680000
12.4200000000,597.6667000000,0.2085342000
12.4400000000,600.1667000000,0.2088585000
12.4600000000,602.1667000000,0.2091827000
12.4800000000,605.0000000000,0.2095070000
12.5000000000,609.8333000000,0.2098312000
12.5200000000,614.6667000000,0.2101955000
12.5400000000,618.1667000000,0.2105198000
12.5600000000,619.1667000000,0.2108440000
12.5800000000,621.8333000000,0.2111702000
12.6000000000,625.0000000000,0.2114944000
12.6200000000,628.0000000000,0.2118587000
12.6400000000,630.5000000000,0.2121830000
12.6600000000,631.8333000000,0.2125072000
12.6800000000,633.3333000000,0.2128735000
12.7000000000,635.3333000000,0.2131977000
12.7200000000,637.6667000000,0.2135220000
12.7400000000,640.5000000000,0.2138863000
12.7600000000,643.6667000000,0.2142105000
12.7800000000,646.3333000000,0.2145348000
12.8000000000,650.3333000000,0.2148590000
12.8200000000,654.0000000000,0.2151852000
12.8400000000,656.3333000000,0.2155094000
12.8600000000,657.6667000000,0.2158737000
12.8800000000,660.8333000000,0.2161980000
12.9000000000,663.5000000000,0.2165222000
12.9200000000,666.0000000000,0.2168465000
12.9400000000,669.1667000000,0.2171707000
12.9600000000,672.1667000000,0.2174969000
12.9800000000,675.1667000000,0.2178612000
13.0000000000,678.1667000000,0.2181854000
13.0200000000,681.3333000000,0.2185097000
13.0400000000,684.5000000000,0.2188740000
13.0600000000,687.0000000000,0.2192001000
13.0800000000,689.3333000000,0.2195244000
13.1000000000,693.1667000000,0.2198486000
13.1200000000,696.6667000000,0.2202129000
13.1400000000,698.6667000000,0.2205372000
13.1600000000,700.8333000000,0.2208614000
13.1800000000,701.6667000000,0.2211857000
13.2000000000,702.0000000000,0.2215118000
13.2200000000,703.8333000000,0.2218361000
13.2400000000,707.5000000000,0.2222004000
13.2600000000,711.0000000000,0.2225246000
13.2800000000,712.1667000000,0.2228489000
13.3000000000,715.5000000000,0.2231731000
13.3200000000,719.6667000000,0.2235394000
13.3400000000,723.8333000000,0.2238636000
13.3600000000,726.8333000000,0.2241879000
13.3800000000,731.6667000000,0.2245522000
13.4000000000,734.8333000000,0.2248764000
13.4200000000,736.8333000000,0.2252007000
13.4400000000,738.8333000000,0.2255249000
13.4600000000,742.8333000000,0.2258511000
13.4800000000,746.1667000000,0.2262154000
13.5000000000,749.8333000000,0.2265396000
13.5200000000,753.3333000000,0.2268639000
13.5400000000,756.1667000000,0.2271881000
13.5600000000,757.5000000000,0.2275124000
13.5800000000,759.1667000000,0.2278366000
13.6000000000,761.6667000000,0.2281628000
13.6200000000,764.5000000000,0.2285271000
13.6400000000,767.3333000000,0.2288513000
13.6600000000,769.5000000000,0.2291756000
13.6800000000,774.0000000000,0.2295399000
13.7000000000,777.0000000000,0.2298660000
13.7200000000,778.6667000000,0.2301903000
13.7400000000,780.1667000000,0.2305145000
13.7600000000,783.3333000000,0.2308388000
13.7800000000,786.0000000000,0.2312031000
13.8000000000,788.5000000000,0.2315273000
13.8200000000,791.1667000000,0.2318516000
13.8400000000,794.6667000000,0.2321777000
13.8600000000,798.8333000000,0.2325020000
13.8800000000,803.6667000000,0.2328262000
13.9000000000,806.1667000000,0.2331505000
13.9200000000,808.1667000000,0.2334747000
13.9400000000,810.5000000000,0.2338390000
13.9600000000,813.6667000000,0.2341633000
13.9800000000,816.3333000000,0.2344875000
14.0000000000,818.6667000000,0.2348137000
14.0200000000,821.0000000000,0.2351780000
14.0400000000,823.3333000000,0.2355022000
14.0600000000,826.3333000000,0.2358265000
14.0800000000,828.8333000000,0.2361927000
14.1000000000,830.8333000000,0.2365170000
14.1200000000,833.6667000000,0.2368412000
14.1400000000,837.3333000000,0.2371655000
14.1600000000,841.8333000000,0.2374897000
14.1800000000,848.1667000000,0.2378139000
14.2000000000,850.3333000000,0.2381382000
14.2200000000,851.5000000000,0.2385025000
14.2400000000,852.5000000000,0.2388287000
14.2600000000,854.1667000000,0.2391529000
14.2800000000,856.0000000000,0.2394772000
14.3000000000,859.0000000000,0.2398014000
14.3200000000,862.8333000000,0.2401657000
14.3400000000,867.5000000000,0.2404900000
14.3600000000,873.0000000000,0.2408142000
14.3800000000,875.8333000000,0.2411804000
14.4000000000,876.5000000000,0.2415047000
14.4200000000,878.6667000000,0.2418289000
14.4400000000,881.6667000000,0.2421532000
14.4600000000,884.1667000000,0.2424774000
14.4800000000,885.5000000000,0.2428436000
14.5000000000,888.0000000000,0.2431679000
14.5200000000,893.1667000000,0.2434921000
14.5400000000,898.3333000000,0.2438164000
14.5600000000,900.5000000000,0.2441406000
14.5800000000,901.3333000000,0.2444649000
14.6000000000,902.1667000000,0.2448292000
14.6200000000,904.6667000000,0.2451553000
14.6400000000,907.3333000000,0.2454796000
14.6600000000,909.1667000000,0.2458439000
14.6800000000,912.3333000000,0.2461681000
14.7000000000,917.0000000000,0.2464924000
14.7200000000,921.0000000000,0.2468586000
14.7400000000,924.6667000000,0.2471828000
14.7600000000,928.0000000000,0.2475071000
14.7800000000,929.5000000000,0.2478313000
14.8000000000,932.3333000000,0.2481956000
14.8200000000,937.3333000000,0.2485199000
14.8400000000,941.6667000000,0.2488441000
14.8600000000,943.5000000000,0.2491703000
14.8800000000,943.6667000000,0.2494946000
14.9000000000,946.8333000000,0.2498188000
14.9200000000,950.5000000000,0.2501831000
14.9400000000,953.5000000000,0.2505074000
14.9600000000,955.3333000000,0.2508316000
14.9800000000,957.3333000000,0.2511978000
15.0000000000,961.8333000000,0.2515221000
15.0200000000,966.1667000000,0.2518463000
15.0400000000,968.3333000000,0.2522106000
15.0600000000,968.8333000000,0.2525349000
15.0800000000,970.0000000000,0.2528591000
15.1000000000,972.6667000000,0.2531834000
15.1200000000,975.5000000000,0.2535496000
15.1400000000,979.5000000000,0.2538738000
15.1600000000,984.6667000000,0.2541981000
15.1800000000,988.6667000000,0.2545223000
15.2000000000,991.6667000000,0.2548466000
15.2200000000,995.5000000000,0.2551708000
15.2400000000,998.6667000000,0.2555370000
15.2600000000,1000.3330000000,0.2558613000
15.2800000000,1001.3330000000,0.2561855000
15.3000000000,1004.5000000000,0.2565098000
15.3200000000,1007.3330000000,0.2568741000
15.3400000000,1009.8330000000,0.2571983000
15.3600000000,1012.1670000000,0.2575245000
15.3800000000,1015.3330000000,0.2578888000
15.4000000000,1018.3330000000,0.2582130000
15.4200000000,1020.8330000000,0.2585373000
15.4400000000,1023.0000000000,0.2588615000
15.4600000000,1025.5000000000,0.2591858000
15.4800000000,1030.0000000000,0.2595520000
15.5000000000,1034.1670000000,0.2598763000
15.5200000000,1037.3330000000,0.2602005000
15.5400000000,1040.1670000000,0.2605247000
15.5600000000,1043.0000000000,0.2608490000
15.5800000000,1045.3330000000,0.2611732000
15.6000000000,1050.0000000000,0.2615395000
15.6200000000,1054.8330000000,0.2618637000
15.6400000000,1058.5000000000,0.2621880000
15.6600000000,1060.6670000000,0.2625122000
15.6800000000,1062.0000000000,0.2628765000
15.7000000000,1063.8330000000,0.2632008000
15.7200000000,1065.8330000000,0.2635250000
15.7400000000,1068.5000000000,0.2638512000
15.7600000000,1071.8330000000,0.2642155000
15.7800000000,1076.1670000000,0.2645397000
15.8000000000,1081.8330000000,0.2648640000
15.8200000000,1084.5000000000,0.2651882000
15.8400000000,1085.3330000000,0.2655125000
15.8600000000,1086.0000000000,0.2658367000
15.8800000000,1088.3330000000,0.2661610000
15.9000000000,1091.1670000000,0.2665272000
15.9200000000,1094.8330000000,0.2668514000
15.9400000000,1098.8330000000,0.2671757000
15.9600000000,1103.3330000000,0.2674999000
15.9800000000,1108.0000000000,0.2678642000
16.0000000000,1111.8330000000,0.2681904000
16.0200000000,1114.0000000000,0.2685146000
16.0400000000,1116.1670000000,0.2688389000
16.0600000000,1118.6670000000,0.2692032000
16.0800000000,1121.5000000000,0.2695274000
16.1000000000,1124.5000000000,0.2698517000
16.1200000000,1127.1670000000,0.2701759000
16.1400000000,1130.0000000000,0.2705021000
16.1600000000,1134.0000000000,0.2708664000
16.1800000000,1139.5000000000,0.2711906000
16.2000000000,1143.0000000000,0.2715149000
16.2200000000,1144.5000000000,0.2718391000
16.2400000000,1146.5000000000,0.2721634000
16.2600000000,1149.1670000000,0.2724876000
16.2800000000,1152.3330000000,0.2728138000
16.3000000000,1155.5000000000,0.2731781000
16.3200000000,1158.0000000000,0.2735023000
16.3400000000,1160.3330000000,0.2738266000
16.3600000000,1163.8330000000,0.2741508000
16.3800000000,1168.8330000000,0.2745171000
16.4000000000,1172.5000000000,0.2748413000
16.4200000000,1173.5000000000,0.2751656000
16.4400000000,1176.0000000000,0.2754898000
16.4600000000,1180.3330000000,0.2758141000
16.4800000000,1185.0000000000,0.2761784000
16.5000000000,1187.5000000000,0.2765026000
16.5200000000,1189.8330000000,0.2768288000
16.5400000000,1193.5000000000,0.2771530000
16.5600000000,1197.5000000000,0.2774773000
16.5800000000,1200.1670000000,0.2778015000
16.6000000000,1201.8330000000,0.2781658000
16.6200000000,1205.6670000000,0.2784901000
16.6400000000,1209.0000000000,0.2788143000
16.6600000000,1211.6670000000,0.2791386000
16.6800000000,1214.0000000000,0.2795048000
16.7000000000,1216.3330000000,0.2798290000
16.7200000000,1218.8330000000,0.2801533000
16.7400000000,1223.0000000000,0.2804775000
16.7600000000,1227.1670000000,0.2808418000
16.7800000000,1230.0000000000,0.2811680000
16.8000000000,1231.6670000000,0.2814922000
16.8200000000,1236.6670000000,0.2818165000
16.8400000000,1241.0000000000,0.2821407000
16.8600000000,1243.6670000000,0.2825050000
16.8800000000,1245.3330000000,0.2828293000
16.9000000000,1249.0000000000,0.2831535000
16.9200000000,1252.6670000000,0.2834797000
16.9400000000,1256.8330000000,0.2838039000
16.9600000000,1261.3330000000,0.2841682000
16.9800000000,1265.6670000000,0.2844925000
17.0000000000,1268.8330000000,0.2848167000
17.0200000000,1272.3330000000,0.2851830000
17.0400000000,1274.8330000000,0.2855072000
17.0600000000,1276.6670000000,0.2858315000
17.0800000000,1278.1670000000,0.2861958000
17.1000000000,1280.6670000000,0.2865200000
17.1200000000,1286.0000000000,0.2868443000
17.1400000000,1290.1670000000,0.2871685000
17.1600000000,1292.3330000000,0.2874947000
17.1800000000,1293.3330000000,0.2878590000
17.2000000000,1295.5000000000,0.2881832000
17.2200000000,1297.3330000000,0.2885075000
17.2400000000,1298.8330000000,0.2888317000
17.2600000000,1302.3330000000,0.2891560000
17.2800000000,1307.5000000000,0.2895222000
17.3000000000,1312.5000000000,0.2898464000
17.3200000000,1316.5000000000,0.2901707000
17.3400000000,1321.8330000000,0.2905350000
17.3600000000,1325.8330000000,0.2908592000
17.3800000000,1327.8330000000,0.2911835000
17.4000000000,1329.3330000000,0.2915096000
17.4200000000,1332.6670000000,0.2918739000
17.4400000000,1337.0000000000,0.2921982000
17.4600000000,1341.6670000000,0.2925224000
17.4800000000,1346.0000000000,0.2928467000
17.5000000000,1349.1670000000,0.2931709000
17.5200000000,1353.1670000000,0.2935371000
17.5400000000,1355.8330000000,0.2938614000
17.5600000000,1357.1670000000,0.2941856000
17.5800000000,1358.6670000000,0.2945099000
17.6000000000,1362.5000000000,0.2948341000
17.6200000000,1366.3330000000,0.2951984000
17.6400000000,1369.5000000000,0.2955227000
17.6600000000,1372.5000000000,0.2958488000
17.6800000000,1375.3330000000,0.2962132000
17.7000000000,1377.6670000000,0.2965374000
17.7200000000,1381.0000000000,0.2968616000
17.7400000000,1384.3330000000,0.2971859000
17.7600000000,1387.3330000000,0.2975521000
17.7800000000,1390.3330000000,0.2978764000
17.8000000000,1393.8330000000,0.2982006000
17.8200000000,1397.5000000000,0.2985249000
17.8400000000,1400.5000000000,0.2988491000
17.8600000000,1403.8330000000,0.2991734000
17.8800000000,1407.8330000000,0.2994976000
17.9000000000,1412.8330000000,0.2998638000
17.9200000000,1416.8330000000,0.3001881000
17.9400000000,1419.1670000000,0.3005123000
17.9600000000,1421.5000000000,0.3008366000
17.9800000000,1424.3330000000,0.3012009000
18.0000000000,1427.5000000000,0.3015251000
18.0200000000,1431.1670000000,0.3018494000
18.0400000000,1433.3330000000,0.3022156000
18.0600000000,1435.3330000000,0.3025398000
18.0800000000,1438.1670000000,0.3028641000
18.1000000000,1442.1670000000,0.3031883000
18.1200000000,1447.0000000000,0.3035126000
18.1400000000,1451.3330000000,0.3038788000
18.1600000000,1454.3330000000,0.3042030000
18.1800000000,1457.5000000000,0.3045273000
18.2000000000,1462.0000000000,0.3048515000
18.2200000000,1465.0000000000,0.3051758000
18.2400000000,1466.3330000000,0.3055000000
18.2600000000,1469.1670000000,0.3058643000
18.2800000000,1473.6670000000,0.3061905000
18.3000000000,1479.5000000000,0.3065147000
18.3200000000,1482.8330000000,0.3068390000
18.3400000000,1484.5000000000,0.3072033000
18.3600000000,1486.8330000000,0.3075275000
18.3800000000,1489.6670000000,0.3078518000
18.4000000000,1492.1670000000,0.3081760000
18.4200000000,1495.6670000000,0.3085423000
18.4400000000,1499.3330000000,0.3088665000
18.4600000000,1503.0000000000,0.3091908000
18.4800000000,1506.8330000000,0.3095150000
18.5000000000,1510.8330000000,0.3098392000
18.5200000000,1513.8330000000,0.3101635000
18.5400000000,1516.5000000000,0.3104877000
18.5600000000,1519.3330000000,0.3108540000
18.5800000000,1522.5000000000,0.3111782000
18.6000000000,1526.0000000000,0.3115025000
18.6200000000,1529.1670000000,0.3118267000
18.6400000000,1532.0000000000,0.3121910000
18.6600000000,1536.5000000000,0.3125153000
18.6800000000,1541.6670000000,0.3128414000
18.7000000000,1545.5000000000,0.3131657000
18.7200000000,1546.6670000000,0.3135300000
18.7400000000,1549.1670000000,0.3138542000
18.7600000000,1553.3330000000,0.3141785000
18.7800000000,1558.0000000000,0.3145027000
18.8000000000,1562.5000000000,0.3148270000
18.8200000000,1565.0000000000,0.3151531000
18.8400000000,1568.6670000000,0.3154774000
18.8600000000,1573.1670000000,0.3158417000
18.8800000000,1577.1670000000,0.3161659000
18.9000000000,1579.5000000000,0.3164902000
18.9200000000,1580.5000000000,0.3168144000
18.9400000000,1583.3330000000,0.3171387000
18.9600000000,1587.3330000000,0.3175049000
18.9800000000,1591.1670000000,0.3178291000
19.0000000000,1593.8330000000,0.3181534000
19.0200000000,1596.0000000000,0.3184776000
19.0400000000,1599.1670000000,0.3188419000
19.0600000000,1602.3330000000,0.3191681000
19.0800000000,1605.3330000000,0.3194923000
19.1000000000,1608.1670000000,0.3198166000
19.1200000000,1612.3330000000,0.3201809000
19.1400000000,1617.0000000000,0.3205051000
19.1600000000,1621.0000000000,0.3208294000
19.1800000000,1624.6670000000,0.3211536000
19.2000000000,1628.1670000000,0.3214779000
19.2200000000,1630.6670000000,0.3218040000
19.2400000000,1634.6670000000,0.3221283000
19.2600000000,1638.6670000000,0.3224926000
19.2800000000,1642.0000000000,0.3228168000
19.3000000000,1645.0000000000,0.3231411000
19.3200000000,1648.6670000000,0.3235073000
19.3400000000,1651.0000000000,0.3238316000
19.3600000000,1653.6670000000,0.3241558000
19.3800000000,1657.1670000000,0.3245201000
19.4000000000,1661.3330000000,0.3248444000
19.4200000000,1665.0000000000,0.3251686000
19.4400000000,1665.0000000000,0.3255749000
19.4600000000,1568.0000000000,0.3258991000
19.4800000000,1169.3330000000,0.3262234000
19.5000000000,534.6667000000,0.3265476000
